(-1, -0.5568057467290325)
(0, -0.06677095421885251)
(-1, -0.29360852840289486)
(1, 0.3044748853590122)
(-1, -0.32312076017873825)
(0, -0.11423046863979958)
(0, -0.03871879892197175)
(0, 0.12979084715843422)
(0, 0.01906804991750191)
(0, -0.18301804815192646)
(0, 0.08797949387424403)
(0, 0.03702220430704756)
(0, 0.04260779931148548)
(0, -0.06765460210613114)
(1, 0.5473189484706958)
(-1, -0.26968625917454114)
(0, 0.08620556088966663)
(1, 0.5744925751015941)
(-1, -0.30764081722051484)
(-1, -0.7210936784687818)
(0, -0.04557199811762544)
(0, 0.2533775402405613)
(0, 0.012901459934682336)
(0, 0.4634742413449385)
(0, -0.006757968033101719)
(0, 0.06398649512289721)
