(-1, -0.9983445007816646)
(-1, -0.06530214087942143)
(0, 0.07480833111691046)
(-1, -0.7940188315017667)
(1, 0.1513844874214087)
(1, 0.6244460302086301)
(-1, -0.01211260350512161)
(1, 0.01711701305285468)
(0, 0.16215013010690085)
(-1, -0.9867714084808464)
(0, -0.27664687993113946)
(1, 0.7673561096944937)
(1, 0.5764950424592438)
(1, 0.4995376072413621)
(1, 0.42033467140321895)
(-1, -0.24181654329625452)
(-1, -0.7464546175240275)
(-1, -0.7026154818074555)
(1, 0.45169705293906587)
(-1, -0.9870948316128636)
(1, 0.4968900948338355)
(-1, -0.053574216289864696)
(0, 0.1444285904829882)
(-1, -0.9358699309913315)
(-1, -0.4133432393444869)
(-1, -0.6602470157211421)
(0, -0.020615755274742104)
(1, 0.15583470565572413)
(0, -0.06395753648080932)
(1, 0.1775527426564834)
(1, 0.6610205667184756)
(0, 0.07541862891057968)
(-1, -0.10938016496146236)
(-1, -0.6241466524767811)
(1, 0.3009757852012821)
(-1, -0.29358370634643693)
(1, 0.228044381296868)
