(-1, -0.4238175939758998)
(0, -0.0805621219996358)
(-1, -0.21747154355146014)
(-1, -0.8343248266256837)
(-1, -0.7104242817387205)
(1, 0.5608544942233666)
(1, 0.9870220655197327)
(0, -0.10591798024388492)
(-1, -0.18856419942898928)
(-1, -0.18877718222451756)
(0, 0.1569947715795673)
(-1, -0.8373075562824221)
(1, 0.7007601253528771)
(0, -0.20064581643057414)
(1, 0.6592776308435196)
(1, 0.5143739461073169)
(1, 0.637333343713183)
(0, -0.09595953474721763)
(-1, -0.6463135027887232)
(1, 0.982611185450001)
(1, 0.8954610938747756)
(0, 0.00742114253761568)
(1, 0.9658505479335405)
(1, 0.5923492077432884)
(1, 0.4054117345084224)
(0, 0.027652457691728805)
(1, 0.8683920186343862)
(0, 0.18013426156049842)
(-1, -0.6803985367931186)
(1, 0.6552932069144359)
(1, 0.9818742038630535)
(-1, -0.13088095670637345)
(0, 0.29684107415889693)
(1, 0.3666175793634049)
(-1, -0.5381102625462232)
(1, 0.3566767788094851)
(-1, -0.9267747829968015)
(-1, -0.7979899049607648)
(0, -0.16380397641274821)
(0, -0.1454618895051146)
(-1, -0.7421514049848696)
(-1, -0.9960313134623775)
(-1, -0.7462122524454621)
(-1, -0.6607136242020352)
(-1, -0.9739025113592154)
(-1, -0.816871344541679)
(-1, -0.1847941612341762)
(-1, -0.5185178421209796)
(-1, -0.5744600222946714)
(0, 0.10068880139277132)
(1, 0.9266062780501022)
(0, -0.047962887258767045)
(-1, -0.40583681535779015)
(-1, -0.8846531205149853)
(-1, -0.8702449761300908)
(0, 0.009185896001297884)
(-1, -0.11304160636162242)
(-1, -0.8148592678930054)
(-1, -0.8917163491793894)
(1, 0.2520389167453873)
(-1, -0.46138780697291015)
(1, 0.4393637333796065)
(1, 0.8934883901802682)
(0, -0.20072982909657125)
(0, -0.0008546522474946194)
(0, 0.028641024695913425)
(0, -0.01510024096907557)
(-1, -0.2634001779214242)
(1, 0.6735184557520449)
(0, -0.031142433742134185)
(0, -0.4583775117121754)
(0, 0.12960851829684256)
(1, 0.730489403415943)
(-1, -0.41934630514213983)
(0, 0.3028265086607044)
(-1, -0.8063930618335813)
(1, 0.4176510019023155)
(0, -0.10857667904573871)
(-1, -0.7217190899097763)
(1, 0.6582885857530907)
