(1, 0.6368706240988613)
(0, -0.2603433273228186)
(1, 0.3430067777432143)
(1, 0.866365644628421)
(0, -0.030665350580089568)
(1, 0.6874963700704259)
(1, 0.1244915319282976)
(1, 0.8455676006391545)
(-1, -0.22803042307751598)
(0, -0.2137545739211306)
(-1, -0.29305463706231427)
(0, 0.18104352273901378)
(1, 0.77184561157329)
(0, 0.3080478951919387)
(1, 0.7278519639352878)
(0, -0.0006574898237496074)
(-1, -0.024581501107079906)
(1, 0.5320686536634471)
(1, 0.11878241013468527)
(1, 0.6749874673833909)
(-1, -0.2819122182766595)
(1, 0.9497720193791559)
(-1, -0.431913819625624)
(1, 0.7468809409363104)
(1, 0.984713053879959)
(1, 0.30152111714441115)
(0, -0.027493685035940074)
(1, 0.9232188441120402)
(1, 0.16943175507659314)
