(1, 0.6733909040966577)
(-1, -0.5177425816260443)
(1, 0.636711206816598)
(0, -0.007035603916548741)
(0, 0.032552847471378224)
(0, 0.008800933881339498)
(1, 0.22350120754092498)
(1, 0.5567212472450069)
(1, 0.8635101278962092)
(0, -0.13309285651927583)
(1, 0.8985305552878626)
(0, 0.004288957769681325)
(0, -0.15341635788219624)
(0, 0.034891704410051995)
(0, 0.4381683885648049)
(0, 0.010206184894837805)
(0, -0.11297720620568369)
(0, 0.09839926790619015)
(0, -0.0790935154289104)
(0, -0.14019010227345313)
(0, 0.22430060127393586)
(0, -0.017313844046775856)
(0, 0.04435004754793247)
(0, 0.13304954403998773)
(0, -0.2435077037046961)
(0, -0.3718999795745462)
(0, 0.027663654348434874)
(0, -0.2729427302591286)
(0, -0.08297516142851519)
(0, 0.40864809599971097)
(0, 0.01984005101616111)
(0, -0.04473540204546412)
(0, -0.01778464950818935)
(0, 0.002304838340536408)
(1, 0.6392252648173575)
(0, -0.15631418599717883)
(0, -0.12005369197286112)
(0, -0.0816338693763243)
(0, -0.1057522045136862)
(0, -0.07061660786919399)
(0, 0.37724634862352957)
(-1, -0.25444878794180026)
(0, -0.09714861375081499)
(-1, -0.2514565600701078)
(-1, -0.4756203863688886)
(0, 0.09569907851998055)
(0, -0.11790361070809995)
(1, 0.2711728893071621)
(1, 0.14587389583652216)
(-1, -0.6019505313978071)
(-1, -0.43022009967082003)
(0, -0.009858421760582478)
(1, 0.7032739872581406)
(0, 0.09113933942543885)
(0, 0.058164554474263455)
(1, 0.18453817563266847)
(-1, -0.6040202207934502)
(-1, -0.8310067629144354)
(1, 0.7596049597385716)
(0, -0.12285908044070548)
(1, 0.14671285219181718)
(0, -0.14530469584866998)
(0, 0.020976260192016316)
(0, -0.04584658782764743)
(0, 0.09242604888338465)
(0, -0.006337704342868962)
