(-1, -0.9231572222630695)
(1, 0.9252120049221683)
(-1, -0.9073004201500335)
(-1, -0.9326295549745857)
(0, -0.21434562613514438)
(-1, -0.92449561427261)
(1, 0.39428502768181184)
(-1, -0.6540716401429013)
(-1, -0.5081582469504597)
(-1, -0.11575671566085555)
(0, -0.1617824687299582)
(-1, -0.4038219216075952)
(-1, -0.597618265653489)
(0, 0.031145568709272875)
(1, 0.8282676676967728)
(0, 0.3187965432638589)
(0, -0.060475786862481)
(0, 0.03562742770938038)
(0, -0.2729302571671959)
(-1, -0.7060550630053664)
