(0, -0.12651037239543197)
(1, 0.32974264602904746)
(0, -0.03402767432072967)
(1, 0.34691929916087744)
(0, 0.10914797787080967)
(-1, -0.2926854985935092)
(0, 0.016902084268597822)
(0, -0.3294638611283838)
(-1, -0.4363535903294511)
(1, 0.6220221992885709)
(0, 0.0012086894831238593)
(0, -0.13247796956844496)
(0, -0.12306383096595222)
(0, -0.15542686216653576)
(0, -0.21224879101917363)
(-1, -0.5025039877815412)
(0, 0.3922147088516887)
(0, 0.12357418966319961)
(0, 0.05429692065537667)
(1, 0.7984963686958526)
(0, 0.11698234425364798)
(-1, -0.1745960061149155)
(0, 0.008459385742896064)
(0, -0.07115341492518548)
(-1, -0.7810063404357567)
(1, 0.5633089336638926)
(0, -0.029325444061609113)
(0, -0.18685852750309634)
(0, -0.08427129247956748)
(0, -0.1956585777080492)
(-1, -0.3880485886796045)
(0, -0.011494839682860934)
(0, 0.10442384212948243)
(0, 0.173917658390401)
(1, 0.5612356100876117)
(0, 0.043308021760316756)
(0, 0.019808518533055985)
(1, 0.9299617536565403)
(1, 0.35705323788841803)
(1, 0.3602202352430811)
(1, 0.465071686029694)
(1, 0.5084017083320724)
(0, -0.27048961256464155)
(1, 0.6660033903301004)
(0, -0.3333274244506378)
(0, -0.024987529351612997)
(1, 0.26064030857383635)
(0, 0.04685838660097341)
