(-1, -0.20777041963680948)
(1, 0.10513856894691692)
(-1, -0.35766404913341954)
(0, 0.010265356043863277)
(-1, -0.5880588072031817)
(-1, -0.6175031235712652)
(1, 0.21156291859228465)
(1, 0.43923466402063793)
(1, 0.8375895914835423)
(1, 0.22779291394236625)
(-1, -0.13483375537350584)
(-1, -0.4508891260182337)
(1, 0.07852505794369707)
(-1, -0.9981033102958337)
(-1, -0.9883065600756389)
(-1, -0.0994376463342746)
(0, 0.35025461118591805)
(-1, -0.9988367269070237)
(-1, -0.33514247655018486)
(-1, -0.8225085910529634)
(1, 0.7792481717005107)
(0, 0.09924302995852435)
(-1, -0.25645545821658405)
(-1, -0.9499487965039674)
(-1, -0.917626437433775)
(-1, -0.8331088701192082)
(1, 0.0495144423964754)
(1, 0.06232931779163081)
(-1, -0.7287774882174147)
(0, 0.04864639164074021)
(-1, -0.6612069364604365)
(1, 0.29370557072838926)
(1, 0.6764376629427824)
(0, -0.2999268260371346)
(-1, -0.8818896696190065)
(-1, -0.9560234049047385)
(-1, -0.3626129069558566)
(-1, -0.9674454404621805)
(1, 0.9594480830498439)
(0, -0.10370689718613751)
(1, 0.6409279899024599)
(1, 0.8691329227555145)
(0, -0.011322828509141403)
(1, 0.997757649535269)
(0, 0.12182334998733318)
(0, -0.07231421455614717)
(-1, -0.9498612580409563)
(1, 0.6395716017716708)
(0, 0.2418280130491976)
(0, -0.06765460210613114)
(1, 0.9283402546528567)
(-1, -0.17648099108466891)
(1, 0.957946287587332)
(-1, -0.27409674883517143)
(-1, -0.7891418198299989)
(-1, -0.20354070531791696)
(-1, -0.38124209434212564)
(0, -0.004556855897418003)
(0, -0.15646224820587498)
