(0, 0.03532045494063713)
(0, -0.009282428154433137)
(-1, -0.8455007005086539)
(-1, -0.7148747810043317)
(0, 0.07124023621780867)
(0, -0.1648711983681881)
(0, -0.06765460210613114)
(0, 0.09826681854196327)
(-1, -0.7778788130785718)
(-1, -0.6854799022346422)
(1, 0.4321300079764741)
(1, 0.4391275394889702)
(0, -0.024053641900546596)
(-1, -0.32863708045291007)
(-1, -0.6954102303399381)
(-1, -0.6736021008808469)
(0, -0.01879677494472423)
(-1, -0.624773978179558)
(0, 0.2882782712420542)
(-1, -0.8026898895268073)
(-1, -0.6357945177599742)
(1, 0.36160517155844885)
(-1, -0.8457488012414461)
(-1, -0.9620020644440813)
(1, 0.3501168696267565)
(-1, -0.4842758470878008)
(0, -0.14882862990762363)
(0, -0.013985710605185678)
(0, -0.17907989092271062)
(0, 0.030849828414709325)
(0, -0.07612416925743307)
(1, 0.6881752721481234)
(0, -0.09675302648823715)
(-1, -0.6645500678981595)
(-1, -0.9106466411562801)
(0, -0.35991033335766903)
(-1, -0.8758386317486666)
(0, 0.029480506382706762)
(0, -0.0631818631255304)
(0, -0.13475509831942079)
(0, -0.13822045532885166)
(-1, -0.979611493607342)
(-1, -0.8002931654738898)
(0, -0.030265016495677144)
(-1, -0.5553652482373188)
(0, -0.03634591044503928)
(0, 0.013104023192637315)
(-1, -0.896434185265903)
(-1, -0.9916786218961084)
(-1, -0.6188105716412682)
(1, 0.46059276392715315)
(0, -0.06150037706763909)
(1, 0.3019125571429491)
(0, -0.17667378312370963)
(-1, -0.8582816710698347)
(1, 0.7046929413073609)
(0, -0.06864678823505044)
(-1, -0.7784897503968735)
(-1, -0.9466069664996173)
(-1, -0.6920596933458518)
(-1, -0.06694634351779133)
(0, 0.004944140041669098)
(0, 0.00800318841752684)
(0, 0.2788403540393283)
(-1, -0.9995571052230185)
(-1, -0.9897378785869133)
(0, 0.00230309473523177)
(1, 0.4676745000646444)
(0, 0.004898077969010456)
(0, 0.004022066453288698)
(-1, -0.8920066368609447)
(-1, -0.01799231740438001)
(0, -0.3480541433552399)
(-1, -0.5184920597658724)
(1, 0.8516618314290137)
(-1, -0.1041367396076543)
(0, -0.10093519785224166)
(-1, -0.9072976397033868)
(-1, -0.9527988065959699)
(-1, -0.6244644955323069)
(1, 0.3997515073721239)
(-1, -0.01024725794382203)
(1, 0.6870479852212018)
(-1, -0.6710946573083307)
(0, -0.09674052167646188)
