(0, 0.1452041955348134)
(0, 0.34053478832750655)
(1, 0.566930097742609)
(1, 0.93005940766083)
(1, 0.39891877187603275)
(1, 0.9533377199214392)
(1, 0.826446067783712)
(0, 0.1304099542538762)
(0, -0.1549298499989718)
(0, -0.00763750785973813)
(0, -0.09663619443353177)
(1, 0.32223903950001664)
(0, -0.00554944109858567)
(1, 0.3415649191451063)
(1, 0.7804843273231562)
(1, 0.9433741213035078)
(1, 0.8724629976666195)
(-1, -0.25989831843777406)
(-1, -0.039951999426412976)
(1, 0.7968702211575966)
(1, 0.9866331124474519)
(1, 0.0016856081348635699)
(0, 0.3482673111621062)
(0, -0.07115447301146252)
(0, 0.023136546784394748)
(-1, -0.6528114868187294)
(-1, -0.530850277837787)
(-1, -0.62640608223292)
(0, -0.1345034563542122)
(1, 0.6981060552807654)
(-1, -0.2099315190572736)
(0, 0.10071541091473106)
(1, 0.6864450231807063)
(1, 0.556132825730153)
(-1, -0.3491550565156257)
(1, 0.9067663982365204)
(1, 0.3774337969095247)
(1, 0.1658586358691363)
(1, 0.6723514623142001)
(-1, -0.7959878057988914)
(-1, -0.3721636760224901)
(-1, -0.13573719050508076)
(0, -0.24023249765626714)
(1, 0.5580566755488211)
(0, -0.08797831338583056)
(0, 0.2606791173709067)
(0, 0.03772439538370293)
(0, -0.07652527066272377)
(1, 0.6028227890951574)
(0, 0.052728816927836875)
(1, 0.14071670950060328)
(0, 0.19967004741369943)
(0, 0.09892306358302577)
(-1, -0.4665367509946615)
(0, 0.056831374835512344)
(0, 0.0791391745950556)
(0, 0.033766497417315466)
(0, -0.009875633181833085)
(0, -0.15665494484161474)
(1, 0.25960777294767967)
(1, 0.4890576957712107)
(1, 0.6193905458973468)
(0, 0.05793522443768234)
(1, 0.2827805201832797)
(0, 0.001164402824769567)
(1, 0.3124016006776227)
(1, 0.6673075734885673)
(-1, -0.5061762280129909)
(0, -0.09854734176758181)
(1, 0.5266274651480695)
(0, 0.06168770493871423)
(0, -0.09708991746448054)
(1, 0.7004991567680887)
(0, 0.10751777875726343)
(0, -0.029353320908405478)
(1, 0.18803083027209083)
(1, 0.5812352845517182)
(0, 0.19119533629287108)
(1, 0.5511512215334712)
(1, 0.1594952903255618)
(1, 0.3969462405229869)
(0, 0.3940485357010298)
(1, 0.12835792379237082)
(1, 0.5843462259228219)
(0, -0.09234836320363193)
(1, 0.3955680254105495)
(0, -0.27566414121212346)
(0, 0.04306002767369355)
