(1, 0.6167821787209073)
(-1, -0.7174831225961911)
(1, 0.5868772564364084)
(0, 0.15865972646744897)
(0, 0.3053445468879523)
(0, -0.2270062669212484)
(1, 0.28075927962863434)
(-1, -0.6160614432672756)
(-1, -0.46750523890915324)
(0, 0.01583387841238204)
(1, 0.8065631309000074)
(0, -0.25766870118793933)
(1, 0.67664706309184)
(-1, -0.41554295429124044)
(-1, -0.9834739215292703)
(1, 0.3328775155922753)
(1, 0.5187993675727073)
(-1, -0.09828558499296647)
(0, 0.02615760221453109)
(0, -0.13740262462503025)
(1, 0.5169703266931261)
(1, 0.6418714788458246)
(0, 0.01632660646081372)
(0, -0.010428681035873133)
(1, 0.9404431512017465)
(0, 0.03089823742127021)
(-1, -0.18313311710411484)
(0, -0.017152226299403772)
(0, 0.38108595833914927)
(0, 0.04108279941716122)
(1, 0.8183780799195268)
(0, 0.11118527111295037)
(0, 0.39153960082910977)
(0, -0.02697113435127188)
(0, 0.09264254370222297)
(0, -0.025596860102236038)
(1, 0.4330379250194657)
(0, -0.17950773003421172)
(1, 0.25068776510820684)
(0, 0.11077539909306844)
(0, 0.023650402918858032)
(0, 0.005591979635246155)
(1, 0.3593848594772204)
(0, -0.15834654850014823)
(0, -0.11071794431543665)
(1, 0.0078059995336726695)
(0, -0.0008174774972846133)
(-1, -0.5356073766503114)
(0, 0.20655238407883236)
(0, 0.01606932891595636)
(0, 0.053715195952531776)
(0, -0.018081110415881715)
(0, 0.0248077883510998)
(0, -0.020650625120804816)
(0, 0.10005488694824795)
(0, -0.06107658450372272)
(0, 0.04450535027956182)
(0, -0.1138945812869206)
(0, -0.2862692737508209)
(0, 0.16834784003273048)
(1, 0.721843287924701)
(-1, -0.8047513930162974)
(-1, -0.12182198165567731)
(0, 0.013464772980652295)
(0, 0.10135589412409851)
(1, 0.7934848614906662)
(0, 0.22668799152494806)
(0, -0.046622557418625234)
(-1, -0.5323521609048647)
(0, 0.011739128465082516)
(-1, -0.46807640981684584)
(0, -0.06880417367160409)
(-1, -0.7860261808900073)
(-1, -0.9307014053945073)
(-1, -0.7702690442424759)
(-1, -0.40103133779593086)
(0, -0.14915476784025208)
(-1, -0.7125251622534492)
(1, 0.7180295910136769)
(-1, -0.9258384553089931)
(1, 0.20374311362374603)
(0, -0.06961633416520824)
(-1, -0.6012057443309973)
(-1, -0.3791436258861972)
(1, 0.12150088186391983)
(1, 0.6200024649799319)
(1, 0.9238112673360402)
(0, 0.01897623497198124)
(0, -0.004241101230354635)
(0, 0.18638111583323763)
(1, 0.6050044179044632)
(-1, -0.8569658286867837)
(0, 0.02370611609694595)
(1, 0.739200094373414)
(-1, -0.9845682989707454)
(0, -0.10980045928552414)
(1, 0.5687852601975982)
(1, 0.8082492742822521)
