(-1, -0.3837011014637566)
(-1, -0.8385203051734726)
(-1, -0.9162299317127126)
(0, -0.2602740140061125)
(0, -0.1529426426120905)
(0, 0.035403805583211385)
(0, -0.3701203273521443)
(-1, -0.8112929283636545)
(-1, -0.9888238376437837)
(-1, -0.3144691603331664)
(-1, -0.7335301355225412)
(1, 0.10316337608950771)
(0, -0.004742402595777434)
(0, -0.019175084091486896)
(-1, -0.4497238010399468)
(1, 0.6531718354794462)
(0, 0.054471197969282875)
(1, 0.7535294028320366)
(0, 0.0004159423725279554)
(0, 0.011299975897831466)
(0, 0.2818190368716365)
(1, 0.6910459301941719)
(0, -0.024525889829871583)
(0, 0.0578809897662003)
(0, -0.05257318367019051)
(0, -0.026944592873179976)
(0, 0.08525389662501467)
(-1, -0.703178377705689)
(0, 0.034014807161628025)
(1, 0.1430745346684803)
(-1, -0.7484562898356042)
(1, 0.5305647850076834)
(0, 0.0004159423725279554)
(0, -0.24979454617125596)
(-1, -0.927923137368133)
(0, -0.2700212960038356)
(-1, -0.6506995608160573)
(0, -0.26999840886621485)
(0, -0.44483425141297267)
(0, -0.07881385567790862)
(-1, -0.24471418802004352)
(0, -0.07004191286790326)
(1, 0.2033471156039633)
(0, -0.37504345332300426)
(-1, -0.39693244154780966)
(0, -0.11949783148847556)
(0, -0.22227591596680324)
(-1, -0.9700058384731055)
(1, 0.4197915196670162)
(-1, -0.20874018075933115)
(1, 0.057819474247310265)
(-1, -0.3126116183927972)
(-1, -0.125178928222695)
(-1, -0.3390032038965699)
(0, -0.31839797850451457)
(-1, -0.22355939048993498)
(-1, -0.6942997103839483)
(-1, -0.6107115034032135)
(-1, -0.9140746090894178)
(-1, -0.2823303523051475)
(0, 0.3256286309097398)
(0, -0.054949539006593544)
(-1, -0.9948548022188641)
(-1, -0.9872076574164347)
(0, -0.3353307758582574)
(0, -0.032021644196708936)
(-1, -0.7854368135840357)
(0, -0.11642822529725363)
(-1, -0.6237367076977756)
(-1, -0.23361813985415336)
(0, -0.28809370835158293)
(0, -0.0409007982369195)
