(1, 0.4567926423400729)
(0, -0.30531439752521045)
(1, 0.9529759944487269)
(-1, -0.3733072940334765)
(-1, -0.571315604659382)
(0, -0.00010121079082815732)
(1, 0.5265135442027031)
(-1, -0.4883245465813256)
(1, 0.46931166189561224)
(1, 0.49377307698342304)
(-1, -0.5749930766076672)
(-1, -0.9677491760148409)
(-1, -0.040212561602292474)
(-1, -0.9823165419389113)
(-1, -0.9801889565923125)
(0, -0.23547990905283286)
(1, 0.46914132596382313)
(-1, -0.1392933759462719)
(-1, -0.5932446175357523)
(-1, -0.29162268459267027)
(1, 0.48892472019267014)
(0, 0.3211779570754597)
(1, 0.19465610016087792)
(-1, -0.46671322330065523)
(-1, -0.9054644467957557)
(1, 0.4336629659125899)
(1, 0.6001465598004494)
(1, 0.28903723487759747)
(0, -0.045433200937655294)
(-1, -0.7756000356074291)
(0, -0.106388497465658)
(-1, -0.5159148702073711)
(0, -0.002188191485240465)
