(0, 0.008169961809797307)
(0, -0.04745720788841429)
(1, 0.16523455137347237)
(0, -0.2277575331779637)
(0, -0.22606053483042668)
(0, -0.014476159321580986)
(1, 0.6388366220504387)
(-1, -0.20005720300887953)
(1, 0.7854634005747528)
(-1, -0.8164855670946829)
(-1, -0.8774908708233431)
(1, 0.05668611167530835)
(1, 0.8542864172064436)
(1, 0.8978827893786026)
(1, 0.8708334781273824)
(1, 0.5589645917988131)
(0, 0.33109424399639864)
(1, 0.5830059240384842)
(1, 0.8634668266391443)
(0, 0.10743641117231584)
(-1, -0.3629598626579249)
(1, 0.8226940048768219)
(1, 0.6062750462443299)
(0, 0.03719090557508917)
(1, 0.9781531471402827)
(1, 0.5917471732180746)
(-1, -0.5034268268643166)
(-1, -0.5466209013890835)
(1, 0.5046927001014565)
(-1, -0.04241548252224542)
(1, 0.7295917539630287)
(0, -0.27092174458830176)
(-1, -0.9950949540443255)
(-1, -0.7300568034768017)
(0, 0.03562193082419065)
(-1, -0.5302989503727338)
(0, -0.06641930218613494)
(1, 0.12748238968863568)
(0, 0.11470215822556099)
(1, 0.641353559390115)
(0, 0.035319195707782414)
(0, 0.17173672273594062)
(1, 0.5697322983176907)
(-1, -0.12143168629880502)
(0, -0.004122509526623214)
(1, 0.7007054916712298)
(1, 0.47485990619563084)
(0, 0.004186089083735467)
(1, 0.6939982706782889)
(1, 0.7869913931917498)
(1, 0.9699750558317316)
(0, -0.29869865975409815)
(0, 0.042298725856230734)
(-1, -0.2841432756801612)
(0, -0.06765460210613114)
