(1, 0.9930042929734225)
(0, 0.0702731330692176)
(0, 0.2617528116688338)
(0, 0.009466568323576952)
(1, 0.36828086068880816)
(-1, -0.2403768948162454)
(1, 0.59709466467887)
(1, 0.9994960218067419)
(0, -0.03691224100287189)
(1, 0.08686901655086637)
(-1, -0.4755685594183382)
(-1, -0.6480131004238512)
(1, 0.9798931764846912)
(-1, -0.5519694840475675)
(1, 0.588481913629793)
(1, 0.9559917621629688)
(1, 0.5420197742602484)
(1, 0.6180652762492491)
(-1, -0.9867558022867629)
(-1, -0.7289967979260462)
(-1, -0.24595019345158325)
(-1, -0.8126309249642711)
(1, 0.4414201679278957)
(1, 0.5874283938368335)
(0, -0.2740965143691808)
(0, 0.13590134808631749)
(-1, -0.6054706071247166)
(1, 0.9076783175741172)
(1, 0.7610201914593644)
(-1, -0.4933160984881436)
(0, 0.159041611729956)
(-1, -0.03929322930928819)
(0, 0.35661838450046224)
(-1, -0.5323488761028681)
(0, 0.09000795216238303)
(0, -0.02587375282259187)
(0, -0.18446799051052393)
(-1, -0.6330597643216097)
(1, 0.7446788601506394)
(0, 0.2969332202146947)
(0, 0.01985466501746487)
(1, 0.6453086033467329)
(0, -0.009081695551998753)
(0, -0.17452137574404686)
(1, 0.7128249281971084)
(0, -0.32280675413374765)
(1, 0.7826915483873615)
(1, 0.7913232331747952)
(-1, -0.48249053813892523)
(-1, -0.7833105989146446)
(-1, -0.6670669560582142)
(1, 0.3010624584278533)
(1, 0.0010018108605658327)
(1, 0.9901290139819166)
(1, 0.9880360538210534)
(1, 0.9521940861522642)
(1, 0.5806875379336661)
(0, 0.028208031583221167)
(0, -0.1614812939211413)
(1, 0.9962230232685749)
(-1, -0.31050578593814404)
(1, 0.6793581416971409)
(-1, -0.7548040225670966)
(1, 0.5676945806111263)
(-1, -0.5320422945429218)
(-1, -0.6499204853638174)
(0, -0.13746299125886557)
(1, 0.2337619633858939)
(-1, -0.9962218393801524)
(-1, -0.7196482845303883)
(1, 0.9698665546915547)
(0, 0.018747004111664044)
(1, 0.7388136882114994)
(0, 0.25040943353082423)
(0, 0.12272236158226005)
(-1, -0.8987526092759021)
(0, 0.15798473756709336)
(0, 0.013993046150158634)
(0, 0.08524961954943325)
(0, -0.09024989025778868)
(1, 0.8438010895615038)
(-1, -0.797233538817534)
(1, 0.26445447320504456)
(0, 0.1173404332565472)
(1, 0.6397789053732436)
(-1, -0.7407966533975855)
(1, 0.18326605780480298)
(1, 0.6745499971124104)
(1, 0.807804512180524)
(0, 0.4428113858830603)
(0, 0.026993514929589263)
(1, 0.4907002268333021)
(-1, -0.24266378712724415)
(-1, -0.8153631551858722)
(-1, -0.5204456246394293)
(0, 0.23180757233693827)
(0, -0.07485424586768102)
(1, 0.513706174239815)
(0, 0.13351710084157112)
(0, -0.03061127563674962)
(0, -0.0130181021876925)
(-1, -0.4099921231638547)
(0, 0.027690159287948463)
(1, 0.5937031938404561)
(0, -0.01611895169699265)
(0, -0.19634173285421874)
(0, 0.04031944394782447)
(1, 0.921641600495411)
(1, 0.46664835633487817)
(1, 0.4032985099990816)
(1, 0.6950218939300866)
(1, 0.8201896114461507)
(0, 0.04724935912777348)
(-1, -0.72013141306801)
(1, 0.9175780273016325)
(0, 0.05734340443463856)
(1, 0.36331367838775536)
(1, 0.8315438192459947)
(-1, -0.057533907754725555)
(0, -0.01276075954479522)
(0, 0.1540632814135344)
(0, 0.4384344161679142)
(0, 0.117929712245525)
(1, 0.6419927090141055)
