(1, 0.9485564478181169)
(-1, -0.8581766917357536)
(-1, -0.593198188324888)
(1, 0.5779596460474276)
(0, -0.025546845455652972)
(-1, -0.9686269563375396)
(1, 0.7390767398425446)
(0, -0.42213281612311426)
(0, -0.25914508357741695)
(1, 0.33694267607026435)
(0, -0.35175609117562556)
(-1, -0.8541682483026557)
(0, 0.029137442897901544)
(0, 0.05561776037432916)
(0, -0.1590789715668774)
(1, 0.7459411455760883)
(0, -0.05085500439734658)
(1, 0.9805627890049865)
(1, 0.8397596282263192)
(0, -0.010619798378798166)
