(-1, -0.9919395612796684)
(1, 0.8729581730685696)
(0, 0.11864545198489941)
(1, 0.9716939572352088)
(-1, -0.3860596474049707)
(0, -0.21589276761440881)
(-1, -0.1189117289005231)
(1, 0.15563707900025459)
(1, 0.07314370026365113)
(1, 0.8626863451851342)
(0, -0.002876883323658763)
(-1, -0.26437633684809736)
(0, 0.007120902659688445)
(0, -0.2862692737508209)
(1, 0.8012607038739678)
(-1, -0.5420422192101959)
(0, 0.1612737218343918)
(-1, -0.3691614173632149)
(0, 0.14258779334893273)
(0, 0.01847589248429564)
(1, 0.8373976542125439)
(0, -0.0240974436698346)
(-1, -0.14401747155146666)
(-1, -0.6421336591073575)
(1, 0.27522892702561164)
(-1, -0.7077645078891295)
(1, 0.005411904113985899)
(0, 0.01238961629459371)
(-1, -0.7834945187090963)
(-1, -0.7395815382737099)
(1, 0.9876238385318169)
(-1, -0.8057841139720505)
(1, 0.4694060214151682)
(1, 0.7725339016466211)
(1, 0.8208901844468219)
(-1, -0.6086073610297206)
(1, 0.4616675081011892)
(-1, -0.32938993321642307)
(-1, -0.08748939048193255)
(0, 0.08382987088674496)
(1, 0.5694183449699255)
(0, 0.00525304743595232)
(0, -0.07613133306630263)
