(0, 0.018716168260419733)
(0, 0.459329482810637)
(1, 0.857452320965414)
(0, -0.0399879670856252)
(0, 0.009674874577561918)
(0, -0.009548631437913957)
(1, 0.4744612350925676)
(1, 0.3322296186020519)
(1, 0.15976810754267634)
(1, 0.826483916998128)
(0, -0.004861672749445545)
(1, 0.7012349891897961)
(0, -0.10120252156297527)
(1, 0.6168393890864107)
(1, 0.7171927662703915)
(1, 0.7297336488855282)
(0, 0.15713955569413574)
(1, 0.3507995200395057)
(1, 0.9095464468917652)
(1, 0.8236985159166115)
(1, 0.7917237965258831)
(1, 0.8832928719259758)
(-1, -0.370341843090447)
(0, -0.013452828791156335)
(1, 0.9658330661754042)
(1, 0.9285099924062331)
(-1, -0.7464644642560506)
(-1, -0.5250054769460314)
(-1, -0.5632479457693356)
(0, -0.2207617717730675)
(0, -0.2944420226416344)
(-1, -0.13427648236217005)
(-1, -0.8140917649163738)
(0, -0.19689520200519048)
(-1, -0.8912790620278561)
(0, -0.08514745404176177)
(0, 0.14588946570798916)
(0, -0.011581164331152825)
(0, 0.001659862271202175)
(0, 0.007132106184502628)
(0, -0.015562758768872323)
