(0, -0.059134977087321225)
(1, 0.8924212322788259)
(0, -0.04586092078232537)
(-1, -0.8610132134886265)
(0, -0.0032452944878020498)
(0, -0.2181846828234067)
(1, 0.7155754570153227)
(0, 0.010553378482305725)
(0, 0.09141496157352084)
(0, -0.2710312478491697)
(0, -0.01648545210873413)
(0, 0.007539686130347747)
(0, 0.002351763863630202)
(0, 0.006996076544299071)
(0, 0.14975534269938176)
(1, 0.8205955828250571)
(-1, -0.23988200112636027)
(1, 0.717281839847589)
(1, 0.9521807984478542)
(-1, -0.6608806785055427)
(1, 0.12707069508768937)
(-1, -0.869600581495361)
(-1, -0.7546108173200189)
(0, 0.04996892876970663)
(-1, -0.9407159571654813)
(-1, -0.9097972116519641)
(-1, -0.9466980157187928)
(-1, -0.8957145600250612)
(-1, -0.6993098712921704)
(-1, -0.2783062597461785)
(0, -0.1847769219759664)
(-1, -0.11796399242032113)
(0, -0.06905650205413762)
(0, -0.057374222545937575)
(0, 0.12361980270661421)
(0, -0.006149890074759995)
(-1, -0.27855911170187886)
(-1, -0.8918147710963109)
(0, -0.15182066039812697)
(-1, -0.9424773178904021)
(0, -0.03510470490034281)
(-1, -0.07929989905605173)
(-1, -0.38067407041583623)
(0, -0.1252868568168883)
(0, -0.06765460210613114)
