(1, 0.37179854875139695)
(0, -0.04336909782130537)
(1, 0.5018846737725484)
(0, 0.060491836914623585)
(-1, -0.6539544574030276)
(0, 0.14435767552234618)
(0, -0.38289572355544355)
(-1, -0.7225034565980055)
(0, 0.41284588926402493)
(0, 0.30536081087711164)
(0, 0.017298593057241574)
(0, -0.37104516651582686)
(1, 0.7166176834826361)
(0, 0.017414982971839424)
(1, 0.49752430899359756)
(-1, -0.35171810210745924)
(0, 0.1471304443020332)
(-1, -0.8238163647648337)
(0, 0.01126887006490165)
(0, 0.004821796669520227)
