(-1, -0.8235479095322328)
(-1, -0.9486084828822875)
(-1, -0.5304987214194168)
(-1, -0.5565929042861146)
(0, 0.280200244289468)
(1, 0.956781834338326)
(0, 0.03338444812979845)
(1, 0.6633803172973552)
(0, 0.022932792623259556)
(0, 0.05022252700031432)
(1, 0.6451980073844796)
(1, 0.9888576571170363)
(1, 0.7450148040120952)
(0, -0.29355109457247147)
(1, 0.46834469802194534)
(-1, -0.8113276487317941)
(1, 0.8132337948013962)
(1, 0.0027145329552677455)
(1, 0.9456923217890499)
(-1, -0.4266337100136306)
(1, 0.8205124883509031)
(0, 0.26018121043928644)
(0, -0.03367716708876077)
(0, -0.04846448230172524)
(-1, -0.9206660604777042)
(-1, -0.8646292013118798)
(0, -0.20509227126569865)
(-1, -0.9202546949300903)
(1, 0.35004183755317597)
(1, 0.4766503887587506)
(0, -0.20412390598948446)
(-1, -0.2883146137600387)
(0, -0.06079919075241107)
(1, 0.30640001175317083)
(0, -0.03998376680333464)
(1, 0.6000082991346491)
(-1, -0.4913336588635743)
(0, 0.002055224025239777)
(0, -0.3351908460905135)
(-1, -0.6068689270571799)
(-1, -0.009318754647712035)
(0, -0.08258446692025276)
