(-1, -0.8754571813543506)
(-1, -0.5841525698767265)
(1, 0.3255407878117316)
(-1, -0.4768265033126372)
(0, 0.06103254455237245)
(-1, -0.5027461305303823)
(1, 0.7105072261958147)
(-1, -0.7062116974404118)
(-1, -0.7132033913491734)
(1, 0.8398357239346786)
(-1, -0.4270427949824389)
(1, 0.43705235435957673)
(1, 0.8766308396994851)
(-1, -0.7205000760209306)
(-1, -0.30825671330011767)
(0, -0.14900779858466928)
(0, 0.004469170286688459)
(-1, -0.8657004337206128)
(1, 0.3968138796062399)
(-1, -0.5928601209457428)
(1, 0.6013977727620425)
(-1, -0.5867899057123457)
(1, 0.9474588521966832)
(0, 0.23479792819833772)
(1, 0.1334292945571574)
(1, 0.08232125502295062)
(1, 0.21672229432901102)
(-1, -0.5064507488594767)
(-1, -0.4612796193504306)
(1, 0.9620146522727564)
(1, 0.8517943033020906)
(1, 0.8627885974777142)
(1, 0.7252904549429264)
(0, 0.08985456382643826)
