(1, 0.6580963900209)
(1, 0.9372059975923507)
(1, 0.9340606160019463)
(1, 0.7012044176398763)
(1, 0.5346145840618078)
(1, 0.7693385508003795)
(0, -0.10523937166846595)
(0, 0.33390258328540245)
(0, 0.317099446641089)
(0, -0.0048942008853447745)
(1, 0.9831572161748238)
(1, 0.3022869958061501)
(1, 0.5029887609432703)
(0, 0.11698816584671523)
(0, 0.4035662469267459)
(0, 0.10416294691751347)
(0, 0.31699290260198065)
(0, -0.13975025386727868)
(1, 0.5011536741681643)
(1, 0.9125366593432886)
(1, 0.605096275029899)
(1, 0.7974969784148132)
(1, 0.489879619509702)
(-1, -0.8061723384935674)
(0, -0.28147895041799587)
(1, 0.5654762717397823)
(1, 0.13427762468438975)
(0, 0.0766091216476458)
(0, 0.019039816309433855)
(-1, -0.365254002408924)
(-1, -0.6219411496287949)
(1, 0.9941203450512704)
(0, 0.2198858716036736)
(1, 0.20526006106307232)
(-1, -0.006654296427950457)
(1, 0.9981069770521339)
(0, -0.0010405767677294647)
