(1, 0.8671315650439719)
(-1, -0.6716121320440871)
(1, 0.8786891460752967)
(-1, -0.85265244836073)
(1, 0.7912777248909316)
(1, 0.9950409212954643)
(-1, -0.37023495571285703)
(0, 0.2360392179063306)
(0, 0.11622072907275746)
(1, 0.7468235947757513)
(0, -0.018008560147805552)
(-1, -0.8618818914169669)
(0, -0.1216584838012974)
(1, 0.4465987852330688)
(0, 0.017259598172786734)
(1, 0.5894346291435706)
(0, 0.06682664786459268)
(0, -0.001554135859547584)
(0, -0.17670275218017217)
(1, 0.8969088935693561)
(-1, -0.6070312773965312)
(1, 0.8219929522639482)
(1, 0.6789407013235181)
(1, 0.8014154456077213)
(1, 0.19485281702231153)
(1, 0.25805889144399496)
(1, 0.5264115091827242)
(-1, -0.4772689860025716)
(1, 0.76602678697118)
(1, 0.2782629328996851)
(1, 0.19358901313030047)
(0, -0.22500550934097213)
(1, 0.12770184260436962)
(-1, -0.11568608808427444)
(-1, -0.6309614619832672)
(-1, -0.8274573555981705)
(-1, -0.04625436708202496)
(0, 0.009243985613600791)
(0, 0.10053925583744375)
(0, -0.22647829740551878)
(-1, -0.7304932763621549)
(-1, -0.6735314881916269)
(-1, -0.47224576815296515)
(1, 0.35675671180569823)
(1, 0.41184211955350714)
(0, -0.0028441527150768154)
(0, -0.04718402514615229)
(1, 0.3084064208697565)
(0, 0.23093341258978278)
(1, 0.754880287967464)
(-1, -0.030292969495496647)
(0, -0.03333133390142929)
(-1, -0.9549181241576613)
(-1, -0.5217638306784842)
(0, 0.009098747884905417)
(-1, -0.03764545524422841)
(1, 0.7983416706988093)
(0, -0.16850631551660328)
(-1, -0.6691506606377953)
(1, 0.9680309119206896)
(0, 0.22651660030100468)
(1, 0.6336908152853312)
(0, -0.05467561794426859)
(1, 0.7399742541666845)
(1, 0.575263151860776)
(1, 0.44670302547262086)
(1, 0.3561186273987524)
(-1, -0.33322140271992984)
(0, 0.052611598329039305)
(0, -0.0030610504995980253)
(0, -0.0006276695026200714)
(1, 0.347964502987956)
(1, 0.8101495625342349)
