(0, -0.15063413548454166)
(0, -0.03320010594939227)
(0, -0.038415389651005646)
(0, 0.0005146946486735246)
(-1, -0.4862733852752442)
(0, -0.08032067047218239)
(0, -0.36951497782229875)
(0, -0.021462865873931064)
(-1, -0.517427295168818)
(1, 0.13214963438269725)
(-1, -0.23951964091244177)
(0, -0.2033933169558419)
(0, 0.023066080131489426)
(1, 0.8724967738534201)
(0, -0.24630465747035848)
(-1, -0.14896928858896463)
(-1, -0.48766349378077384)
(0, -0.009712184101312554)
(-1, -0.2828705259787798)
(0, -0.05262575211853932)
(0, -0.02551560600498959)
(0, -0.13713154211773723)
(0, 0.2661299899944247)
(0, 0.2801016003747962)
(0, 0.0683268043569378)
(0, -0.0007134976663739703)
(0, -0.06444541415974805)
(0, 0.2575414232415019)
(0, -0.00938476045321017)
(0, 0.09072886187355766)
(0, -0.00020349296916869972)
(0, 0.007335515361017675)
(-1, -0.8660356279702058)
(-1, -0.6392617550879889)
(0, 0.06293356613531029)
(0, -0.04539016097693789)
(0, -0.00021673889788765177)
(1, 0.2692539325241013)
(0, -0.00025914231094410946)
