(0, 0.02457234481186052)
(-1, -0.6606570598760003)
(0, -0.1818503334968353)
(1, 0.9788164706182781)
(1, 0.929114466751107)
(-1, -0.8419853022157673)
(1, 0.8765518764772194)
(-1, -0.9321352540265531)
(0, -0.00852384067776174)
(0, 0.01658701024863559)
(1, 0.4989535788100624)
(1, 0.7169029280161984)
(1, 0.4640783294580602)
(0, 0.15614930286121906)
(0, -0.18683247237872022)
(-1, -0.8807997836724186)
(0, -0.15065314966471763)
(1, 0.5778092400565271)
(-1, -0.2583491245723477)
(1, 0.677028522064405)
(0, 0.311967651463643)
(1, 0.7396974476788254)
(0, 0.3318500154313937)
(0, 0.04237674806581636)
(0, -0.04520662255247443)
(1, 0.8978979049434981)
(1, 0.4422311610822083)
(1, 0.10475066267026589)
(-1, -0.8451439995149123)
(0, 0.09093177617854437)
(0, 0.028440790441424335)
(1, 0.28566564421015117)
(0, -0.13702549190940053)
(-1, -0.49165314969422624)
(1, 0.9240031852969169)
(-1, -0.28256258228398357)
(0, 0.03764929657783431)
(-1, -0.5581575502390582)
(-1, -0.0017341855309264687)
(1, 0.6781950889071214)
(-1, -0.8032894708150244)
(-1, -0.005225655672460583)
(0, -0.2579937874678459)
(-1, -0.9764358468665443)
(-1, -0.6280888216467956)
(-1, -0.4031528866475872)
(1, 0.41917798905309844)
(0, -0.030989318167901615)
