(-1, -0.6903079261301154)
(0, 0.32044594328146353)
(0, -0.32443501658633017)
(-1, -0.9698636370236406)
(0, -0.41072629799937543)
(0, -0.2273152220501007)
(1, 0.27610801013743713)
(1, 0.45394600617405845)
(0, 0.04418139388887937)
(1, 0.22347328420239265)
(0, -0.15779260510748583)
(-1, -0.9982055772084978)
(1, 0.515402068740711)
(-1, -0.807025032351905)
(-1, -0.7125301841624074)
(-1, -0.3543191875145242)
(-1, -0.9577858514088037)
(-1, -0.8147390384237806)
(1, 0.531807346825303)
(-1, -0.6236990300938924)
(-1, -0.901735592052412)
(1, 0.2765067784887289)
(-1, -0.5735652716168171)
(-1, -0.5528271057800951)
(-1, -0.687729092540516)
(1, 0.36857112991085433)
(0, 0.016398440382169532)
(-1, -0.8750017917035849)
(1, 0.1837854365104978)
(-1, -0.8237061204244523)
(-1, -0.4019832552723862)
(1, 0.035584470112815125)
(-1, -0.9876872741470908)
(1, 0.5285605759619957)
(-1, -0.6760953770592175)
(0, -0.11149956810213082)
(-1, -0.02344140581789128)
(1, 0.44339734301889683)
(1, 0.6616867068337382)
(1, 0.7849523262682929)
(0, -0.06553723182035777)
(-1, -0.28303821911485755)
(0, -0.06387679983521923)
(0, -0.033711195543709854)
(1, 0.24384269618189866)
(-1, -0.6377491378626049)
(1, 0.6237588433447823)
(-1, -0.6545354609895168)
(-1, -0.35883024340301684)
(-1, -0.13936284265805077)
(0, -0.11550607826996535)
(-1, -0.49994227293830373)
(-1, -0.21136318213608585)
(-1, -0.9836006593740318)
(-1, -0.9318641343019333)
(-1, -0.3611156513387588)
(-1, -0.7761156698509662)
(0, 0.1749847738271214)
(0, -0.01690415752113511)
(-1, -0.5989016788630497)
(1, 0.34108840475686664)
(0, -0.10806688147376486)
(-1, -0.36058822152197184)
(0, -0.07633811965914777)
(-1, -0.5228610175360912)
(-1, -0.893657088961353)
(-1, -0.32635093819064176)
(0, 0.005145901315563889)
(-1, -0.7632358513580504)
(0, -0.006530593198648682)
(0, -0.10441200310536707)
(-1, -0.542682660720851)
(0, -0.25791298233787424)
(0, -0.04244361171121096)
(0, 0.0001755340993671885)
