(-1, -0.8344898721719238)
(0, 0.21360242346270075)
(1, 0.5484209498944151)
(-1, -0.5584748219569173)
(-1, -0.6536638554830828)
(0, 0.12224178592184037)
(0, -0.04908600180566394)
(1, 0.025725779601638465)
(0, 0.07244423982893884)
(1, 0.5342442019433076)
(1, 0.7455937301461771)
(0, -0.18965285596787423)
(0, -0.0200388495174465)
(0, 0.0012467679581411456)
(0, 0.02079925319213699)
(0, 0.08027971381913794)
(-1, -0.5948239034326233)
(1, 0.42688453749444666)
(0, -0.02666247399302385)
(1, 0.5271876514751052)
(1, 0.654029038108491)
(0, 0.10706657774449747)
(1, 0.6484952579990235)
(-1, -0.05759123801599886)
(1, 0.9458676492856183)
(1, 0.34954809012675464)
(0, -0.10240585241699549)
(-1, -0.17574594123002127)
(1, 0.41225104265121204)
(0, 0.01866565359212513)
(-1, -0.9700023030015531)
(0, 0.0036456495645610792)
(0, 0.10581161823553714)
(0, 0.01911055546910717)
(1, 0.14426514526157724)
(-1, -0.8282111772376535)
(0, -0.22673151514057271)
(0, -0.1833756931129995)
(-1, -0.5785327746216742)
(0, 0.31114865726156177)
(-1, -0.9547408356034623)
(0, 0.06643915388912336)
(-1, -0.6609895507137779)
(-1, -0.8323655533620097)
(0, -0.15857673517755794)
(0, 0.014648371807193541)
(-1, -0.5708983265600078)
(0, 0.05249878570505655)
(-1, -0.392197616711935)
(0, 0.22235674963085314)
(1, 0.8179661499185116)
(-1, -0.713888368240081)
(0, 0.0036502057173240093)
(0, -0.004539078397795389)
(0, 0.014780120680058073)
