(0, -0.09409628318859459)
(0, 0.12805740940527027)
(-1, -0.8535299847797357)
(-1, -0.3923580345957036)
(0, 0.01913218566525768)
(1, 0.7471729456462292)
(0, -0.001773474448108478)
(0, 0.2718802415784334)
(0, 0.006648585889726444)
(0, 0.07512883895347228)
(-1, -0.7559010223972601)
(0, -0.06300074365116143)
(0, -0.13671238008682465)
(1, 0.09750058599321604)
(-1, -0.9234112025922255)
(1, 0.9512851271884243)
(0, 0.08935806589706484)
(0, 0.09676234272641972)
(1, 0.5528247688266752)
(0, 0.08982222945180188)
(0, 0.1948851841543177)
(0, 0.12198345730915505)
(0, 0.05357131267463868)
(1, 0.34731768042407707)
(0, 0.3826461319404132)
(0, 0.1867167491745516)
(0, -0.2228226945966279)
(0, 0.026942794224290065)
(1, 0.5807119351172085)
(-1, -0.8218145361004796)
(-1, -0.243752465433188)
(0, 0.22005161439276408)
(1, 0.1427756528353063)
(0, 0.023238940826988713)
(0, -0.24242443833467103)
(-1, -0.6888017269420834)
(1, 0.2545308675274198)
(0, 0.08921130397346172)
(0, 0.053051066710790525)
(0, -0.30315198026744794)
(0, 0.18640155965185018)
(0, -0.01815110861585348)
(1, 0.7446385425625951)
(0, -0.031566309589194735)
(1, 0.33621773276824973)
(0, -0.000665549682977897)
(-1, -0.1559208909299123)
(0, -0.16953071099116174)
(1, 0.5209044079390273)
(1, 0.10097483283130787)
(-1, -0.5435317120247698)
(1, 0.6790619827365474)
(-1, -0.735781890692579)
(0, 0.07599057038026177)
(0, -0.12894779565069786)
(0, 0.17524512769136302)
(-1, -0.4624743876187659)
(0, 0.028079924687673757)
(0, 0.0830871130427616)
(1, 0.2558607761264987)
(1, 0.8426523513994152)
(1, 0.6250577946651541)
(1, 0.4288494217086781)
(0, 0.1911881358092792)
(0, -0.07377133885063891)
