(1, 0.5770053837826583)
(1, 0.6035079169833492)
(1, 0.569795889759524)
(0, 0.018770815764775246)
(0, 0.023126207653108178)
(1, 0.54543556420212)
(0, 0.4680606179625479)
(0, 0.09845651264073152)
(1, 0.6797717692090823)
(1, 0.4575756206580943)
(-1, -0.9725320169622947)
(1, 0.3311358730602968)
(0, 0.00902586934815687)
(0, -0.0834671088830107)
(-1, -0.4568211192223164)
(0, -0.0392150084919245)
(0, -0.09335777774503579)
(-1, -0.9215118271889976)
(0, -0.06765460210613114)
(0, -0.06786490347332103)
(0, -0.39471498639941854)
(-1, -0.9959376325737496)
(-1, -0.5106707143047934)
(0, -0.10351919391302361)
(1, 0.3220222706016293)
(0, 0.03695948933113816)
(1, 0.8078247392826401)
(0, -0.1249224742658273)
(-1, -0.6397925571661951)
(1, 0.5563696004300502)
(0, 0.004148913757241459)
(0, 0.008181227903371217)
(0, -0.0831392478275822)
(0, 0.09320477110494947)
(0, -0.020320032226998186)
(0, 0.2905105102368969)
(0, 0.007365455807823912)
(0, 0.3333141937662372)
(1, 0.7238664811218593)
(1, 0.05183968822617696)
(1, 0.8142880309657953)
(1, 0.2893461747785353)
(1, 0.7153598041378757)
(0, 0.3289280544921864)
(1, 0.9785308367228487)
(0, -0.06695191526542753)
(0, -0.18095465441832176)
(1, 0.7984323539697114)
(1, 0.9058956372730862)
(0, 0.23744591168132959)
(1, 0.9870790510925402)
(0, 0.06937488127321778)
(-1, -0.21875147540489892)
(0, -0.2473438587881642)
(0, -0.2510847413700215)
(1, 0.709677441172445)
(0, 0.04684969481686754)
(-1, -0.9239561732322444)
(0, -0.23244178522093703)
(1, 0.9287017769004692)
(-1, -0.754338736737182)
(0, 0.011912637327062964)
(-1, -0.9255919443914247)
(1, 0.6451174293110336)
(0, -0.30492970011207216)
(0, 0.4484156246023908)
(0, 0.4457058575247412)
(0, -0.04788629804964755)
(-1, -0.7311031081382154)
(0, -0.01142611055887148)
(-1, -0.6928165008873901)
(-1, -0.1252864128264376)
(0, -0.09213172405283104)
(0, -0.00028308384681874355)
(0, -0.024053641900546596)
(0, 0.18352762113887927)
(0, -0.028864195497456974)
