(0, 0.3794133602013611)
(1, 0.49438606069401686)
(0, -0.024893481451533445)
(0, 0.012186717640497285)
(-1, -0.364711672234309)
(0, 0.17211921536381336)
(0, -0.024053641900546596)
(1, 0.7659624010073637)
(0, -0.17295845138626165)
(0, -0.14758843311343295)
(0, -0.01994843381356902)
(-1, -0.7583158494680301)
(-1, -0.38051731742654804)
(0, 0.3599017520995408)
(0, -0.004453411960966644)
(0, 0.031177349356553266)
(0, -0.1111274742164386)
(-1, -0.40512959645466784)
(0, 0.30415531807514096)
(0, -0.20734261389814163)
(0, 0.13943004600740205)
(1, 0.1881956015726695)
(0, -0.038707345255966946)
(-1, -0.07445700385453463)
(0, -0.006118870517172137)
(0, -0.07376090771955647)
(0, -0.027390028949275495)
(0, 0.06287029730200869)
(1, 0.5649187391599699)
(-1, -0.8887021855438915)
(0, -0.010086813158721952)
(1, 0.6056152882385913)
(0, 0.18756722800096093)
(0, 0.03657995867341751)
(1, 0.6218762901054217)
(0, 0.005919529522192095)
