(1, 0.9396226685204744)
(1, 0.6506012377102826)
(1, 0.44909091431843245)
(1, 0.7398957340807969)
(-1, -0.7715309751846641)
(0, -0.20808771734883136)
(0, 0.12289892723831083)
(0, 0.004058179708309281)
(0, -0.05494409148540319)
(0, -0.04706485953488604)
(-1, -0.4973121627460769)
(-1, -0.09066931191974281)
(0, 0.2924016854589918)
(1, 0.12593937265101962)
(-1, -0.06104690367070631)
(-1, -0.8032872598762857)
(0, 0.1700101074808486)
(0, 0.02781884411343644)
(0, 0.003300844929084501)
(1, 0.853415334537339)
(0, -0.12199515488798032)
(0, -0.049144781471201264)
(0, 0.037568767865582844)
(1, 0.814228204945174)
(0, 0.11330340942561586)
(0, 0.03988531898840868)
(0, 0.10076765465625984)
(0, 0.18775152469883066)
(0, -0.09077771017227176)
(0, -0.07333351093181684)
(0, 0.012778820331846883)
(0, -0.12016685966826156)
(1, 0.3546388208888217)
(0, 0.11879342247250144)
(-1, -0.9704809878350831)
(1, 0.7373172760243751)
(1, 0.2904160681910493)
(1, 0.9177979231225787)
(0, -0.02316347005092651)
(1, 0.7979989374182508)
(1, 0.6290321535689265)
(0, 0.01903035249534618)
(0, 0.18870893373277556)
(-1, -0.7718290198616148)
(1, 0.016467071773720365)
(-1, -0.44020322766182785)
(-1, -0.5251351278208377)
(-1, -0.5336744110728348)
(0, 0.01903035249534618)
(0, -0.09770262166842236)
(0, -0.15501878592587942)
(0, -0.07075582337280555)
(0, -0.024053641900546596)
(0, -0.007081189940857283)
(0, 0.005461002010168739)
(0, 0.18397518231959908)
(0, -0.09111705675262202)
