(0, -0.005318002738473757)
(0, -0.04364943968080194)
(0, -0.1087238594619331)
(1, 0.1657835507908878)
(1, 0.43019970375249006)
(0, -0.13267747702450783)
(1, 0.051769647980309974)
(0, -0.04525460659584446)
(0, 0.0034322608200897664)
(0, -0.012173082381744332)
(-1, -0.9643453744160501)
(0, 0.20158010831329662)
(1, 0.6748789734186988)
(0, -0.07475741296390645)
(-1, -0.5680873757245626)
(0, -0.03362519671738723)
(0, 0.1350725829508162)
(0, -0.06765460210613114)
(-1, -0.3810044419787092)
(0, 0.05538594275864595)
(0, 0.013728108842325039)
(-1, -0.5039894395396584)
(-1, -0.48704675042540213)
(0, 0.031110251857040326)
(0, 0.027224806536972262)
(-1, -0.47625262962440373)
(-1, -0.40107015646100735)
(-1, -0.7217697029141348)
(0, 0.0524747747424785)
(1, 0.8954708632327885)
(1, 0.5447906481546123)
(1, 0.6652639394981492)
(0, -0.08647921739660312)
(0, 0.2885434812297388)
(1, 0.4729469047990897)
(0, -0.046605825925863265)
(1, 0.6095046149974434)
(0, -0.13578675126891748)
(-1, -0.3324737127734087)
(0, 0.3546487519904919)
(-1, -0.6559524685209039)
(0, -0.08665666279290643)
(0, 0.07462274226409032)
(0, 0.0011739657945943893)
(-1, -0.5558200977542338)
(-1, -0.024846716541369496)
