(-1, -0.37803485084811417)
(-1, -0.3386609503360797)
(1, 0.944079433995156)
(-1, -0.2174167253715789)
(-1, -0.03858050877311742)
(1, 0.48191899181119724)
(0, 0.05223236779941387)
(1, 0.33724696346245564)
(-1, -0.6843060884413305)
(-1, -0.36549195829601805)
(0, -0.020035866635338975)
(1, 0.5749293092239421)
(1, 0.9728032662570639)
(1, 0.06401768886042547)
(0, -0.19726684551805845)
(0, -0.021279752390103185)
(-1, -0.05524357027461857)
(1, 0.15380213687317718)
(-1, -0.27464090052863116)
(0, 0.25596410317638785)
(1, 0.7925888168067854)
(0, -0.05808166487635785)
(1, 0.7383238559233181)
(0, 0.09515925277090914)
(0, 0.31619481889662193)
(0, -0.14066080802019457)
(-1, -0.0761695079223379)
(0, 0.025822199790866474)
(-1, -0.9126483327405862)
(-1, -0.6446458231798491)
(1, 0.3065868372460624)
(-1, -0.8431621709427121)
(1, 0.3025398402093933)
(0, 0.020499591237988196)
(-1, -0.2907005654344046)
(1, 0.3386593748708743)
(1, 0.9163460673558771)
(0, 0.06278121434678248)
(-1, -0.6845369593982351)
(0, 0.09228693424046056)
(0, -0.00674706357335389)
(-1, -0.1608344060822699)
(1, 0.7958940762072815)
(1, 0.6767163881084831)
(0, -0.057341514397292945)
(-1, -0.21803200075246706)
(0, 0.08874076822606092)
(0, 0.03832042002711425)
(0, 0.06567677681612243)
(0, 0.05476208439104327)
(1, 0.5921039748081666)
(0, 0.0025217777400709015)
(0, 0.22988838835527667)
(0, 0.12637415417276102)
(0, 0.019874474659902556)
(1, 0.5559022149322156)
(1, 0.45780935685568247)
(-1, -0.32993205029149664)
(0, -0.017386786915399854)
(0, 0.025546677853132055)
(0, -0.23065061356857874)
(-1, -0.7578967847841566)
(-1, -0.5246580254808281)
(-1, -0.34428528450300144)
(-1, -0.758602627831598)
(0, -0.09589206518268016)
(-1, -0.499508597954009)
(0, -0.0460534295129638)
(0, -0.25601689066467914)
