(1, 0.9942842934492213)
(0, 0.00923556029995552)
(1, 0.7733959245540519)
(-1, -0.595656138786328)
(0, -0.03838641812985703)
(1, 0.9220311312414292)
(1, 0.35454607218898504)
(1, 0.7013602457520643)
(1, 0.6176350436683641)
(1, 0.9989131591203168)
(1, 0.3878605299128681)
(1, 0.3540046705405391)
(0, 0.1023329044227505)
(1, 0.3963973383639248)
(1, 0.1798628485690405)
(-1, -0.6051577067989016)
(-1, -0.8638528573227806)
(0, 0.4330229187113654)
(1, 0.563250515023262)
(0, -0.08147579003383457)
(-1, -0.428462152150517)
(1, 0.34902409695205056)
(0, 0.1119841379687111)
(-1, -0.23342094357507254)
(1, 0.6445834186037717)
(1, 0.17358968544384556)
(1, 0.49700972242190544)
(1, 0.7414788990700928)
(1, 0.1695699611382802)
(1, 0.08483801407983133)
(0, 0.06214723614669293)
(0, 0.09149354099746607)
(1, 0.9030583710710391)
(-1, -0.568193082576274)
(0, 0.08610791386963426)
(-1, -0.17779073274455048)
(0, 0.009522124800024744)
