(0, 0.005392251790266602)
(0, -0.018633484623921247)
(0, 0.08242526841316342)
(0, 0.16548889393783545)
(1, 0.8403767075642786)
(1, 0.9763936372098794)
(1, 0.16701867661367237)
(-1, -0.7979898675333137)
(1, 0.039477106434080755)
(0, -0.16054377479614965)
(0, 0.029472446725545616)
(0, 0.0023311587879589917)
(1, 0.5459583064637223)
(1, 0.34382203964060754)
(1, 0.6431585328014013)
(1, 0.6695154350818303)
(-1, -0.11446701945273946)
(0, 0.15963585997195504)
(1, 0.6625968461479443)
(0, -0.09084653094216052)
(-1, -0.8470350051608644)
(-1, -0.8837502708537063)
(1, 0.9968656506543608)
(0, 0.0569843960566718)
(0, -0.0546486064428596)
(1, 0.6925897155277005)
(1, 0.8815332287808119)
(1, 0.22795074935970866)
(-1, -0.18960020133143368)
(0, -0.18211091637049429)
(1, 0.4219970152828895)
(1, 0.8920272438553986)
(0, 0.1874859187136523)
(0, 0.002382207282759209)
(1, 0.617984597460837)
(1, 0.8986038799468391)
(-1, -0.9328667846436305)
(1, 0.7318904851529665)
(-1, -0.9372566161776262)
(-1, -0.7678180448276162)
(-1, -0.5156266539406023)
(0, 0.11716135730224773)
(1, 0.746723018885354)
(-1, -0.9125786077718809)
(0, 0.027066833948610723)
(0, -0.17624655407211007)
(-1, -0.6485661089022692)
(-1, -0.10643653833960237)
(-1, -0.47930340378249914)
(0, -0.3493522521037203)
(-1, -0.6219980424155643)
(-1, -0.5685333948224204)
(-1, -0.5260065366960325)
(1, 0.7331656340645945)
(-1, -0.39423998722535103)
(-1, -0.6126100880291864)
(-1, -0.5812010925122807)
(0, -0.0746536894364057)
(-1, -0.4293415980384141)
(0, -0.029283515056001963)
(1, 0.05376746457829512)
(-1, -0.7191140965523573)
(-1, -0.5234148608627389)
(0, -0.08383840811784198)
(0, 0.07993742585927341)
(0, 0.2302765457872098)
(0, -0.0030832393580680073)
(0, -0.15991052811545128)
(1, 0.5901838822482339)
(0, -0.03684306558453618)
(0, -0.13575827586846745)
(-1, -0.6455846152731808)
(0, -0.37624465806424046)
(0, -0.002054572555205088)
