(1, 0.7084424743396812)
(-1, -0.7596182370273461)
(0, 0.13289542983901045)
(0, -0.05616169243531427)
(1, 0.8356235625103945)
(0, 0.04125876096761641)
(1, 0.8012289925477104)
(-1, -0.05129984158733453)
(1, 0.5061196722647963)
(-1, -0.577281177888031)
(1, 0.8177031948460212)
(-1, -0.7102427420871714)
(1, 0.8026253072344596)
(-1, -0.6636493030328032)
(-1, -0.4443287813858191)
(0, 0.27700656304888005)
(1, 0.9276433964201808)
(0, 0.10413283198413656)
(1, 0.7386178399826965)
(-1, -0.7066726192089541)
(1, 0.4138038398820841)
(-1, -0.7525989659664166)
(-1, -0.5893580878427885)
(0, 0.14804085122644342)
(0, 0.07001934503295025)
(-1, -0.9259128158675985)
(-1, -0.7486655319225284)
(-1, -0.4925545229565807)
(0, -0.2636107747228553)
(-1, -0.8171553014033089)
(1, 0.957210196788419)
(-1, -0.3003129481423728)
(1, 0.6980437618569284)
(0, -0.0451884027040077)
(-1, -0.17656583765003514)
(-1, -0.7975511680577602)
(0, 0.05126312392093607)
(-1, -0.7489081512046336)
(-1, -0.7729743701878848)
(1, 0.48839924231050635)
(0, 0.19285215370856174)
(1, 0.4105768196812498)
(-1, -0.9766218192636607)
(0, 0.11094704889310436)
(0, -0.022480521639775305)
(-1, -0.04960787911078435)
(1, 0.29864339765866055)
(0, 0.06151448944646734)
(1, 0.24759134906854027)
(1, 0.19824405729216876)
(-1, -0.07168996663828775)
(0, 0.21727070870355866)
(1, 0.23903273475462472)
(-1, -0.2507320495885715)
(-1, -0.16764306084204622)
(-1, -0.5155510773067982)
(-1, -0.40512818087023006)
(-1, -0.5086140390433961)
(-1, -0.2068825554527742)
(1, 0.334022043755517)
(0, -0.23337906011428283)
(-1, -0.34578616937419104)
(0, -0.0026101803458846804)
(-1, -0.19766772350070952)
(-1, -0.5954815494620957)
(1, 0.20731910365662004)
(1, 0.8057665384383788)
(1, 0.0691068816930242)
(0, 0.12025702903536883)
(0, -0.06172490175440193)
(0, 0.03868069989802875)
(0, 0.18414798102338814)
(1, 0.7389979716263645)
(-1, -0.4705366928088409)
(0, 0.041775400998411046)
(1, 0.7123772604150455)
(1, 0.8144111981559534)
(0, 0.05762920817427747)
(1, 0.613204722007183)
(1, 0.7725409152114517)
(1, 0.9663479644964597)
(1, 0.8942219221915805)
(0, 0.19576632552614195)
(1, 0.8816161543963819)
(1, 0.13131364779635385)
(0, -0.04510664486374119)
(0, -0.0062012629052559465)
(-1, -0.10312595710938643)
(1, 0.85992302883249)
(1, 0.8795200242425155)
(0, 0.05028391406170392)
(-1, -0.013311615004929778)
(0, 0.008048073672270476)
(-1, -0.12209755917458892)
(-1, -0.6106826750104171)
(0, -0.051848089383228865)
(0, 0.17799071311385467)
(1, 0.6066764852479767)
(-1, -0.2460592494497904)
(-1, -0.24842456428565812)
(0, 0.3761591189759672)
(1, 0.07699921153058698)
(0, -0.030531763044284344)
(1, 0.8468575811862417)
(0, 0.3253406014926146)
(-1, -0.7208405914988844)
(1, 0.6893248622417723)
(0, 0.030104147920980345)
(-1, -0.16498906933084923)
(1, 0.17933848098959287)
(0, -0.03063052033186911)
(-1, -0.6835899657140723)
(1, 0.9385548646929123)
(1, 0.8440372309512574)
(0, -0.1499907363185839)
(-1, -0.012257381243600318)
(0, -0.19843838350830273)
(1, 0.9164798362329907)
(0, -0.014793713958243776)
(0, 0.011835503198026218)
(0, 0.22674232758221585)
(0, 0.3718324102665423)
(0, -0.06548461724545934)
(1, 0.8500435579728558)
(-1, -0.8036086552506718)
(-1, -0.490036292872997)
(1, 0.4514770734719579)
(1, 0.5304954856177558)
(-1, -0.8399842897651055)
(1, 0.057201084093773225)
(0, 0.020306116436610677)
(0, 0.08763478144402018)
(-1, -0.02157293928627574)
(1, 0.7249996539852241)
(1, 0.8055660784939512)
(-1, -0.9532180212089546)
(1, 0.7300610112105558)
(1, 0.8966782009544202)
(0, -0.13502251179022776)
(0, 0.16174277893351213)
(1, 0.567144902772547)
(0, 0.3429008022584198)
(0, -0.13294954535375497)
(1, 0.13979608208584343)
(0, 0.08539604777080984)
(0, 0.16595289092035387)
(-1, -0.6734022138280255)
(-1, -0.07064290149327174)
(-1, -0.5972396743549714)
(-1, -0.2645089434537963)
(-1, -0.5582393304082429)
(-1, -0.9992638881108408)
(-1, -0.8759097398086527)
(-1, -0.8426377660874875)
(-1, -0.15107835742322084)
(1, 0.1868303064734811)
(-1, -0.5822192020446216)
(-1, -0.2521274029191529)
(1, 0.5510809876904031)
(-1, -0.30117903853953853)
(1, 0.5006222692600394)
(1, 0.7358906092263233)
(-1, -0.5747900936252327)
(-1, -0.6276046200917562)
(-1, -0.3496308295215743)
(-1, -0.24842456428565812)
(0, 0.253098782526185)
(1, 0.4628941452828733)
(1, 0.1632749965911778)
(1, 0.8084103951966475)
(-1, -0.7047309429986703)
(0, 0.0419681972375818)
