(-1, -0.31781271104615916)
(0, 0.18053593570566945)
(-1, -0.9205669133208315)
(1, 0.7831085092437108)
(0, -0.13722604098131472)
(1, 0.5041241562891624)
(0, -0.06949110157161936)
(-1, -0.7301439943496932)
(1, 0.4768067234839578)
(0, 0.25992003518004825)
(1, 0.06234592670852762)
(0, 0.09271895285168462)
(0, 0.24430932047403645)
(0, 0.26713748447451635)
(0, 0.022566328999828755)
(0, 0.1042951860216326)
(0, 0.08819267922285398)
(0, 0.006518889136805116)
(0, 0.07431508112987892)
(-1, -0.48741045492258595)
(0, 0.06809621844179231)
(-1, -0.9939663715430429)
(0, 0.2471754740275393)
(0, 0.10950018526970058)
(0, 0.026944773471439365)
(-1, -0.3844526027390658)
(0, -0.061295940046409966)
