(0, -0.1561509160047529)
(1, 0.6524095754486412)
(-1, -0.7131881115983024)
(-1, -0.5706555047208908)
(0, -0.39377716496767745)
(1, 0.9442251423743745)
(1, 0.9707458370726761)
(-1, -0.6330188267842376)
(0, 0.15366386506175808)
(1, 0.6126556600829246)
(-1, -0.49402621992260204)
(1, 0.8650469844180866)
(1, 0.7962746588878499)
(1, 0.010156894555610363)
(1, 0.988229746010842)
(1, 0.9848869134349155)
(0, 0.028917154599359784)
(1, 0.9999999999972843)
(1, 0.8006747394606274)
(-1, -0.6294772965041149)
(0, -0.04204862293394428)
(1, 0.5432570898943194)
(1, 0.5180248535922978)
(-1, -0.8058069132227562)
(-1, -0.7445784928523892)
(-1, -0.9059683981144503)
(-1, -0.4344686567623475)
(1, 0.9318328975824054)
(1, 0.6884646932892371)
(1, 0.8208462736632667)
(-1, -0.9257615535688664)
(1, 0.18252308953471247)
(1, 0.5578764661814475)
(1, 0.9397820945055925)
(1, 0.987943302752317)
(1, 0.4182554257603991)
(-1, -0.9298115025012466)
(1, 0.49224490818432)
(0, -0.12197459525406226)
(-1, -0.582461445195963)
(-1, -0.49508973137551665)
(-1, -0.613667034126047)
(-1, -0.31176821793224496)
(1, 0.30270553641216874)
(1, 0.04943811477030613)
(1, 0.13457017771010782)
(1, 0.9289441466900674)
(1, 0.7866229475553631)
(0, 0.021756798869322663)
