(1, 0.9128881601637981)
(1, 0.5008535938879585)
(1, 0.7041907772212296)
(1, 0.6001035353469159)
(0, 0.014144766632033626)
(0, 0.003232060915871443)
(0, -0.2492409285531335)
(1, 0.7778847660708648)
(0, 0.12911204347416658)
(1, 0.990311385280668)
(1, 0.8762314733665479)
(1, 0.48189318731407177)
(-1, -0.36027016581168136)
(0, 0.014060719374702805)
(1, 0.31171261313156784)
(-1, -0.6525619950092674)
(-1, -0.670667622482306)
(-1, -0.4390235817291446)
(1, 0.36859459470915146)
(0, 0.036639942042076504)
(1, 0.45004266393749975)
