(-1, -0.894281710932114)
(-1, -0.054303420279303016)
(1, 0.3461053178892087)
(0, -0.1234842796745931)
(0, -0.08138430582936654)
(0, -0.13388103388744801)
(-1, -0.7805954454706365)
(-1, -0.9992017177308076)
(0, -0.03569939217746406)
(-1, -0.6986150945865099)
(0, -0.16788942292940437)
(0, -0.1866936849404376)
(0, 0.06318698516004452)
(0, -0.09330393564313647)
(0, -0.18563418401994863)
(0, -0.37088663726015286)
(0, -0.2846646966136994)
(-1, -0.8940067760219297)
(-1, -0.9443862372698946)
(0, 0.3217309985862768)
(0, -0.08469740260729144)
(-1, -0.9904729018927756)
(0, 0.03752444641807995)
(-1, -0.43754045911311856)
(0, -0.11662680221971339)
(0, -0.1649642774898888)
(1, 0.49235486428379827)
(0, -0.08714846671094506)
(-1, -0.48178915500973685)
(-1, -0.11433737459692278)
(0, -0.05417762022212411)
(0, 0.05322758466759993)
(-1, -0.4739146295781767)
(-1, -0.5130372506849785)
(1, 0.5587718429998877)
(-1, -0.4354150015025663)
(1, 0.21539913054698856)
(0, 0.0004159423725279554)
(1, 0.20417570797288342)
(-1, -0.08799064275883939)
(1, 0.453233662570058)
(-1, -0.46525610463785405)
(-1, -0.5001514124864623)
(-1, -0.6720289244740031)
(-1, -0.8445597060438675)
(-1, -0.6176207563018311)
(0, -0.15626018656879426)
(-1, -0.4120447286154663)
(0, -0.1593111136444971)
(0, 0.11392122138666176)
(0, -0.012472107077222877)
(0, -0.009002340256362422)
(0, -0.19849370366473207)
