(-1, -0.5050047905248216)
(-1, -0.4913971455719103)
(1, 0.6990801994370279)
(1, 0.9394102843619658)
(0, -0.2777911119625933)
(0, 0.29379932388268226)
(1, 0.8109037320616976)
(0, 0.0012310411733071347)
(0, 0.26770738776859315)
(-1, -0.9660671027252723)
(1, 0.2623147207986415)
(-1, -0.7599739429853606)
(0, 0.014967143200878996)
(1, 0.4192087808668459)
(0, -0.07268606711944318)
(1, 0.3885864840131276)
(1, 0.5422677544819683)
(1, 0.2922110076829769)
(-1, -0.7920326153052941)
(0, -0.2623761091671005)
(-1, -0.5851233584026768)
(0, -0.04286478398077477)
(-1, -0.27918357594772136)
(-1, -0.44096658576099745)
(0, -0.015612557707426672)
(-1, -0.8046393075367204)
(0, -0.2717237247413947)
