(0, -0.20667181332052628)
(1, 0.4313718248636953)
(1, 0.4277728722288394)
(1, 0.3397574348401269)
(1, 0.008071855047564136)
(0, 0.02594726127399867)
(1, 0.9874310678357391)
(0, 0.32864058222540293)
(1, 0.08381705871636702)
(0, -0.18880169252485396)
(0, 0.04739114747452275)
(1, 0.9159207536189996)
(0, 0.02597457636772979)
(1, 0.7784705582622264)
(0, -0.24294355235719386)
(0, -0.15008015088315857)
(-1, -0.9661258478607228)
(-1, -0.8688161238451056)
(0, 0.14075267928334445)
(0, -0.37259035497616994)
(0, -0.09697156940533562)
(1, 0.6308906377091618)
(-1, -0.42315417683690193)
(-1, -0.8055531564083463)
(1, 0.3786112744723903)
(-1, -0.41507802330023863)
(1, 0.35580338946387224)
(1, 0.48016052921325925)
(-1, -0.3948424075330741)
(-1, -0.528650181093266)
(0, 0.020020900886484894)
(1, 0.600249692101878)
(0, 0.3782207034577701)
(0, -0.28447777317725925)
(1, 0.2943737554962623)
(-1, -0.4468670620501404)
(-1, -0.8736699830580138)
(0, 0.017710930288630244)
(-1, -0.14010405526928926)
(0, -0.009485391932839378)
(-1, -0.4681054864073107)
(0, 0.14491119679408843)
(-1, -0.7265505817051366)
(0, 0.24050639898781326)
(0, -0.02725532241340409)
(-1, -0.7001422985272603)
(1, 0.06536133186979826)
(0, -0.2037969832774259)
(1, 0.5167229214146533)
(1, 0.3630187009119492)
(-1, -0.5299674195145538)
(0, -0.054265096642642965)
(1, 0.5327886964750435)
(0, -0.10985960975246375)
(0, 0.29176391696154547)
(0, -0.019948552751375866)
(0, -0.3678302494670743)
(0, -0.18614603075835673)
(-1, -0.7331811358805828)
(1, 0.9048168762658336)
(-1, -0.3446023570570984)
(1, 0.944240706886868)
(0, 0.0017811880190309248)
(0, 0.08970936516225442)
(0, 0.008328694705021211)
(-1, -0.648938952431385)
(-1, -0.5095162847495949)
(0, -0.03896123345299511)
(0, -0.22905896682358262)
(-1, -0.4298630288218864)
(0, -0.04888903058913835)
(0, -0.238736878374246)
(0, 0.19450459486528254)
(1, 0.4353847023376777)
(-1, -0.905275012390167)
(0, 0.002834925020757925)
(0, 0.28526422422430564)
(0, -0.2512980061654142)
(-1, -0.4534887264188654)
(1, 0.5996878088365379)
(0, 0.0049637105938656785)
(0, 0.2646378522518966)
(0, 0.07956389285104112)
(-1, -0.3756777891760611)
(-1, -0.5997150553218777)
(0, -0.019263551546236726)
(0, -0.4070242616605467)
(0, 0.10622766177001178)
(-1, -0.15433200162611294)
(0, -0.026748459573475075)
(0, -0.12788814766096138)
(-1, -0.9451954913919143)
(0, -0.05248793159263754)
(-1, -0.8457448196961005)
(-1, -0.38903101231788534)
(-1, -0.7639676909668034)
(0, -0.28676742080383544)
(0, -0.3108550608877199)
(-1, -0.12726718984928798)
(-1, -0.3862588647299394)
(0, 0.008335307246115767)
(-1, -0.6138169277729918)
(1, 0.3103382712440331)
(1, 0.7084846383715764)
(-1, -0.5955410581584736)
(-1, -0.04168309832538586)
(0, 0.31720132634601766)
(0, 0.10613912811211754)
(1, 0.4087791280490582)
(0, 0.027869036457338476)
(-1, -0.34316262193602015)
(0, -0.1073694706215208)
(-1, -0.22999240645213442)
(0, -0.10329494232188624)
