(0, 0.07110932725642062)
(0, -0.07027313832006335)
(1, 0.4706754257950718)
(0, 0.34614882642947187)
(-1, -0.49922201265090005)
(0, 0.03364193345943763)
(1, 0.11723910992924036)
(0, 0.023674191637605684)
(1, 0.42833177584815535)
(0, -0.17333800492807705)
(0, 0.20111208262916153)
(1, 0.6519249751631824)
(0, 0.23543778607554308)
(-1, -0.8657622513584022)
(-1, -0.632638474253426)
(1, 0.546378849283685)
(0, 0.0023958109334415974)
(1, 0.4303571771904401)
(0, 0.05169219238989214)
(1, 0.23169172195817198)
(1, 0.46285923789527333)
(0, -0.18843770333676413)
(0, -0.17147174446756563)
(0, -0.4149769214564381)
(1, 0.5128623965283032)
(0, -0.2720749403458456)
(1, 0.2797445783767516)
(-1, -0.42301820892250286)
(0, 0.0028433000228939766)
(0, -0.034041578108550075)
(1, 0.4478941304950034)
(-1, -0.035562127285460654)
(0, -0.08177297366572507)
(0, -0.17343741155153353)
(0, 0.01742103931261482)
(-1, -0.3479480168362419)
(-1, -0.6415730208236463)
(1, 0.8474594876476184)
(-1, -0.8358816748865351)
(0, 0.005476092013861095)
(0, -0.07613133306630263)
