(0, 0.08409434382398431)
(1, 0.5485330881381667)
(1, 0.27178519853616934)
(-1, -0.09463913809658314)
(0, 0.09226850145303701)
(1, 0.42420265761629716)
(-1, -0.6901398189926803)
(1, 0.9094393825840883)
(0, 0.09355043070213408)
(0, -0.3379345381236965)
(0, 0.05226808964165589)
(1, 0.6562194720089273)
(1, 0.50855400164087)
(-1, -0.17658240038888545)
(-1, -0.789554714483939)
(1, 0.5587377538180138)
(1, 0.8002603638882231)
(1, 0.8158666873941833)
(1, 0.5251933658567765)
(0, 0.296533338960195)
(0, 0.32696813479770437)
(1, 0.593393485989092)
(0, 0.10582041236462887)
(-1, -0.4355826742381213)
(0, 0.22633300833861558)
(0, 0.2803976374649273)
(0, 0.02915123857521918)
(0, 0.2816252846060666)
(-1, -0.5049614241997615)
(0, -0.008432950724995836)
(1, 0.4836796533711123)
(1, 0.6997994107622112)
(0, 0.1927079937760555)
(1, 0.9136044241326713)
(1, 0.7506700629826952)
(-1, -0.8536465256369865)
(1, 0.6883809473677946)
(0, 0.1878878248010227)
(1, 0.07848605453565471)
(0, 0.2744901979203491)
(0, -0.015355193488108015)
(1, 0.8391553729551554)
(1, 0.6993909263561512)
(1, 0.7443765264964988)
(1, 0.6271275124481361)
(1, 0.3935045385375176)
(0, 0.26085325208153215)
(1, 0.9392026216641701)
(1, 0.9196734532082064)
(0, 0.049837066833952746)
