(-1, -0.44778716623938897)
(1, 0.8246827989708831)
(1, 0.4196815393953364)
(1, 0.9111639790028225)
(0, 0.2667612351242757)
(0, -0.003945148177942108)
(1, 0.5018148295657722)
(-1, -0.8542416556756155)
(-1, -0.9994966655289618)
(1, 0.7968628481796932)
(0, -0.05264116673497751)
(-1, -0.9604621856486765)
(1, 0.7660944544434208)
(1, 0.549007207867136)
(-1, -0.5878027720344765)
(-1, -0.23905606254549155)
(1, 0.6561736439800068)
(-1, -0.8842682470528398)
(1, 0.9592731048560761)
(-1, -0.7498390443635337)
(0, -0.10626564781051223)
