(1, 0.8608172410202803)
(1, 0.9914045806962585)
(1, 0.33789286936966656)
(1, 0.8659262178203135)
(0, 0.16740566239341598)
(1, 0.25529259335585475)
(1, 0.8558402639381023)
(0, 0.025333572125650967)
(-1, -0.2564805008342064)
(-1, -0.6068042612879818)
(1, 0.5462630445817586)
(0, -0.05793865101501938)
(-1, -0.5638730927771348)
(-1, -0.0048389549593860215)
(0, -0.07032548639472176)
(-1, -0.45595895932314273)
(-1, -0.09945115102823426)
(-1, -0.8872151105376533)
(1, 0.9611478006024625)
(1, 0.8759914705612795)
(-1, -0.9667339076700459)
(-1, -0.4458690571748123)
(1, 0.8759987810347977)
(1, 0.5450650619296163)
(1, 0.582062429352562)
(0, 0.0005243089634454079)
(1, 0.3350192704509843)
(0, -0.15034356655777464)
(0, 0.03471401904495454)
(-1, -0.26429323416024086)
(-1, -0.45244999439329114)
(-1, -0.8804787510074625)
(0, -0.11637993811211417)
(1, 0.7699551531001229)
(0, 0.00612535002381439)
(1, 0.7267264579659553)
(1, 0.8676428970093724)
(0, -0.02595520191577807)
(0, -0.01719699192257146)
