(-1, -0.7929140348226195)
(0, -0.2534895119505378)
(-1, -0.5201967422716457)
(-1, -0.9928000135081989)
(1, 0.7729115121489814)
(-1, -0.3188664090174386)
(1, 0.20903043042670694)
(1, 0.7851241545158846)
(-1, -0.8481282354090528)
(-1, -0.4454037631830365)
(-1, -0.6185700875529881)
(0, -0.12337208147322287)
(0, -0.11065122592352036)
(0, -0.11357607064946029)
(1, 0.5439951107310097)
(0, 0.0510915227793739)
(0, 0.3742369542298093)
(0, 0.21989052655406716)
(1, 0.341398613152284)
(1, 0.27615306765062786)
(-1, -0.6689611393802446)
(1, 0.9475721154745962)
(1, 0.37824808288604034)
(-1, -0.41366685149638455)
(-1, -0.5975591520139693)
(0, 0.06333359505181443)
(0, 0.008364964802029466)
(-1, -0.6715217758592039)
(1, 0.9806669280149979)
(-1, -0.6675131031532497)
(-1, -0.8492904680058495)
(0, -0.3052003430262734)
(1, 0.3022424585994633)
(1, 0.4773731431731311)
(0, 0.2096267818800415)
(1, 0.8093058121271328)
(-1, -0.14190829862492238)
(1, 0.46359756322806056)
(0, 0.27400763454529353)
(0, 0.2416487475323561)
(1, 0.045139146834235366)
(1, 0.6104317027882056)
(-1, -0.5577161848651042)
(0, -0.06047532443037072)
(-1, -0.03087342496784451)
(-1, -0.5590578927821801)
(0, 0.4390471831316913)
(-1, -0.09610764715079123)
(-1, -0.6026799603169497)
(0, 0.09702743201375062)
(0, 0.2209559043612475)
(0, -0.024635931037589764)
(-1, -0.3860770021121495)
(0, 0.17387222120998347)
(0, -0.01013407399966433)
(0, -0.002676088616628999)
(1, 0.7807282555208556)
(1, 0.7619159453882953)
(0, -0.030989318167901615)
