(0, -0.2180658431337293)
(0, 0.29221401324768925)
(1, 0.4009855486262235)
(1, 0.85549820266037)
(0, -0.26104763624613053)
(0, -0.025702268991149968)
(-1, -0.41315151562508123)
(-1, -0.4642749027638871)
(0, -0.1334906153541936)
(0, 0.0630452837780934)
(1, 0.9031015602335872)
(1, 0.09765671959078742)
(1, 0.40101969692378286)
(0, -0.031197356948486223)
(-1, -0.0643582290382495)
(0, -0.029622358487754574)
(1, 0.8319334392988054)
(1, 0.14144311462713932)
(0, -0.11467518203599454)
(0, 0.033689783776975804)
(0, 0.00428486627740428)
(0, 0.2069462748862633)
(0, -0.24239376361947798)
(0, -0.04051298632276009)
(1, 0.5853536203761847)
(0, -0.02992779661857056)
(-1, -0.4719203672330704)
(1, 0.9168999158389225)
(1, 0.8120713973041892)
(1, 0.5646525062018183)
(0, 0.19453236009979566)
(1, 0.529855556123375)
(1, 0.6522564344426801)
(-1, -0.5693338222074418)
(-1, -0.23796328658280957)
(-1, -0.6258511394666463)
(-1, -0.7050968550445199)
(1, 0.20191828677570373)
(-1, -0.8730745732087569)
(1, 0.555198855028134)
(1, 0.7429421400302583)
(0, 0.07633033319863503)
(1, 0.6325109092423346)
(1, 0.0670813178179801)
(1, 0.660940500728796)
(-1, -0.43609641490109174)
(1, 0.46370926349281016)
(1, 0.6243685158244332)
(-1, -0.06416009955126939)
(0, 0.025435184431638412)
(0, 0.14887509301668295)
(-1, -0.4981524036037565)
(1, 0.4028326160091356)
(1, 0.20554354438355493)
(1, 0.8378771706603875)
(1, 0.40675206097626126)
(-1, -0.49132116816659044)
(-1, -0.8515539400276011)
(-1, -0.9976247827631177)
(-1, -0.4295081348754754)
(-1, -0.8030961048948411)
(1, 0.7719987402399702)
(-1, -0.36007598695647663)
(1, 0.31411000537888467)
(-1, -0.869616259293569)
(0, 0.015895059210011997)
(1, 0.6254619067566457)
(1, 0.8826489938460601)
