(-1, -0.9997664993770222)
(-1, -0.35896705684878644)
(1, 0.39578336697097233)
(0, 0.22340487329048941)
(-1, -0.36652480178187236)
(-1, -0.25503344424144153)
(-1, -0.6290508780768691)
(0, -0.06589192000736105)
(-1, -0.6358324616150453)
(0, 0.2815605496773369)
(1, 0.32693053284651863)
(1, 0.7051246384805147)
(-1, -0.7202438114265519)
(1, 0.7659611806681645)
(-1, -0.0633634872040541)
(-1, -0.9737109334187445)
(-1, -0.39219755942552037)
(0, -0.06733376410929655)
(0, -0.07898508696656177)
(-1, -0.879491752102275)
(1, 0.8215154431938556)
(0, -0.22915995112190735)
(0, -0.21979470426675696)
(-1, -0.3676481049779504)
(-1, -0.6673546118058269)
(-1, -0.6994767427659587)
(0, -0.048514406105033436)
(-1, -0.9270231386779137)
(0, 0.034010676568850415)
(-1, -0.7232751155848754)
(-1, -0.9881592558059475)
(0, -0.01381452833406268)
(0, -0.2675169665496376)
(0, -0.009919277885667745)
(1, 0.6413417149856047)
(0, -0.022715248931190944)
(0, -0.05349422191296155)
(-1, -0.022654000416601205)
(0, -0.0513883141604641)
(0, -0.10469641213427536)
(-1, -0.6470685262906899)
(0, 0.024190318099994203)
(0, -0.18482334916841436)
(0, -0.2977967679047884)
(-1, -0.39525373920984164)
(0, 0.021085024084854034)
(-1, -0.3754609796178167)
(-1, -0.7938287600255076)
(-1, -0.5562034260400722)
(0, 0.03306599247606626)
(-1, -0.4225290613875598)
(0, -0.00541919191392419)
(0, -0.06765460210613114)
