(0, -0.028216314976726595)
(-1, -0.429185299168667)
(1, 0.7060956623280112)
(1, 0.19625079226718034)
(1, 0.9940735935588442)
(0, -0.04078030142616376)
(1, 0.4963671571246482)
(1, 0.5788836184880115)
(1, 0.38741852137117594)
(1, 0.38911876360221287)
(1, 0.2530143197022456)
(-1, -0.26982426504352347)
(-1, -0.017668087584051084)
(1, 0.5458439620548289)
(-1, -0.9612492499816083)
(1, 0.5675956756861701)
(0, 0.24153941026832426)
(-1, -0.5300172099443504)
(-1, -0.3594043517435926)
(-1, -0.44699789729144457)
(0, -0.06084416257479841)
(-1, -0.7065662570325022)
(-1, -0.7153014581149774)
(1, 0.7599665568033676)
(-1, -0.024624770144381414)
(0, -0.3344387223640792)
(-1, -0.40403068134337367)
(-1, -0.3346134537701404)
(0, -0.0230268182995034)
