(1, 0.9686287379945755)
(1, 0.574059437212977)
(-1, -0.46024973058997887)
(1, 0.8051387688765084)
(0, -0.11434451513563346)
(0, 0.08582210307744717)
(0, 0.12983918982653153)
(1, 0.805887973575072)
(1, 0.6966874362619713)
(-1, -0.5794072114153456)
(0, -0.05166863253509457)
(-1, -0.515068325706759)
(-1, -0.5700683489625742)
(1, 0.6263928249569808)
(-1, -0.8979656742443555)
(0, 0.06477361403369325)
(0, -0.059911614899830226)
(0, 0.3655830995099427)
(0, 0.06324954104559102)
(-1, -0.24510770415337743)
(0, 0.008566806532902394)
(0, 0.10926772341654627)
(0, 0.015241752370961585)
(-1, -0.09113989704732783)
(0, -0.11511132010245985)
(0, -0.02827899273163352)
(-1, -0.08203103255214217)
(0, -0.08373875107894599)
(0, 0.007273833127082109)
