(0, 0.1514087317011503)
(1, 0.6130536854349747)
(1, 0.7895456526763684)
(1, 0.879490146783206)
(1, 0.9763902374116389)
(-1, -0.8010099399822943)
(1, 0.27357807249877797)
(0, 0.023141508964943037)
(1, 0.6447053490392171)
(1, 0.9963003992441009)
(1, 0.9086064141887464)
(1, 0.6307087827571538)
(1, 0.8106002698992526)
(1, 0.5805560849639932)
(0, -0.025462402942579815)
(0, 0.023602335448021147)
(-1, -0.13310376333295793)
(-1, -0.616510962141287)
(0, -0.06765460210613114)
(-1, -0.7550086323709244)
(-1, -0.9408912930565742)
(-1, -0.9682053573495863)
(1, 0.9216971030952157)
(1, 0.8020840993334851)
(-1, -0.40343477168416836)
(1, 0.4622824130730281)
(-1, -0.3286426511461717)
(0, -0.28119629711960586)
(-1, -0.9272888793214376)
(1, 0.702539769816591)
(-1, -0.4215542187948207)
(-1, -0.9396259204447808)
(-1, -0.7121595376628987)
(-1, -0.9949031632085761)
(-1, -0.8871009208130995)
(1, 0.45993786644784607)
(0, 0.012016190331882934)
(1, 0.6533654650059971)
(0, 0.04433391772221142)
(0, -0.15303350147328731)
(1, 0.09162280701500813)
(0, 0.03126352340989319)
(1, 0.22153610197037632)
(0, 0.012557651865590297)
(0, 0.3313635381803443)
(1, 0.6016065769557577)
(0, 0.216097474349651)
(0, -0.34900758093970996)
(1, 0.4799115964762899)
(0, 0.12037206543562717)
(-1, -0.9238682717575637)
(0, 0.28612720866203234)
(0, -0.07544857702541471)
(0, 0.3201227366632745)
(0, 0.025677135149644315)
(0, 0.10536184002188705)
(0, 0.11418851269809023)
(1, 0.6276338407050762)
(0, 0.011385112302982916)
(0, -0.11057629979185352)
(1, 0.22964706038113847)
(1, 0.8134593472962056)
(0, 0.04043706651236177)
(1, 0.6141507446878169)
(0, 0.007807129795439528)
(1, 0.3780206200282449)
(0, 0.3585067566121641)
(0, -0.221170458293996)
(1, 0.8401258050524799)
(0, 0.051147268040322796)
(1, 0.823223171382239)
(1, 0.7539321404706448)
(-1, -0.882399188494947)
(1, 0.6254191500482782)
(1, 0.8687754629284928)
(0, 0.023575595732964173)
(-1, -0.5168243452536063)
(0, 0.2790959164868494)
(0, -0.07805684458873632)
(0, 0.0007797140844307895)
(-1, -0.7672656937208849)
(-1, -0.9731827856403334)
(0, 0.12677234277452853)
(-1, -0.7033558216713566)
(-1, -0.9700580666083368)
(-1, -0.9884801315274631)
(-1, -0.5332063922662049)
(0, 0.2981696393759729)
(1, 0.9487120706842431)
(1, 0.2502604756127018)
(0, 0.05042808070737084)
(-1, -0.6980009904389086)
(0, -0.20764711470722644)
(0, -0.027864981055282817)
(1, 0.8961641063409901)
(0, 0.223240089313306)
(-1, -0.6181806371742703)
(-1, -0.7063950639322867)
(-1, -0.5310380424321055)
(-1, -0.573074920115137)
(-1, -0.6825784931354959)
(0, 0.33957835803027414)
(0, -0.1459976449926033)
(0, 0.06697780681996061)
(0, 0.06917214399650409)
(-1, -0.8684310639111961)
(-1, -0.6017811745862515)
(-1, -0.7197641749893132)
(-1, -0.8126485602603315)
(-1, -0.9978266555643428)
(-1, -0.9766866829496315)
(0, 0.22670543146443184)
(1, 0.9844153766325505)
(1, 0.5074461508173346)
(0, 0.14372208335190592)
(0, -0.0672102559829203)
(-1, -0.9225374426640729)
(0, 0.00024355513667839723)
(1, 0.5247646744271806)
(1, 0.5163833268160607)
(0, 0.05266443502578775)
(-1, -0.7745129621473616)
(0, -0.0664830289369789)
(-1, -0.04840613535377719)
(-1, -0.27893654705021725)
(1, 0.8862509828689188)
(0, -0.3934430615329738)
(0, -0.18658674069268677)
(0, 0.19798114084550344)
(-1, -0.9895468821464503)
(-1, -0.8158161923132765)
(0, -0.005482671868579023)
(1, 0.45428414999908606)
(-1, -0.5577873106063417)
(-1, -0.7095680994761843)
(1, 0.6828163119724041)
(-1, -0.5535122407753095)
(0, 0.12213736724765356)
(-1, -0.49986955719604903)
(1, 0.44046035743297857)
(0, 0.06941183950087824)
(0, -0.02380316853796458)
