(1, 0.6850103342856354)
(0, -0.3937849777688485)
(1, 0.45778764904814984)
(1, 0.9839924858008631)
(0, -0.1557843730709754)
(1, 0.5714005117861052)
(1, 0.6350898515970815)
(0, -0.09872210938754389)
(1, 0.666767038292975)
(1, 0.6183919407238231)
(-1, -0.19392691967958636)
(0, -0.02485675632136597)
(1, 0.7988872757744011)
(1, 0.4486066286591339)
(0, 0.02449848324338688)
(1, 0.8904177935935621)
(0, -0.26813389186561043)
(0, -0.2806005528753082)
(0, 0.12189266800318485)
(0, 0.1883509051159792)
(1, 0.9652211776612891)
(0, 0.12056971603546174)
(0, 0.13133413819975143)
(0, 0.3190794129618654)
(-1, -0.670656235168128)
(1, 0.3548142233375491)
(1, 0.7492809527412733)
(1, 0.1818467619021546)
(-1, -0.21726302113189133)
(1, 0.8424181197134348)
(0, 0.035839298330960986)
(1, 0.376626259571773)
(0, -0.3102928309315744)
(0, 0.3326410793305736)
(0, -0.038190585797765284)
(0, -0.1523427132877713)
(-1, -0.08237365198528229)
(0, 0.04169381418552799)
(-1, -0.089964912186216)
(1, 0.9851678209790083)
