(1, 0.22035019305857328)
(-1, -0.11330819236103501)
(1, 0.7302849340350214)
(-1, -0.40346856038981094)
(-1, -0.8099326836971366)
(-1, -0.14743917024779135)
(1, 0.30724675061925005)
(-1, -0.9955151769523829)
(0, -0.3563169088796462)
(0, -0.08910554008715466)
(0, -0.10802379300532161)
(-1, -0.8647230397811635)
(0, 0.09779181561092865)
(0, 0.1007958316883476)
(1, 0.8186427929916155)
(1, 0.36521455607480374)
(0, -0.02833544307686056)
(0, -0.06309435759351226)
(-1, -0.7248075057533101)
(1, 0.2979600356446447)
(-1, -0.6016510044188459)
(-1, -0.9705599836639548)
(1, 0.4129886708627046)
(0, 0.39546420054867965)
(0, 0.014410952749047181)
(-1, -0.9182605813902663)
(-1, -0.9931179050287702)
(-1, -0.7365839333480162)
(-1, -0.935498884972537)
(-1, -0.9065670464803248)
(0, -0.05625785882533302)
(1, 0.37209780662619996)
(-1, -0.816682052024835)
(1, 0.6370776166264577)
(-1, -0.2561835895468522)
(-1, -0.15466893327029263)
(0, -0.04501015432709624)
(0, 0.0018127343623488557)
(0, -0.06765460210613114)
(0, 0.0981063626279221)
(0, 0.10366844617194645)
