(0, 0.4840193107998044)
(0, -0.13671019085513944)
(0, 0.08511400214823323)
(1, 0.2862874880453083)
(-1, -0.11370658061517436)
(1, 0.3113070938854221)
(0, -0.37365194736377416)
(0, 0.2794742629274934)
(1, 0.45777463141334734)
(0, 0.07152192218853932)
(1, 0.3339338647392429)
(1, 0.534376261999477)
(0, -0.10515258586751364)
(0, -0.2896772667061399)
(1, 0.9343735389982485)
(1, 0.7379230755268558)
(0, 0.1902918856012383)
(0, 0.17034097545003832)
(1, 0.7419136436734396)
(0, -0.011182833921112634)
(1, 0.5429629155336944)
(-1, -0.8091322292667144)
(1, 0.9402292725665359)
(1, 0.8474551448973476)
(1, 0.953148647909936)
(0, 0.05651440238314864)
(-1, -0.9393010501924728)
(1, 0.05938120350269893)
(-1, -0.5547710811503177)
(-1, -0.13504436445859602)
(0, -0.15913788591501063)
(-1, -0.812382591907749)
(1, 0.9037741977125388)
(0, -0.021132630427041277)
(0, -0.06765460210613114)
