(0, 0.0005580761278985158)
(0, 0.03274549583973105)
(0, 0.0077573684889658545)
(-1, -0.7851139081420382)
(-1, -0.7232030434782116)
(-1, -0.8111294520250476)
(-1, -0.5933221084754761)
(-1, -0.4800521006719637)
(0, -0.11346137394628042)
(-1, -0.534707713935567)
(0, -0.055375313954252325)
(-1, -0.8101007206828986)
(0, 0.02002605338255169)
(-1, -0.9785796921109905)
(-1, -0.4699009037029765)
(1, 0.40551959029825607)
(-1, -0.24929459131497506)
(0, -0.17478879166977107)
(1, 0.44702101264560895)
(0, -0.06281418908415834)
(-1, -0.2624555900442245)
(-1, -0.32255394184540875)
(-1, -0.42099964810489193)
(-1, -0.8675605614373447)
(0, -0.12055284929344987)
(1, 0.7858022387682321)
(-1, -0.04392089464061427)
(1, 0.6909679751285558)
(-1, -0.6075372042426022)
(0, 0.029266995114559602)
(1, 0.6326383003859755)
(0, -0.27850877271212393)
(-1, -0.8101305276120285)
(1, 0.83169898639451)
(0, -0.090826205450486)
(-1, -0.6139422219054975)
(-1, -0.554939492313707)
(0, -0.008185233759735261)
(-1, -0.5048074394148612)
(-1, -0.3774745044661183)
(0, -0.32431518318279495)
(0, 0.04517824563333259)
(-1, -0.8697458310906317)
(0, -0.14547407938132956)
(-1, -0.48854112636205366)
(0, 0.06080869737862929)
(0, -0.05758306289530313)
(0, -0.15193892362533307)
(-1, -0.23310143030017677)
(0, -0.016363081352845282)
(0, -0.3757342554487201)
(-1, -0.10561777928446192)
(0, -0.10100415105087523)
(0, -0.27857226215384684)
(0, -0.08237372768236476)
(-1, -0.9679429077423203)
(0, -0.24282238495265115)
(0, -0.01168508445794006)
(1, 0.2569749935557018)
(-1, -0.5083652810105082)
(-1, -0.7232145210546291)
(-1, -0.7922188992129664)
(0, -0.3186467250781974)
(1, 0.04336398670723923)
(-1, -0.9981912282295105)
(-1, -0.7655544399707707)
(0, 0.0006091012644629818)
(0, -0.029543065892015302)
(-1, -0.5152274095999548)
(0, 0.005260138069557607)
(0, -0.007172392007076459)
(0, 0.3070738462568597)
(-1, -0.6854484597727836)
(0, -0.0031753599161495998)
