(1, 0.279155727760787)
(1, 0.4735615532784959)
(-1, -0.6195982729096361)
(0, -0.18419279772104577)
(0, -0.25188336072895723)
(-1, -0.9113680200520599)
(-1, -0.9943789975778369)
(-1, -0.9362619641020699)
(-1, -0.5994367051539452)
(-1, -0.6349991700165596)
(-1, -0.8323182489786138)
(0, 0.1511225623938252)
(-1, -0.9464238074048412)
(0, -0.24763926349103454)
(-1, -0.8934443873975096)
(-1, -0.07919581836639794)
(0, -0.10619294854226785)
(0, -0.08647498157504196)
(-1, -0.2052424473283726)
(-1, -0.31864614415546644)
(-1, -0.821166925145338)
(0, -0.26263384582386323)
(0, -0.0621964587208607)
(1, 0.7722803224612115)
(-1, -0.11754435502818006)
(-1, -0.9955404100810983)
(1, 0.09739575845527615)
(-1, -0.6748658263304703)
(0, 0.0896799390306198)
(-1, -0.5364236048623809)
(0, -0.057599915983903266)
(-1, -0.46429737646471203)
(1, 0.006134248867839698)
(1, 0.5506389228701181)
(-1, -0.14525884039834133)
(-1, -0.9385395565815096)
(1, 0.5562532259780774)
(0, 0.226873469523644)
(-1, -0.8301160039005716)
(-1, -0.5781790740644733)
(-1, -0.3809768875660416)
(-1, -0.9591766354219177)
(-1, -0.4783782756819799)
(0, -0.033172421630936484)
(-1, -0.9998608961895273)
(-1, -0.9367882354254796)
(-1, -0.8158363778572866)
(1, 0.2004244485998089)
(0, -0.10457818245338499)
(-1, -0.7431514106322158)
(0, -0.1277471728201829)
(-1, -0.7361807864889722)
(-1, -0.8106124317341182)
(1, 0.3966354598118454)
(-1, -0.9683513045089103)
(0, -0.1417981162566702)
(-1, -0.674998205491955)
(-1, -0.9637670301129883)
(0, -0.31259440914919945)
(0, 0.00046365088668126153)
(0, 0.004648065440670392)
(0, -0.0423280986918107)
