(1, 0.6910608838174834)
(1, 0.9210881839687223)
(1, 0.9937655943955058)
(1, 0.2982403233208861)
(0, 0.27686545677593083)
(1, 0.9029666315085079)
(1, 0.6168865737180328)
(1, 0.7051282580119136)
(0, 0.10526860358553258)
(0, 0.25071570116343106)
(0, 0.08678620195621953)
(0, -0.06099391214768296)
(0, 0.08432613633095998)
(1, 0.9632765699549988)
(1, 0.1995329281726983)
(0, -0.00508962616108998)
(1, 0.6079383416613193)
(-1, -0.3272578302253889)
(1, 0.5784469516697626)
(1, 0.13229762196963785)
(0, 0.41145296601826103)
(1, 0.49229165926786095)
(0, 0.050829909308972486)
(0, 0.002642119071638695)
(0, 0.09883314148218178)
(1, 0.28467186658835)
(1, 0.6747436182560134)
(-1, -0.32593280663729907)
(-1, -0.4713930059172405)
(0, 0.15484985587531708)
(1, 0.650322037953727)
(1, 0.8501374249331892)
(1, 0.7875147056076807)
(0, -0.17616893808917944)
(1, 0.6874944857127265)
(1, 0.8133496184918767)
(1, 0.5499676084965317)
(1, 0.7172897555110983)
(-1, -0.6559550055642969)
(-1, -0.9464882570199642)
(0, 0.019402023325638888)
(1, 0.0670595838091782)
(-1, -0.646040713395752)
(1, 0.5615307536263836)
(0, -0.19614173797519346)
(-1, -0.17623388419063352)
(-1, -0.7121239371434908)
(1, 0.41766300049367794)
(0, -0.11408872288259841)
(1, 0.8428506819708057)
(1, 0.011240809424009346)
(1, 0.24545374116814445)
(-1, -0.8918455177868404)
(1, 0.7198282931302205)
(1, 0.688668184656714)
(0, -0.26099456166794943)
(1, 0.11652719071697809)
(-1, -0.05981348523763491)
(1, 0.7839788813280634)
(-1, -0.4929550011610342)
(1, 0.4851758605397031)
(1, 0.9284343676933743)
(-1, -0.04586344422495042)
(0, 0.1295434037667037)
(0, -0.06765460210613114)
(1, 0.9610947496354099)
(0, 0.16220148951949842)
