(1, 0.378307625246292)
(0, 0.0047068436734174135)
(0, -0.28548195707011126)
(1, 0.3534469103584627)
(1, 0.43153959820772886)
(1, 0.9547145721896807)
(0, 0.18603366091641382)
(-1, -0.1461978156068519)
(1, 0.6505859327004975)
(1, 0.973213252074208)
(0, -0.09367325581420609)
(1, 0.7052449442159859)
(-1, -0.16199978873614113)
(-1, -0.8061651946674565)
(1, 0.5368025150883636)
(1, 0.1629739840511812)
(-1, -0.400425225227316)
(-1, -0.4543416875802993)
(1, 0.6877539669383241)
(-1, -0.7387647963438273)
(1, 0.7637564276856866)
(1, 0.1045258997475833)
(1, 0.6839942319928309)
(0, 0.40803198644512323)
(0, 0.2604218438834018)
(-1, -0.9505899890236046)
(1, 0.5474130641804869)
(1, 0.5887200599337623)
(0, 0.0455812271236789)
(0, -0.10806375305152235)
(1, 0.883805495071867)
(-1, -0.45987144555241416)
(1, 0.4028087834369196)
(0, 0.02527525786650657)
(0, -0.020537130929819403)
(0, -0.010642414620365038)
(0, -0.072233605274557)
(0, 0.25430942557157477)
(0, -0.08158607410630761)
(1, 0.44957449985967113)
(0, 0.06090367161932561)
(-1, -0.32287379974276)
(0, 0.18216424094436193)
(1, 0.8337259309683283)
(1, 0.9000014684667671)
(-1, -0.22981446749316983)
(0, -0.030938835344200638)
(0, -0.03669144180683834)
(0, 0.27444698303050785)
(0, -0.010409676942285246)
(-1, -0.5303195380816429)
(0, 0.006400796665478537)
(0, -0.009478561369019228)
(0, 0.08156247675586567)
(1, 0.6054190481532855)
(-1, -0.5856333516863682)
(1, 0.5326622695500111)
(0, 0.016403165640237992)
(1, 0.7461509031952983)
(0, 0.11532214875246402)
(0, -0.06204916857777912)
(1, 0.44542727506217594)
(1, 0.15288140922640747)
(0, -0.16270890994956297)
(1, 0.0336032459772001)
(1, 0.8880542969442453)
(1, 0.18040499772897395)
(1, 0.7349835563768313)
(1, 0.6726885908702156)
(0, -0.07318245123785844)
(0, 0.0589353197160426)
