(1, 0.7191910958511631)
(1, 0.7130643423744177)
(0, 0.07069530147980493)
(0, 0.1815915072657038)
(0, 0.17338210023319708)
(1, 0.5265170333437325)
(1, 0.7821648807169255)
(1, 0.10196507816733008)
(1, 0.7677809025043618)
(0, 0.10940667590005933)
(0, -0.007591742831205228)
(1, 0.5310036044556252)
(1, 0.9871237363310599)
(0, 0.008887983557275075)
(1, 0.3766983752180664)
(1, 0.21298132744062942)
(-1, -0.42935986058356534)
(1, 0.7098745023177917)
(-1, -0.16907765179369405)
(0, 0.009235077192768212)
(-1, -0.4703166145928569)
(1, 0.34093649046953983)
(0, 0.1051349597252198)
(1, 0.10271235672530327)
(-1, -0.9108890211700754)
(1, 0.8604764211981965)
(1, 0.9498160096874226)
(1, 0.7671956728533333)
(1, 0.5612913332978776)
(0, -0.01756956468238713)
