(1, 0.8477521151975048)
(-1, -0.5101361028825129)
(0, -0.29552307223375446)
(-1, -0.8947899725996502)
(0, -0.07272420216157033)
(1, 0.45838659365744977)
(0, -0.012299542536598151)
(1, 0.5716223309356919)
(-1, -0.7617170654780632)
(0, -0.030936890492534667)
(0, -0.10881823417289675)
(-1, -0.41569381898505947)
(-1, -0.4906375877426598)
(0, -0.08904369005104923)
(-1, -0.5003455713346016)
(1, 0.6997852379755385)
(0, 0.040069247933898475)
(0, -0.029676038340602173)
(1, 0.7582182928060042)
(0, 0.3924975383815417)
(-1, -0.33256730585941235)
(1, 0.4777759132857078)
(1, 0.7858445247180883)
(1, 0.2819308316910315)
(0, 0.016163643659948046)
(-1, -0.3001119585330626)
(1, 0.2326487553654907)
(0, -0.24325286026349682)
(1, 0.2984815318135917)
(1, 0.707117026393292)
(-1, -0.26585673936054505)
(0, 0.21479173930695503)
(0, 0.1742874048596473)
(1, 0.9129017219821018)
(1, 0.3986455134721514)
(-1, -0.6489507459359323)
(-1, -0.4044019527613001)
(-1, -0.05459396507821185)
(0, -0.2717494855393363)
(0, 0.025545413426751207)
(0, -0.19261007251264345)
(1, 0.37836800265907533)
(1, 0.6457744069409295)
(0, -0.08693663574499316)
(0, -0.05548116798339148)
(0, -0.20286758906492275)
(0, -0.17648202278948782)
(1, 0.9877894601287517)
(0, 0.12753992538290942)
(1, 0.2257922602738714)
(1, 0.4519660372016979)
(-1, -0.686714793512663)
(1, 0.1614136597842779)
(-1, -0.6804689213447064)
(1, 0.22461067164507237)
(0, -0.036853811516010054)
(0, -0.08401301586540139)
(0, -0.13647659506595763)
(1, 0.41979438581967043)
(1, 0.18120294103322715)
(1, 0.8793219226818849)
(1, 0.3397506374581817)
(-1, -0.7455024320102065)
(0, 0.00944074025236577)
(-1, -0.2185167962569255)
(1, 0.2827442111516677)
(0, -0.027948277093257715)
(1, 0.9170184078267606)
(0, -0.06326352878747335)
(0, 0.16113786720159265)
(0, -0.2296289811470481)
(0, -0.165863146118934)
(0, 0.010893361137969224)
(0, -0.13339345041140643)
(1, 0.25577500390999675)
(0, -0.07450415793507048)
(1, 0.5084102532176686)
(-1, -0.8699636720595642)
(-1, -0.2823362188034434)
(1, 0.9449963103865142)
(0, 0.16809301353245246)
(0, 0.0005432743771382981)
