(1, 0.9933758970612305)
(1, 0.5265348195196191)
(0, -0.08827995400807487)
(0, 0.006878619670743574)
(1, 0.8264129495582457)
(0, 0.05555542166970213)
(0, 0.09331433233025431)
(0, 0.04890664119981064)
(0, 0.15476302257959706)
(0, -0.02042211620173398)
(1, 0.39602868278436165)
(0, -0.010057765715351882)
(1, 0.6955323803888557)
(0, 0.2997125962770405)
(0, 0.23654525278989808)
(0, 0.012174327810869048)
(1, 0.9362370055188959)
(0, 0.3321948230556393)
(1, 0.9910786428263045)
(0, -0.28249609864469716)
(1, 0.16684871416126226)
(1, 0.47392813583938015)
(1, 0.5237459150921678)
(0, -0.00024329244312113656)
