(0, 0.027665964998618682)
(0, 0.021555005881960312)
(-1, -0.12958770099771566)
(-1, -0.775293115829851)
(0, 0.16103955847286694)
(0, 0.24240152282642816)
(-1, -0.12335224099462178)
(1, 0.24919443582521592)
(1, 0.6015543537363309)
(-1, -0.9739758912282898)
(1, 0.6183177141593096)
(1, 0.7346723045123126)
(1, 0.5613111639723924)
(1, 0.6767077585271285)
(-1, -0.07944681432704731)
(1, 0.774616668050968)
(-1, -0.7132858840654271)
(-1, -0.6314601263204985)
(-1, -0.9370998870173164)
(-1, -0.8578190727477286)
(-1, -0.3251918033482646)
(0, 0.21086169322313256)
(1, 0.5104766240593285)
(1, 0.8581545818763938)
(-1, -0.20017368216009468)
(0, -0.01934820399163477)
(0, -0.3017824590713283)
(1, 0.9262931079890131)
(1, 0.769084634417739)
(-1, -0.5555317201753579)
(0, 0.048672331017119916)
(0, 0.176287019661154)
(1, 0.6657821353772093)
(1, 0.5909421884085195)
(-1, -0.38142843502076)
(-1, -0.27377247835588375)
(1, 0.9206669908658975)
(1, 0.2826357865067247)
(0, -0.08238696797518719)
(0, -0.1899478155956315)
(-1, -0.2698921663737297)
