(0, 0.057474616459218676)
(0, 0.06996454387171748)
(1, 0.35114391607451134)
(-1, -0.7945943719881371)
(0, -0.06492397324226595)
(1, 0.5796162092996708)
(0, 0.062258598037164964)
(-1, -0.24356418314465905)
(0, -0.2576476794433783)
(1, 0.5099547519046862)
(0, -0.17173136966128197)
(0, -0.05438514066497954)
(0, -0.00956333099590502)
(-1, -0.5337232476271812)
(0, 0.08611951666899081)
(-1, -0.38952472364167534)
(1, 0.9095507352819173)
(1, 0.40204108584308446)
(1, 0.3226223494219571)
(-1, -0.1160768655203619)
(1, 0.31914441779003055)
(-1, -0.8529539470035896)
(-1, -0.05412031802855888)
(-1, -0.4871612109439335)
(-1, -0.6082382793994847)
(-1, -0.830817591370313)
(-1, -0.21783068836707942)
(-1, -0.35097354142800935)
(1, 0.9012658431259845)
(-1, -0.5434059702966754)
(-1, -0.8145446366420817)
(1, 0.7566878967503561)
(-1, -0.9495639339535554)
(1, 0.4961453565994732)
(-1, -0.4436294621945434)
(-1, -0.521619069447815)
(1, 0.24951096303130027)
(-1, -0.561423118503393)
(-1, -0.9895800335933078)
(0, -0.010875402591797867)
(1, 0.5118398516644491)
(0, 0.013005083984522908)
(-1, -0.5854639430931389)
(0, 0.0286025550798035)
(0, 0.35004165404564125)
(0, -0.005107780624822256)
(1, 0.5138765181873935)
(0, 0.056586189581229275)
(-1, -0.05294399055995702)
(0, -0.02563945650005183)
(0, 0.010660373389865668)
(1, 0.6980408050457703)
(-1, -0.5240524660785904)
(0, 0.10259556597700531)
(0, 0.13189863010194258)
(-1, -0.4436294621945434)
