(1, 0.6120060380720524)
(0, -0.02917614889047017)
(0, -0.04780549344218871)
(0, 0.04858986543203883)
(1, 0.42065334293287104)
(0, 0.0216468587559729)
(0, 0.15868655916225893)
(0, -0.2930350546478351)
(0, -0.07763380662164832)
(0, -0.2455608940720571)
(0, 0.08150749786451114)
(0, -0.09223602170875167)
(0, 0.1739323882229713)
(0, -0.30795223298550634)
(1, 0.024037304243733792)
(0, -0.0075429538334271795)
(0, -0.34842636440963987)
(0, -0.14196989778281904)
(0, 0.10672279464579265)
(0, 0.025790431080049116)
(-1, -0.7579027771491449)
(-1, -0.09874148072149608)
(1, 0.8055970659460964)
(-1, -0.35362483696749236)
(0, 0.20809313962818315)
(1, 0.2560892175817441)
(0, -0.2241609004547178)
(0, -0.15044386589517708)
(-1, -0.21002267659852347)
(1, 0.7465842666191537)
(1, 0.5173832318742416)
(0, -0.0620512465724653)
(1, 0.33691864686334216)
(0, -0.06765460210613114)
(0, 0.11679887827021079)
(0, 0.2976804231230707)
(-1, -0.708657068095786)
(-1, -0.6281968644431225)
(1, 0.11672932523883994)
(0, -0.1546795237032639)
(0, -0.19408818025055824)
(0, -0.3374572003094164)
(0, -0.31550295720820815)
(1, 0.1885741603572248)
(0, -0.04966587532153473)
(0, -0.08025367687659417)
(-1, -0.29853141827738844)
(1, 0.17055327126868808)
(-1, -0.44087125144006895)
(0, -0.02621708688030816)
(1, 0.13352365814669181)
(0, -0.16760243293172006)
(-1, -0.38758202392523966)
(-1, -0.8203629333740123)
(0, -0.019029084177925794)
(0, -0.24852674148118511)
(0, -0.30026169327803776)
(-1, -0.35465092488957617)
(1, 0.48687556904144985)
(0, -0.12225382567695658)
(0, -0.1545210690365001)
(0, 0.23264446825860746)
(1, 0.6218762901054217)
(0, -0.0032961955839929946)
