(-1, -0.5436805641550493)
(0, 0.07017261430152819)
(-1, -0.9980896734399058)
(1, 0.5515969039622691)
(0, 0.07760777146624868)
(-1, -0.987177752701104)
(1, 0.7434724981896653)
(1, 0.828637073115763)
(1, 0.7990879687582277)
(1, 0.33109893029974663)
(0, 0.2589568294423862)
(0, -0.06534552906711764)
(1, 0.7467024183206538)
(-1, -0.7412919437949992)
(0, -0.12596553258432386)
(-1, -0.8469059120735677)
(0, -0.09333407046839903)
(0, 0.3103825516867231)
(0, -0.06244326040512427)
(-1, -0.7151399516735822)
(0, 0.3707330693504251)
(-1, -0.40431121773641443)
(-1, -0.9748117900563301)
(1, 0.027967491977551218)
(1, 0.2681845382620303)
(-1, -0.431683723258541)
(-1, -0.867191462416933)
(-1, -0.8991866722175977)
(-1, -0.9296521479694816)
(-1, -0.6136898489416343)
(1, 0.0826610708186622)
(-1, -0.2871902567933923)
(-1, -0.7443603468380464)
(-1, -0.7086297207345377)
(0, -0.1797477949773664)
(0, 0.06270890369645504)
(0, -0.048122285909385526)
(-1, -0.2684383820361874)
(-1, -0.6217041294945753)
(-1, -0.2645113381670189)
(-1, -0.04323517126935822)
(-1, -0.5983388143054275)
(-1, -0.9992279782960505)
(0, 0.03342198479692281)
(-1, -0.8412304358687465)
(-1, -0.8487069584300589)
(-1, -0.9752506771131939)
(1, 0.04375761123101113)
(-1, -0.8343784411511311)
(1, 0.9463586460689456)
(0, 0.0015120624276680629)
(1, 0.6218762901054217)
(0, 0.15846801765561175)
