(1, 0.6900396953460263)
(1, 0.289230098999106)
(0, -0.010447246934746884)
(0, 0.06271291364389972)
(0, -0.020128241881770342)
(0, -0.06660661060505449)
(-1, -0.630104057841936)
(0, 0.03491736083793007)
(0, -0.01473642904089388)
(0, 0.14637953878338356)
(1, 0.8753589233969943)
(0, 0.044948388200177436)
(1, 0.686343832387388)
(-1, -0.4678391633518739)
(0, 0.022727673187367518)
(-1, -0.9014447944396674)
(0, -0.043510239898689795)
(-1, -0.5690945209722826)
(-1, -0.408904443132896)
(-1, -0.460401561964201)
(-1, -0.3128814719209032)
(-1, -0.44444906715502014)
(-1, -0.9811860475312554)
(1, 0.6801035819379349)
(0, 0.08024591825822264)
(1, 0.6973733424123651)
(-1, -0.853883829597905)
(-1, -0.4415445176853824)
(-1, -0.5580758874875096)
(0, -0.39103813409337446)
(0, -0.017323635709331153)
(-1, -0.9418344270667256)
(-1, -0.9680581624130155)
(0, -0.1405499266770091)
(0, -0.08728150017380343)
(-1, -0.527655837272534)
(1, 0.36263764490684935)
(0, 8.331234005605286e-05)
(-1, -0.7379437670284296)
(-1, -0.7214928871525492)
(1, 0.8626096513519793)
(0, -0.06765460210613114)
(0, 0.1119117854778107)
(1, 0.7350497268856676)
(-1, -0.3782023221124525)
(0, -0.0005304534866307698)
(-1, -0.6027766212014154)
(0, 0.13932897708745431)
(0, -0.20524180774705303)
(0, 0.01253349647139521)
