(1, 0.4611909912898583)
(0, -0.23722248947768404)
(0, 0.3206691124242132)
(1, 0.6629594371913242)
(-1, -0.7935170737802961)
(1, 0.9601231595162403)
(-1, -0.08727366561681721)
(-1, -0.7191767365286597)
(0, 0.052870937037781535)
(0, 0.0013459001103395402)
(1, 0.08976736765905874)
(0, 0.16260448690182147)
(0, -0.22139719489103912)
(1, 0.4634842728375085)
(0, -0.0466251911797777)
(1, 0.525528999732576)
(1, 0.9706271557715239)
(0, 0.15378313288582893)
(0, 0.46062941151688885)
(-1, -0.5246329974797337)
(1, 0.5305114318877017)
(0, 0.4522055141404215)
(1, 0.23506952287052793)
(1, 0.7100719985721365)
(1, 0.5424009721363728)
(0, -0.14659278936949985)
(0, 0.10094560156131271)
(0, 0.33850923091684637)
(0, 0.05231992752377301)
(0, 0.2212454088638542)
(1, 0.11561914107396992)
(-1, -0.35088881120830584)
(-1, -0.3248673415652622)
(1, 0.397942268345576)
(-1, -0.15679458572444555)
(0, 0.0987586411341308)
(1, 0.9822875820346658)
(0, -0.04939847741991091)
(-1, -0.6080058367906142)
(-1, -0.370650182456676)
(-1, -0.22939364925417866)
(0, -0.09522061079074397)
(-1, -0.4980031399013012)
(0, -0.05062327316885046)
(0, -0.09817933926573187)
(-1, -0.7658135903894279)
(-1, -0.9458405072265975)
(1, 0.0743126615717623)
(-1, -0.9277986341559855)
(1, 0.7193635395497372)
(-1, -0.02397142903084898)
(0, -0.016826344440213407)
(0, -0.04355276425905594)
