(-1, -0.8519965723564971)
(0, -0.19235453430398447)
(1, 0.5020273377123672)
(-1, -0.9447275233212692)
(0, 0.05720021184651979)
(0, -0.14689508191053108)
(1, 0.7716212695691365)
(0, -0.21857045803340755)
(1, 0.9361980381286804)
(-1, -0.5323260633592402)
(-1, -0.7049834845173547)
(1, 0.44382307790821407)
(-1, -0.5891517952797641)
(0, 0.08192174230484897)
(0, 0.3223502594774268)
(1, 0.878040635328571)
(-1, -0.9376375496748086)
(1, 0.9370113930073727)
(1, 0.4086004971818013)
(1, 0.22873296962799639)
(1, 0.8864805635728388)
(-1, -0.08063337567430984)
(0, 0.014686307391441777)
(1, 0.7774042608309938)
(1, 0.6287462174728778)
(1, 0.22478054287842408)
(1, 0.9997209823219164)
(-1, -0.7953412772846702)
(0, -0.3188569424231985)
(0, -0.09008371430229592)
(1, 0.6806400078636075)
(1, 0.30995077302861906)
(-1, -0.9134537198420792)
(1, 0.4223422787944496)
(0, -0.1282343094723243)
(-1, -0.3827102288311638)
(-1, -0.4019989979783317)
(-1, -0.2506108303882477)
(-1, -0.3026585592020564)
(1, 0.11827709707786271)
(-1, -0.7849069784001294)
(-1, -0.6627235014102466)
(-1, -0.4172184787944401)
(1, 0.46640276015411714)
(-1, -0.794661903712849)
