(1, 0.8383065285505042)
(1, 0.9351947055502104)
(1, 0.751582096830047)
(1, 0.4835159310477507)
(-1, -0.03975373459947623)
(1, 0.31125467257583866)
(1, 0.7961730776880849)
(0, 0.11118854447837274)
(1, 0.9103568653896823)
(0, 0.07148577048370455)
(0, 0.05373383087776752)
(0, -0.018651041855524814)
(1, 0.5379319085843806)
(0, -0.1093572085387329)
(0, 0.043855607944996905)
(1, 0.4990252571947332)
(1, 0.7854574412945236)
(0, 0.04698907423942492)
(1, 0.7597702880735668)
(1, 0.9206373194735351)
(0, 0.04348275276905442)
(0, -0.007411845328951436)
(1, 0.6609219740363848)
(0, -0.10248102960680028)
(1, 0.49699109157174126)
(0, -0.0034911558040470747)
(0, 0.03940427749960684)
(-1, -0.3909162439177364)
(-1, -0.7001494604220182)
(0, 0.08600882074037776)
(0, 0.09240728765528178)
(0, 0.05810020801604315)
(0, 0.07929217024994709)
(0, 0.22872751743837985)
(1, 0.7162590128416501)
(0, 0.025136083346795304)
