(0, 0.16167161232370036)
(0, 0.4310065085454403)
(-1, -0.2140922654756124)
(0, 0.09150131114183496)
(1, 0.9614761700937943)
(0, 0.03374155810995497)
(0, 0.16837901909804884)
(1, 0.8665713012361207)
(0, 0.021343383053039983)
(1, 0.7094695140257551)
(1, 0.4035926103181524)
(0, -0.01724117758956697)
(1, 0.626738984160978)
(0, 0.03246694750351228)
(1, 0.5037926753648988)
(0, 0.26531071542460233)
(1, 0.4027464647816067)
(0, 0.11633742388882318)
(1, 0.6465029424912105)
(1, 0.033789301053802956)
(0, -0.005227334749339202)
(0, -0.031185517452230416)
