(-1, -0.6001313354017405)
(-1, -0.5652972818360106)
(0, -0.12839020366569445)
(0, -0.08823038873782915)
(-1, -0.14495284957960036)
(1, 0.2228791867916353)
(1, 0.5164631540857109)
(-1, -0.4766493730538162)
(1, 0.6342040199078491)
(-1, -0.02629248673692053)
(-1, -0.633136840505357)
(1, 0.7877419425437645)
(0, 0.06802169001501017)
(-1, -0.1184540349897325)
(-1, -0.8321571265806307)
(-1, -0.7017288188272751)
(1, 0.43659018248361364)
(0, 0.014451041752524998)
(1, 0.5774738646072668)
(-1, -0.2793554153404914)
(-1, -0.668107272364894)
(-1, -0.32653229599241057)
(-1, -0.31219933913171355)
(-1, -0.944708383966682)
(0, -0.06939043308365911)
(0, 0.017602350497365526)
(-1, -0.18069777326675956)
(0, -0.10114484131185789)
(-1, -0.7698897279229874)
(1, 0.6510715051122193)
(-1, -0.5508659470199277)
(0, -0.27882481608237325)
(0, 0.03973712844544965)
(1, 0.7567191272394126)
(0, 0.14576993399015412)
(0, 0.015822970273438264)
(0, -0.1197711421825962)
(0, -0.008476487521379944)
(0, -0.17374917116396144)
(1, 0.7279458285955367)
(1, 0.7172767618648892)
(1, 0.1282272115170457)
(0, -0.10499414579715895)
(0, 0.0919916795966091)
(1, 0.8868807705615233)
(1, 0.518545969922521)
(0, 0.23240995709624337)
(0, -0.05008286583812341)
(-1, -0.9267132243255826)
(-1, -0.549303500205554)
(1, 0.45546613851968776)
(-1, -0.13788286813256423)
(0, 0.08697484320351427)
(-1, -0.3755447812248813)
(-1, -0.24940913321379288)
(0, 0.11946916719162962)
(-1, -0.9791151881413037)
(-1, -0.8338612451673505)
(1, 0.7126523522855169)
(0, -0.05377265480506167)
