(1, 0.6013730876220491)
(0, 0.09652944663662388)
(0, -0.03595803200044382)
(0, 0.1826941643343185)
(0, 0.36918164119567315)
(0, 0.16240452480481207)
(0, 0.2352751999162773)
(1, 0.9631680181375291)
(0, 0.4564518757828778)
(-1, -0.3370022738244006)
(0, 0.4181329987037683)
(-1, -0.005444888985912333)
(-1, -0.011558387564340855)
(0, -0.08176553217121624)
(0, -0.02674912419806369)
(0, 0.1528601255619188)
(0, -0.17237697683475345)
(0, -0.044569483145133273)
(0, 0.029814337222258982)
(1, 0.5690687055763463)
(0, 0.02382123312192647)
(0, 0.20685917364550305)
(0, 0.04718416502164138)
(0, -0.03349274371069971)
(0, 0.02017914130173659)
(0, 0.033866913362343314)
(0, 0.14151882793902615)
(1, 0.5427328652018072)
(1, 0.3971467653011307)
(0, 0.3996441185606204)
(0, -0.050537428917951085)
(1, 0.97377559456038)
(1, 0.8127610871219542)
(1, 0.7160655256643922)
(0, -0.0045405882715045115)
(0, -0.01115235261736288)
(0, -0.15250295243922568)
