(1, 0.8873174783750223)
(-1, -0.09908551425804157)
(-1, -0.32043241380765036)
(0, 0.23499616520153538)
(0, 0.2012730473792036)
(0, -0.34909949767505555)
(-1, -0.6688147476820364)
(0, -0.040498020100108695)
(1, 0.6686440475558229)
(0, -0.167547933146738)
(-1, -0.38151549197863166)
(-1, -0.02265413764624291)
(1, 0.03453202145008527)
(-1, -0.9256333879324845)
(0, 0.18991594789367797)
(-1, -0.14619729763430822)
(0, -0.04695230536887856)
(-1, -0.06456463377810695)
(1, 0.7854490913790736)
(1, 0.7396228314625719)
(0, -0.2666975067791917)
(-1, -0.47321909076296303)
(1, 0.6699651124008414)
(-1, -0.4238475296732594)
(1, 0.5764105201961907)
(0, -0.1149999675895089)
(1, 0.48497308664452154)
(1, 0.5071471416748677)
(1, 0.38157989945698123)
(-1, -0.9901402649791451)
(-1, -0.6188423473207507)
(-1, -0.2669722223561914)
(0, 0.13264223442303327)
(1, 0.6243372317727781)
(0, -0.004011833102826767)
(0, -0.28347150253160985)
(0, 0.0006948736118124093)
(0, -0.08541613193332921)
(1, 0.39176259742977787)
(1, 0.2565193870938779)
(-1, -0.9236480774165278)
(1, 0.4885735515629561)
(-1, -0.9820623758749003)
(0, -0.04556392431179261)
(1, 0.5884175014654869)
(-1, -0.6509383970714914)
(1, 0.9664808774807598)
(0, -0.08708003973775075)
(-1, -0.45229763130877104)
