(1, 0.9709402560454486)
(1, 0.43805431027622377)
(-1, -0.864752023345435)
(-1, -0.4286536862514611)
(-1, -0.450770502791502)
(0, -0.1349785087422768)
(0, -0.012305415460677933)
(-1, -0.7627623814441873)
(1, 0.22182319940920486)
(1, 0.9968475198127182)
(-1, -0.23028583208185044)
(0, -0.06357648601984342)
(-1, -0.9755473077087585)
(1, 0.60204679468405)
(-1, -0.32076493979770115)
(0, 0.45078281390695496)
(-1, -0.584232745972997)
(1, 0.822626603424905)
(-1, -0.05437450142954392)
(-1, -0.8876853540173517)
(1, 0.2539635911192867)
(-1, -0.9879382016459277)
(1, 0.282742574302887)
(-1, -0.19858652602670784)
(1, 0.5215127910247428)
(1, 0.5631349595581542)
(-1, -0.7427402590282495)
(1, 0.24672843202634087)
(1, 0.8295876936219696)
(-1, -0.6355803277867996)
(0, -0.031308960938086744)
(-1, -0.5878756783708867)
(-1, -0.36297163015354006)
(-1, -0.5046307197354345)
(0, -0.17483471829583672)
(0, -0.21549350399029)
(0, -0.06270869352477329)
(0, -0.1298688431926897)
(1, 0.9338163149926603)
(0, 0.020035514628897133)
(0, -0.03133873580930739)
(-1, -0.7140370848980174)
(1, 0.013605711492900463)
(1, 0.10571824174708566)
(0, -0.10062052048181824)
(0, 0.03519694243395552)
(1, 0.058449560135073464)
(0, -0.00025914231094410946)
