(-1, -0.6399220912370358)
(-1, -0.32751928664366114)
(-1, -0.8283418846333073)
(1, 0.5452950158411614)
(-1, -0.7958603441572014)
(-1, -0.6932436332410249)
(0, 0.0827444853601682)
(-1, -0.8311783181789588)
(0, -0.2772524904354023)
(1, 0.6130365655843246)
(0, 0.034168318186100666)
(1, 0.9859824703637726)
(-1, -0.29370378098204825)
(-1, -0.3927382504193816)
(1, 0.5558767147132503)
(1, 0.673813963396503)
(-1, -0.7278470310632988)
(1, 0.9113960380201085)
(-1, -0.65460311057302)
(-1, -0.8036378398511461)
(-1, -0.7285027777736452)
(1, 0.5152482302203056)
(0, 0.009811463864956016)
(1, 0.17426133551454548)
(1, 0.883763554615612)
(1, 0.9212442099285502)
(0, -0.10462655495785442)
