(1, 0.4266125288431458)
(-1, -0.8920285965053165)
(-1, -0.9135472873676626)
(-1, -0.9212086695868787)
(-1, -0.9971084414955449)
(-1, -0.8632866896459603)
(1, 0.2329407842663318)
(1, 0.5990063951413854)
(-1, -0.8404727546429105)
(0, 0.16053386414082288)
(-1, -0.607960594172958)
(1, 0.886190582949657)
(1, 0.5757832826895634)
(1, 0.9951864511297625)
(1, 0.6014958865888975)
(-1, -0.6019172652654161)
(1, 0.8309091084742085)
(-1, -0.5948288946608635)
(-1, -0.686364738520643)
(1, 0.8662905698138487)
(-1, -0.6381558393558832)
(0, 0.24792055160390483)
(-1, -0.5469678496268691)
(0, -0.18999497217761416)
(0, -0.02039267770715207)
(0, 0.3959227414121624)
(1, 0.43911754948525)
(1, 0.4867927240930412)
(0, 0.0677169202820091)
(-1, -0.757022529777743)
(-1, -0.814693168068846)
(-1, -0.6699144923199614)
(-1, -0.3569990755856504)
(1, 0.9413441258584866)
(-1, -0.9420079067334521)
(-1, -0.277235547515092)
(0, 0.05468116915731652)
(-1, -0.5100132619529696)
(-1, -0.3352263545076276)
(0, -0.1664671897895591)
(-1, -0.3305951368495369)
(0, 0.09389636571325921)
(1, 0.867309943360168)
(0, 0.3430975255121593)
(1, 0.19853268693797854)
(-1, -0.6089587160395407)
(0, -0.06765460210613114)
(1, 0.7147391861733571)
(-1, -0.8868060270315987)
(0, -0.3299238921744228)
(-1, -0.7028090995101823)
(1, 0.2561315854428555)
(0, 0.011733715176703931)
(0, -0.20572438435167462)
(0, 0.1325231849039236)
(0, 0.012432975799872866)
(0, -0.4082169098968844)
(0, 0.00879378922129415)
(1, 0.10021793915676125)
(-1, -0.43159250160935203)
(1, 0.9038902886632035)
(0, -0.19834819408540155)
(-1, -0.32144617932880937)
(0, 0.05384622393133118)
(0, -0.3688913347004645)
(1, 0.8564145416165094)
(-1, -0.8533147014342203)
(-1, -0.21856364805725015)
(0, -0.006525818775718761)
(-1, -0.4124238676798987)
(1, 0.7993887747889035)
(-1, -0.661908450283372)
(0, -0.29119112989158413)
(-1, -0.19604576799596724)
(0, -0.024053641900546596)
