(-1, -0.3718100881749354)
(1, 0.530786368660741)
(1, 0.9009100903790982)
(-1, -0.3819616504665777)
(-1, -0.8405103053503223)
(-1, -0.647391089558205)
(-1, -0.6945897651740693)
(0, -0.2645696926600896)
(0, -0.23762121637471179)
(-1, -0.9439963378219476)
(-1, -0.1072263449659348)
(0, 0.22719013548259082)
(1, 0.214117636085895)
(-1, -0.524555157951095)
(0, 0.15015556730552015)
(1, 0.9846472741639475)
(-1, -0.2855659272115431)
(0, 0.09619610086693914)
(0, 0.0035642755723585343)
(0, -0.1090545443898261)
(1, 0.49265909343562503)
(1, 0.5440285136044805)
(1, 0.8671042137753155)
(0, -0.018394010284161683)
(-1, -0.11954713496905933)
(-1, -0.7623152539506797)
(-1, -0.3853458562987744)
(1, 0.5297334063786048)
(-1, -0.7772354229832585)
(0, 0.07665642046705616)
(-1, -0.7183757062344633)
(1, 0.9496670385135115)
(1, 0.9281338411349236)
(1, 0.9096873091728306)
