(1, 0.894288575751367)
(0, 0.4110849665334344)
(-1, -0.5246972023494444)
(1, 0.8549204650081673)
(1, 0.991555378552723)
(1, 0.9512872971976518)
(0, 0.06868346103897575)
(0, -0.1932206514264792)
(-1, -0.48069164868246417)
(-1, -0.31979660313354674)
(1, 0.678932542772184)
(-1, -0.7646275216773193)
(1, 0.8196295972035299)
(1, 0.4419308964412746)
(1, 0.4046646743596601)
(0, 0.19233230249948416)
(0, 0.005693582689197243)
(0, 0.2915486990285997)
(0, 0.42806181091868184)
(1, 0.008792163264101982)
(0, 0.2270563382073848)
(1, 0.9392288025788924)
(0, 0.3299581065800889)
(1, 0.686008728053362)
(0, 0.10737718779672459)
(1, 0.7213883924109639)
(0, 0.13570670772559976)
(0, -0.14268205095817235)
(1, 0.07054921627308053)
(-1, -0.7073754492966177)
(1, 0.7940309354165253)
(0, -0.07613133306630263)
