(0, -0.133608736743559)
(0, 0.018371688852852897)
(0, -0.06293441948607525)
(0, 0.02251608353403356)
(0, -0.008361889361300435)
(-1, -0.27631707651282295)
(0, -0.10043655483934007)
(0, -0.2716572129242002)
(1, 0.207610418850612)
(-1, -0.8596578431638904)
(0, -0.0674473618231434)
(0, -0.02410065768091388)
(0, -0.019093989577448605)
(0, 0.14430394899007926)
(1, 0.6743976605039762)
(0, -0.027663306239599963)
(0, 0.024067326587941543)
(0, 0.07669083526305107)
(-1, -0.9209370639216149)
(0, 0.1455582801823573)
(0, -0.10143746360426423)
(-1, -0.5415937940756962)
(-1, -0.9984064157380451)
(1, 0.7615308942623491)
(-1, -0.8396167295150002)
(-1, -0.7583146212313895)
(-1, -0.9741288772855304)
(0, 0.15507443143028105)
(0, -0.2961066262257616)
(-1, -0.07592412382896113)
(1, 0.9194908095797611)
(-1, -0.448292091101303)
(1, 0.6825679593761215)
(-1, -0.6012747960866783)
(-1, -0.40382567285422444)
(-1, -0.15433205741909567)
(0, -0.3273525926407165)
(-1, -0.4769210617458943)
(1, 0.8300330770910689)
(-1, -0.41914513393893654)
(1, 0.5251008871329644)
(-1, -0.9735110352140695)
(-1, -0.3188615406023114)
