(1, 0.9976305233532787)
(0, -0.152675540039506)
(1, 0.8264781489658783)
(0, -0.2013191199414111)
(1, 0.9777164511331061)
(0, 0.16078110171175433)
(-1, -0.25766635676557414)
(0, -0.05409802335573344)
(0, -0.034360029144809866)
(1, 0.023355568849049158)
(-1, -0.5554604941225132)
(-1, -0.03489835300340005)
(1, 0.7422919877739029)
(1, 0.3654263207940663)
(0, -0.0800589974222165)
(-1, -0.8720214790204344)
(0, -0.06535171845968701)
(0, -0.25794926089411085)
(0, -0.08390981743171663)
(0, 0.4341097067241214)
(1, 0.94512718998152)
(0, 0.04093857391664042)
(0, -0.006636149947580942)
(1, 0.2461318540105377)
(-1, -0.8192249619446845)
(0, -0.06790022009048147)
(-1, -0.6379910599173224)
(1, 0.47193048349250416)
(0, -0.0264127836901564)
(1, 0.9537376873797457)
(-1, -0.4055981682227967)
(0, 0.049672831751694124)
(1, 0.07563186028005914)
(0, 0.029002737476393488)
(1, 0.25555429492015047)
(1, 0.6409111210221548)
(1, 0.14832380951170765)
(1, 0.8643128314327806)
(1, 0.742837970366841)
(-1, -0.1986119002913203)
(-1, -0.6696905705626799)
(0, 0.10596871259494442)
(0, -0.2702354639521092)
(0, -0.014625052319500564)
(-1, -0.9745518216849032)
(-1, -0.9051351324931515)
(0, -0.018605950176759936)
(0, 0.11043741038551338)
(0, 0.06990337734501177)
(0, -0.0021132835245753004)
(-1, -0.8632770384960837)
(0, 0.43626436165553756)
(0, -0.003095426451220809)
(1, 0.7238324077228511)
(0, -0.0010743819150533657)
(1, 0.6863813975834171)
(0, 0.1809119537944391)
(-1, -0.19163385755415502)
(0, 0.0019401963471401527)
(0, -0.1287236323046025)
(0, -0.00024282799548863698)
(0, -0.010473089201842034)
