(1, 0.8505883722014037)
(0, -0.11949906229321361)
(0, -0.07007515361514924)
(-1, -0.0013147357196827691)
(0, 0.049974010605401964)
(0, 0.14423584526587155)
(-1, -0.0161055175783828)
(0, -0.11440847131782234)
(1, 0.15430994034222756)
(-1, -0.3373057071355335)
(1, 0.1919346389930469)
(0, 0.03078388115724504)
(0, 0.011450636064349639)
(0, 0.31049994103981554)
(0, 0.2558653915347338)
(1, 0.6052057157826662)
(0, -0.016701897188894047)
(0, 0.2200320292501049)
(0, 0.2365810685044511)
(0, 0.06591747808158538)
(0, -0.04796570023333452)
(0, -0.20220837068167888)
(0, -0.06683334788254008)
(1, 0.6908201082287723)
(0, 0.039755959475144625)
(1, 0.4499177487517248)
(1, 0.6235965273714325)
(0, -1.611442017807052e-05)
(-1, -0.19550897231599756)
(0, 0.011342356220216204)
(0, -0.044347888523705664)
(1, 0.31105291856997846)
(0, -0.016296923231974347)
(1, 0.7197902628403735)
(0, 0.027086331324197)
(0, -0.012317821582561506)
(0, 0.20167331612770448)
(0, 0.0034599240482732774)
(0, -0.015134556217538266)
(-1, -0.7495585977437945)
(-1, -0.4103308590161063)
(0, 0.0296282024100879)
(-1, -0.9404747723248671)
(-1, -0.2903991470493798)
(0, 0.17350602081391647)
(0, -0.04093482755869521)
(0, 0.10991576565550495)
(0, 0.0025115178967298375)
(-1, -0.864356162918744)
(-1, -0.5017560952533013)
(1, 0.15555602705092675)
(0, 0.16178647067748037)
(0, 0.15464450463542131)
(0, -0.0051384483429217365)
(0, -0.05303925186688993)
(1, 0.4160951354025283)
(1, 0.7017857741151037)
(-1, -0.042728346329955424)
(-1, -0.2887695552550129)
(0, 0.23469684467632593)
(-1, -0.7788761726444977)
