(0, 0.032442563282032516)
(1, 0.806854717616278)
(0, -0.05651515545739783)
(0, -0.1067264997099859)
(0, 0.061482130792104434)
(-1, -0.3981724647199901)
(0, -0.0621430596870234)
(-1, -0.7145852619244095)
(1, 0.03964572104957764)
(-1, -0.1892115236574654)
(0, -0.06135569373773678)
(1, 0.46448946565933885)
(1, 0.5657689046348995)
(1, 0.7585370586158874)
(0, -0.029585136261284603)
(0, -0.13742600443554448)
(1, 0.9204716137654453)
(1, 0.7401754056182209)
(0, 0.1989549322753155)
(0, 0.08236358942734617)
(0, 0.3913267778553796)
(-1, -0.6641766824928871)
(-1, -0.3099326758525974)
(-1, -0.6560898176411136)
(1, 0.44054163516808187)
(1, 0.44535666107190947)
(0, -0.048435312275440734)
(-1, -0.8104095687153392)
(0, -0.05092475357408907)
(-1, -0.3913379946623557)
(0, 0.40733459878454004)
(0, -0.02766266825590047)
(-1, -0.8476549037523723)
(1, 0.4565769911337083)
(0, 0.13460750923914575)
(0, -0.2712598270341897)
(1, 0.4839608842684064)
(-1, -0.15804720177152493)
(1, 0.6283636388944592)
(1, 0.9077509593699781)
(1, 0.20722976485110906)
(0, -0.095965272426533)
(1, 0.29642188821860904)
(-1, -0.7079455964590357)
(0, 0.032621787034047195)
(0, -0.00016534815285224047)
(0, 0.006119231900027729)
