(-1, -0.8556326920022019)
(1, 0.851665547536491)
(0, 0.18983658581536256)
(1, 0.8739264464803025)
(1, 0.3289813089754068)
(0, -0.016668702657830797)
(1, 0.9022410933455556)
(0, -0.0520297089061629)
(1, 0.893700607621505)
(0, 0.03939892557956329)
(0, -0.25287606973634635)
(-1, -0.589855079881859)
(0, -0.0018036177114412744)
(1, 0.3780059391004083)
(1, 0.6737275695013698)
(0, 0.23330527978558158)
(1, 0.48332732078940516)
(0, 0.4390067842190015)
(-1, -0.0026424742413718727)
(0, -0.027217376718940936)
(0, 0.007273279962050046)
(0, -0.03526685231572034)
(0, -0.01719699192257146)
