(0, -0.22252422675109146)
(0, -0.0045374659730671035)
(-1, -0.6768431747383511)
(-1, -0.5295114374668253)
(0, -0.2408158191112137)
(0, -0.06639163489376149)
(0, 0.097911533115471)
(-1, -0.38737453111913767)
(1, 0.517520121874105)
(0, -0.004822629370734771)
(-1, -0.9807757635279934)
(0, -0.0051772369178487015)
(0, -0.07751781127308616)
(0, 0.034303577107224814)
(0, -0.12988052755726237)
(-1, -0.4390118537209286)
(0, -0.02325772951654359)
(0, -0.15149282002850364)
(0, 0.20534449853081468)
(-1, -0.4268654666796151)
(0, -0.003999520175425195)
(0, 0.014390763132137413)
(0, -0.07425140690765698)
(0, 0.03869728667980682)
(0, -0.012007765814160389)
(0, 0.0528685592698503)
(0, 0.37127006005794994)
(-1, -0.678734743291081)
(0, 0.02353069744861566)
(-1, -0.5819550866196732)
(0, -0.1140334785004894)
(-1, -0.6189665486577117)
(0, -0.17850648124267499)
(0, -0.3738050577847626)
(-1, -0.8340692044671506)
(-1, -0.9319264315784708)
(-1, -0.37281723228047164)
(-1, -0.5343576049836324)
(0, -0.1969943623132391)
(0, -0.05400157160124221)
(-1, -0.4392940567917494)
(0, 0.055825166840670674)
(0, 0.002047251341025548)
(0, 0.12405795215462086)
(0, 0.0017222699904507477)
(-1, -0.937440739936321)
(-1, -0.4992879099593946)
(0, -0.458909544240853)
(0, -0.03645319933469578)
(-1, -0.41766405004357104)
(1, 0.04303662120366791)
(-1, -0.17672018121332178)
(-1, -0.2153473962446495)
(0, -0.0694115612338243)
(0, 0.09630417173912847)
(-1, -0.5480184982272445)
(0, -0.24605281735774032)
(0, 0.32696140118769007)
(1, 0.7685409221504707)
(0, 0.006138396708187228)
(0, 0.04339717460933146)
(0, -0.007330127921884596)
(-1, -0.9422888485610267)
(0, 0.034295028006912615)
(-1, -0.5719311079327573)
(-1, -0.8206262109084983)
(0, -0.09137612343473529)
(0, 0.17742253101463648)
(0, -0.39964005754129256)
(0, -0.12372115881938132)
(0, 0.032621787034047195)
(0, -0.03805249570117819)
(0, 0.05594897026456555)
(0, -0.014576330978566854)
