(1, 0.9542297107700738)
(-1, -0.550119022390963)
(-1, -0.23125151016620688)
(0, 0.2743101157132492)
(1, 0.7406154769460246)
(-1, -0.9437661707776422)
(-1, -0.9337848259469101)
(-1, -0.39672928869493773)
(-1, -0.33256986655388776)
(0, 0.12772044820521938)
(-1, -0.49663041338819536)
(0, -0.1171143745294739)
(-1, -0.7345247046181278)
(0, -0.17470132013360778)
(1, 0.8262853328119295)
(-1, -0.8906856736078513)
(1, 0.6275153129387842)
(0, 0.02869897138379754)
(0, -0.1699360341556097)
(1, 0.9094690134409127)
(0, 0.267801700225448)
(1, 0.5880565421441818)
(0, -0.04174883955397059)
(0, 0.020319049548804206)
(0, 0.15328911631828565)
(1, 0.2839442622786812)
(1, 0.879016615984755)
(0, -0.05704031159230538)
(1, 0.14651034984642203)
(0, 0.07950344069243313)
(1, 0.4445527425857522)
(1, 0.5639637766201718)
(-1, -0.5228619416803598)
(1, 0.6970569015424847)
(-1, -0.21652600566732688)
(-1, -0.732169314074983)
(1, 0.910734699233489)
(0, 0.11977445859900068)
(1, 0.4601396926381346)
(1, 0.3869141304442642)
(1, 0.456858799512166)
(0, -0.017012411660235677)
