(1, 0.9483529922401244)
(0, 0.011584852259063527)
(1, 0.8244499558478761)
(0, -0.13405205180260743)
(-1, -0.8806501577426208)
(1, 0.932786502677221)
(0, -0.12793261899529518)
(-1, -0.6962351952585796)
(0, -0.24118970753724361)
(1, 0.8273976413754276)
(0, 0.21850621107919044)
(0, -0.05784151100643141)
(0, 0.2389805275237785)
(0, 0.08385295718524437)
(0, -0.12335229835322573)
(1, 0.15666235088492952)
(1, 0.13924926141620714)
(1, 0.5552488975948711)
(0, 0.2704270295600183)
(0, -0.009652987580339983)
(0, 0.16889026634482593)
(-1, -0.5986321071289684)
(-1, -0.8363767511811219)
(-1, -0.8094537045240668)
(1, 0.8517664480907357)
(-1, -0.8900331528259753)
(0, 0.32020025356296045)
(-1, -0.5540369116770723)
(-1, -0.6474499896392196)
(-1, -0.8613273253295075)
(-1, -0.8095931075592399)
(-1, -0.5369238280133356)
(-1, -0.7084194484630336)
(1, 0.8512239216594607)
(0, 0.046161213771903416)
(0, 0.17006257498132704)
(0, 0.30047716478751857)
(-1, -0.5538357653981033)
(0, 0.022000530723420824)
(0, 0.41258857727315584)
(-1, -0.038764124004612543)
(0, -0.10604510804138358)
(0, 0.04536059408669452)
(1, 0.8530933981084513)
(1, 0.07578397764751776)
