(-1, -0.9500620974416959)
(1, 0.6252010305991885)
(-1, -0.18952585788587956)
(-1, -0.5364845439456789)
(-1, -0.3486612214435283)
(1, 0.09074283718937853)
(0, 0.05113184495979911)
(-1, -0.3535975560161433)
(0, -0.2603433273228186)
(1, 0.7638177576647152)
(1, 0.1136083755140021)
(0, -0.2603433273228186)
(1, 0.15019382177547053)
(-1, -0.8055795652009246)
(-1, -0.8830287383215915)
(-1, -0.5506489126707842)
(1, 0.8482994477765463)
(-1, -0.9215129596195815)
(-1, -0.7414802357832754)
(0, -0.13497416712762736)
(-1, -0.5286385083420165)
(0, 0.2440303718265413)
(-1, -0.47623150961090027)
(-1, -0.9535326225120865)
(-1, -0.9560061209312325)
(-1, -0.37719495057405633)
(0, -0.05796035894475657)
