(1, 0.9196353786770167)
(-1, -0.8681534544327604)
(0, 0.13261472841714683)
(1, 0.9820062320700373)
(1, 0.9827606524003084)
(0, 0.00837664902525799)
(0, -0.01497029338435081)
(0, 0.010517185652661756)
(0, -0.00012565323365182346)
(1, 0.7586196709579367)
(-1, -0.4405105082862446)
(0, -0.22087487759909064)
(-1, -0.2851850614601723)
(1, 0.653662985064073)
(0, -0.08392909292589597)
(1, 0.5221044314144205)
(-1, -0.12060263768118623)
(1, 0.21344343111476816)
(0, -0.22914524762134683)
(0, -0.09654898326707739)
(-1, -0.2926642587777604)
(0, -0.0013233049672174702)
(0, 0.18063351769923597)
(1, 0.6109563928751139)
(0, -0.07979480328508934)
(0, 0.0295025048607007)
(0, -0.13762605564891692)
(1, 0.9673980879105482)
(0, 0.2937678720994858)
(0, 0.13489782657791893)
(0, 0.08036168413835687)
(1, 0.08872636069433515)
(0, 0.18899970429638743)
(0, -0.2212247679088422)
(0, -0.016000014814766934)
(1, 0.9003828867423671)
(0, 0.09832874665705582)
(-1, -0.4753220277733375)
(-1, -0.39349168180286315)
(0, -0.08890967629728302)
(0, 0.032621787034047195)
(0, -0.009844699320177421)
