(0, 0.12890794992647056)
(0, -0.16898443350027603)
(1, 0.465301187765049)
(-1, -0.18132471963802713)
(1, 0.014222581729558148)
(-1, -0.13525615288212056)
(0, 0.03924869825028822)
(0, -0.09122451817459575)
(0, -0.1608719004717223)
(0, -0.08121897835678565)
(0, 0.1076210439592322)
(1, 0.3085426320531963)
(1, 0.8870670518455658)
(1, 0.9793437464083634)
(0, -0.057917360687865134)
(-1, -0.2970715175507278)
(0, -0.32749134946637126)
(1, 0.6088187200811818)
(0, 0.0335627774004399)
(1, 0.9245218741070956)
(1, 0.31003214958094755)
(0, -0.004883834768426536)
(0, 0.22317311110964794)
(-1, -0.4004946611287591)
(-1, -0.7788660375290423)
(0, -0.029035141430373806)
(-1, -0.7023737880821711)
(0, -0.032570815980526885)
(0, 0.024121589992936954)
(0, 0.09768039754043403)
(1, 0.3933968903969615)
(0, 0.026085021802263155)
(0, -0.03902940736995747)
(1, 0.6259052946617962)
(0, -0.20494093655149861)
(1, 0.7567009212187373)
(1, 0.28551691986213956)
(-1, -0.0385120287043999)
(0, 0.2403178042321864)
(0, -0.06765460210613114)
(-1, -0.8211703745038803)
(0, -0.023321680932193806)
(1, 0.12081058494762786)
(1, 0.6369393392652589)
(-1, -0.9481714435121356)
(1, 0.6719289498674708)
(0, -0.25209154620735763)
(1, 0.04574589186211092)
(1, 0.39562302132943616)
(0, 0.0025381056362806104)
(0, 0.11279762660811188)
(0, -0.07492231137064223)
(1, 0.6694125989817764)
(0, 0.049306221018141236)
(1, 0.3093475963456279)
(-1, -0.5184500880665861)
(0, -0.12536067624548408)
(1, 0.9606946677104355)
(1, 0.5563966483633074)
(-1, -0.8274577310075154)
(0, -0.051490230856219815)
(0, 0.013216955483244364)
(-1, -0.4655614237071155)
(-1, -0.2946021863645445)
(0, -0.17177662084632017)
(1, 0.1618765805540156)
(0, 0.07880247066504072)
(1, 0.21121879224433487)
(-1, -0.4749445492212826)
(0, 0.031942571858206745)
(0, 0.0010711181866130681)
(0, -0.030694446079726073)
(0, 0.19834406950646688)
(-1, -0.33904404039442826)
(-1, -0.36806096002337446)
(-1, -0.06070598816584716)
(-1, -0.6364317615766262)
(0, 0.1964642704824302)
(1, 0.44305775921252616)
(-1, -0.32637174041864014)
(1, 0.4635493427127828)
(1, 0.005024576739518283)
(0, 0.0031885230138841633)
(1, 0.662058537011328)
(0, -0.04883372124354628)
(0, 0.07475779344568274)
(0, -0.019845421225436387)
