(1, 0.5182131036914733)
(-1, -0.09580306180095338)
(-1, -0.07187586929854461)
(0, -0.08977569552236393)
(1, 0.7625282281656799)
(1, 0.8963656873074515)
(-1, -0.4621010306618927)
(1, 0.7921035728554908)
(0, 0.020890671518332862)
(0, 0.12169099087939143)
(0, 0.12272024734334788)
(0, 0.15238768723167817)
(0, 0.16685478149217256)
(0, 0.11392560975687252)
(1, 0.9744764113757712)
(-1, -0.5995280581266303)
(0, 0.016544794466470437)
(0, -0.07792032763981216)
(0, 0.13082730870348058)
(0, 0.26444900240082725)
(1, 0.6158399579757476)
(1, 0.49975817165256864)
(0, 0.04017279485779837)
(0, 0.024125872673750937)
(0, 0.3171324397964421)
(0, 0.2428948294730342)
(-1, -0.7274243819825501)
(0, -0.23239645389191205)
(-1, -0.3842236743436866)
(-1, -0.5004234996942849)
(0, -0.11057341110483362)
(1, 0.298812212555871)
(1, 0.34619408302680216)
(0, 0.011456168687349083)
(1, 0.41901896990682613)
(0, 0.297520257532286)
(-1, -0.17122107378627008)
(0, 0.10259166162951759)
(1, 0.02598325099425164)
(0, 0.34139637564217834)
(-1, -0.8469234497630229)
(1, 0.7434578870298911)
(0, 0.3926341004371841)
(1, 0.9618603734740535)
(0, 0.23073457940254383)
(0, -0.049144420145120854)
