(1, 0.8223065515169672)
(1, 0.8535983660252154)
(0, -0.23502102758860263)
(0, 0.24510777314248505)
(0, 0.08544460722724628)
(0, 0.09447120693617955)
(1, 0.3775287294427666)
(0, -0.10169603957645268)
(0, -0.2401280572476906)
(0, 0.13335119509216783)
(1, 0.4034813427431516)
(-1, -0.1987669555257987)
(0, 0.057629200643326634)
(1, 0.7750160920236026)
(0, 0.06797692801323607)
(0, 0.14238024766152232)
(0, 0.029828755331056916)
(0, 0.2525715338787944)
(0, 0.28400430920572417)
(1, 0.4456224139117716)
(1, 0.5382089756844949)
(0, -0.14634853082094526)
(1, 0.4763431263521699)
(0, -0.16622440677483197)
(0, 0.031455999647321375)
(0, 0.07414464989240349)
(0, 0.18389502817324885)
(1, 0.8418381371378726)
(0, -0.08087604975843021)
(0, -0.03659131437741639)
(0, -0.012783468052044576)
(0, -0.006105098385768747)
(0, 0.015792562741697443)
(-1, -0.11038488578142103)
(0, 0.19990310198052852)
(0, 0.011326002683881176)
(0, 0.005498519993077933)
(0, 0.03318891674998373)
(1, 0.5834319499757871)
(0, -0.057950898904693876)
(0, 0.11456325259606367)
(0, -0.2100263203580004)
(0, 0.09297623628670737)
(0, 0.1525279101558335)
(1, 0.29084727456408277)
(0, 0.02129631573446429)
(0, 0.0010965145896184025)
(0, 0.025136083346795304)
