(1, 0.9604588687968482)
(-1, -0.1843674906354978)
(1, 0.6856296937460692)
(0, 0.14304175011249146)
(1, 0.935551467921758)
(0, -0.18506487321570997)
(1, 0.9917716920020527)
(0, 0.18804412837915074)
(1, 0.6978351358713276)
(0, -0.009136108750965738)
(0, 0.11772388027566513)
(1, 0.44493280698798177)
(1, 0.31286252748056825)
(0, -0.0014577269748881315)
(1, 0.34387038380093526)
(1, 0.763827603490473)
(0, -0.10279537895178434)
(0, -0.04911298800648159)
(0, 0.12323691636034681)
(0, -0.18345233771828465)
(0, 0.22809511939576396)
(1, 0.8543992742009859)
(0, 0.023197954847907)
(-1, -0.27361501372607694)
(0, 0.2384670723853588)
(0, 0.11273162076076605)
(-1, -0.5096866120463427)
(0, 0.043473364256974824)
(0, -0.22510749589487894)
(0, 0.025606693107915895)
(-1, -0.4973534229259141)
(0, -0.16724890644232612)
(0, 0.15360345871594172)
(0, 0.11277786898385775)
(0, 0.3873602635844454)
(0, 0.28488439474951993)
(0, 0.05424715604790159)
(-1, -0.39056264235019855)
(0, -0.1142696317167763)
(0, 0.1793956163551274)
(0, 0.28948513725374586)
(-1, -0.22203760847912948)
(0, 0.21826008857889379)
(0, -0.23612144086426468)
(1, 0.9845633537697354)
(1, 0.9428749925758027)
(0, 0.10218808182139316)
(1, 0.5939818438108202)
(-1, -0.08979492721553001)
(1, 0.48910457692780696)
(-1, -0.965511448709179)
(0, 0.37272900771202355)
(0, 0.03126888713081988)
(0, 0.009984961449616359)
(0, 0.06320425333113433)
