(-1, -0.8807373843820723)
(-1, -0.6042668435663584)
(-1, -0.35847335314781015)
(0, -0.002702709800599258)
(-1, -0.4153220809005137)
(0, -0.2076728736478242)
(-1, -0.5811566383910787)
(0, -0.1079206590728884)
(1, 0.7725414212936276)
(0, -0.11313467681480349)
(0, 0.18286852607735748)
(-1, -0.4822049647739344)
(0, -0.0846211676366992)
(-1, -0.7136955000163856)
(-1, -0.08472881115627273)
(0, 0.05748935155136405)
(1, 0.9467044924641802)
(-1, -0.6300077005077893)
(0, 0.00525304743595232)
(0, -0.07613133306630263)
