(-1, -0.6609342220225004)
(-1, -0.8108172441344917)
(-1, -0.8589771718195198)
(1, 0.3439504195212689)
(1, 0.5297079706054106)
(0, -0.21718964621433295)
(-1, -0.923953490874816)
(1, 0.9598254431059086)
(0, -0.011024961811676216)
(0, 0.011691845421314052)
(0, 0.18702083349883802)
(1, 0.8888664384391297)
(1, 0.6074718966193532)
(0, 0.0108400211778181)
(1, 0.22630324549252406)
(1, 0.3541514450833105)
(1, 0.5416827331217557)
(0, -0.22143623187999414)
(-1, -0.5212301593988531)
(-1, -0.967317972709461)
(-1, -0.3027279761999513)
