(0, -0.13621242221144095)
(0, -0.20101738413045206)
(-1, -0.03179882364219777)
(0, -0.012351074885669777)
(1, 0.990451402908528)
(-1, -0.010283252125872777)
(0, 0.0873200523008718)
(-1, -0.924399627754124)
(-1, -0.591573928686112)
(0, 0.1265405180248821)
(1, 0.09940832953245271)
(-1, -0.43417228857576806)
(-1, -0.5071424962698)
(-1, -0.2815639962034916)
(1, 0.9771704938374086)
(-1, -0.49174821639099087)
(-1, -0.19837420296292685)
(1, 0.6702502817413123)
(-1, -0.07720054193752035)
(1, 0.44093197630857006)
(1, 0.9502519001006485)
(1, 0.7061809524466872)
(1, 0.49323753525568226)
(-1, -0.33153536676608586)
(-1, -0.5543997042263427)
(1, 0.9547182324545016)
(0, -0.12376212455643737)
(0, -0.07438531355393428)
(1, 0.48375198069555214)
(1, 0.5378512587148244)
(1, 0.8797592733970703)
(0, 0.3533743603789294)
(1, 0.7189113661441622)
(1, 0.8446436178496415)
(-1, -0.6467235798535536)
(-1, -0.773622585463304)
(1, 0.9486249942946026)
(-1, -0.4651942240095792)
(0, 0.26736772130377684)
(1, 0.8800938843199569)
(1, 0.7253617534856892)
(0, 0.03193348244891889)
(-1, -0.6146041531686045)
(-1, -0.7503948750336913)
(-1, -0.1928956020149744)
(0, 0.05531021952775091)
(0, -0.001103646818474123)
(1, 0.5954542353715689)
