(0, 0.06810881172492422)
(1, 0.23575754486153272)
(-1, -0.5810878648103016)
(1, 0.7453479449326266)
(-1, -0.5814599725921068)
(0, -0.30456301974063105)
(-1, -0.9741523085711193)
(-1, -0.45673439208035466)
(1, 0.6525014566353838)
(1, 0.5202929821380216)
(1, 0.7110172321074485)
(-1, -0.8776953689898779)
(-1, -0.0015082092152412518)
(0, -0.40512824130718816)
(-1, -0.8214245785176204)
(-1, -0.6728916054859023)
(1, 0.3977508648250691)
(0, -0.008586750989982808)
(-1, -0.4822477895246567)
(-1, -0.47049639674238897)
(1, 0.8383963475681137)
(-1, -0.5413511714590885)
(1, 0.46843477178144205)
(0, -0.012041470156174981)
(1, 0.6680575789645145)
(0, 0.03682676932018248)
(0, 0.040571821520704904)
(-1, -0.44423603135862)
(-1, -0.4062990098924456)
(1, 0.2854107479631581)
(-1, -0.8997779525022338)
(-1, -0.4417894110656017)
(-1, -0.3572981308662442)
(-1, -0.4095638472338145)
(-1, -0.4739869236104036)
(0, -0.05791795509172347)
(1, 0.8065119869697778)
(-1, -0.6931575935305788)
(-1, -0.7111405165408855)
(0, -0.2812672355843418)
(-1, -0.5648030398741231)
