(1, 0.2463568253157345)
(-1, -0.5998082933554362)
(0, 0.0959406790186478)
(0, -0.015463714204682927)
(0, -0.0820365061450043)
(-1, -0.8507064567467559)
(-1, -0.8385600440202708)
(-1, -0.907014041023728)
(-1, -0.9578635272107692)
(0, -0.24808979188728997)
(-1, -0.5766321910425326)
(-1, -0.7644512693643996)
(-1, -0.7259940166759056)
(-1, -0.7658874004492967)
(0, -0.35589570549138)
(0, 0.03784808721700035)
(0, 0.12375168237662848)
(0, 0.2148218433014813)
(0, 0.40329411597970355)
(-1, -0.34527598108479546)
(-1, -0.24487742626801412)
(1, 0.14822618830846157)
(-1, -0.8088474541468126)
(-1, -0.43067557731750145)
(1, 0.038510500263835845)
(-1, -0.3984150925377954)
(1, 0.804759728957529)
(0, -0.038387603622583026)
(1, 0.6789837445513506)
(1, 0.30907317328525463)
(0, 0.02032307246804177)
(0, 0.016287172282366105)
(-1, -0.8046170213115703)
(0, 0.2413666498085591)
(0, 0.030595951422778503)
(0, -0.045968380110395474)
(1, 0.533934695250829)
(-1, -0.9432123784581229)
(0, 0.09367627950913468)
(0, 0.21377339646118054)
