(0, -0.1635656121395071)
(0, -0.0008566184010593003)
(1, 0.3169915825830614)
(-1, -0.027753527661602273)
(1, 0.7545486705199796)
(0, -0.018459515372771185)
(1, 0.3518522442655101)
(-1, -0.916310834451223)
(0, -0.19726700738079445)
(1, 0.282799974017159)
(-1, -0.9494224485798721)
(0, -0.07472132447911842)
(-1, -0.0015303356132552737)
(0, 0.04771113760672574)
(0, -0.18403331316668733)
(1, 0.9147752254566858)
(-1, -0.012132019821825768)
(1, 0.3879304213451702)
(1, 0.8901600974348689)
(-1, -0.628040976345708)
(1, 0.8414277842059393)
(-1, -0.5217703772456374)
(1, 0.03982305505620887)
(0, -0.011593631228458912)
(0, 0.08966360436079182)
(-1, -0.4288185101313912)
(0, 0.19433083436680446)
(0, 0.03192317620265396)
(0, -0.007776278854762925)
(0, 0.06762948532004909)
(0, -0.0003154279325604248)
(-1, -0.2895166458762919)
(-1, -0.6529603279633358)
(1, 0.6851920445858087)
(-1, -0.40160918688112907)
(-1, -0.9336415275696098)
(1, 0.33242552165779937)
(0, -0.08332334444076575)
(0, -0.03994497506434813)
(0, -0.01416521395280762)
(-1, -0.41774732578652496)
(-1, -0.5306492570745247)
(0, 0.002475001313197639)
(-1, -0.7052760556258701)
(1, 0.5607316048165528)
(0, 0.0004159423725279554)
(0, -0.22835668109119606)
(0, 0.054471197969282875)
(1, 0.3702564742065146)
(1, 0.38251744110661917)
(0, -0.0017110213054683243)
(-1, -0.30485505818151626)
(0, 0.21361951245469712)
(-1, -0.46525610463785405)
(-1, -0.7943703755331842)
(0, 0.3425723147907329)
(-1, -0.5569803618228155)
(0, -0.010458862734110182)
(-1, -0.9674616754515518)
(-1, -0.5824178693849815)
(-1, -0.8366514595826746)
(1, 0.5010485836332981)
(-1, -0.5770693997510845)
(-1, -0.716098001952543)
(-1, -0.3578980722291147)
(1, 0.9774623603951775)
(-1, -0.9989284009177403)
(-1, -0.3142703677419111)
(-1, -0.417700255760608)
(-1, -0.4120447286154663)
(0, -0.1593111136444971)
(-1, -0.6328672353874187)
(0, -0.0033322671878545512)
(-1, -0.24160886340127422)
(-1, -0.981688668553727)
(0, -0.08018117139343654)
(0, -0.15145026956525243)
(0, 0.013488051599212715)
(-1, -0.6743527479899722)
(0, 0.06099166974456495)
(0, -0.1827831075111847)
(0, 0.03339140729615568)
