(0, -0.16249665586371548)
(0, -0.07784687855792738)
(1, 0.2826708787120053)
(0, 0.11416202527611616)
(0, 0.26725698279627685)
(0, 0.05170683908922818)
(1, 0.5067003940450558)
(0, 0.13382701748627557)
(0, -0.21749113626513505)
(0, 0.05973441425892424)
(0, 0.0017235357553296825)
(0, -0.03790615789194873)
(0, 0.0045920094281047125)
(0, 0.18540777992768737)
(-1, -0.12008920270064272)
(0, -0.012367970158754942)
(0, -0.0027519683041026827)
(0, -0.11324432900224762)
(0, 0.1466002369055468)
(0, -0.2629715393454601)
(0, 0.13624620643202706)
(1, 0.656199038190036)
(-1, -0.6823078904035785)
(0, -0.0024043629051472837)
(1, 0.2008211899651754)
(-1, -0.3162471049858949)
(0, 0.05654848575780268)
(-1, -0.1577867012646656)
(0, -0.07096903161487197)
(0, -0.005436651199876193)
(0, -0.019827990609504305)
