(-1, -0.37153821197579373)
(1, 0.7400075469448374)
(1, 0.9508485090750054)
(1, 0.32533216382588365)
(1, 0.9775835179470763)
(1, 0.628916095964376)
(1, 0.6219837071897106)
(1, 0.742474394114139)
(1, 0.5486547108083112)
(0, -0.2599571276503517)
(1, 0.9045976396382034)
(1, 0.02961187453677594)
(0, 0.16301746917345286)
(1, 0.5321026300911326)
(-1, -0.8092504080076515)
(1, 0.8389035757273279)
(-1, -0.023636300444766334)
(0, 0.10652650657354344)
(-1, -0.2000876544511353)
(1, 0.9760251474882078)
(1, 0.6490813531451879)
(-1, -0.6552798592726136)
(-1, -0.08854599757818349)
(0, -0.024452374643888913)
(0, 0.005989503001088883)
(0, 0.15038287235360498)
(0, -0.01719699192257146)
