(1, 0.3146318234579583)
(1, 0.8696831348778395)
(1, 0.8564334263619653)
(1, 0.768357528920119)
(1, 0.8478031487261011)
(0, -0.049263390214920176)
(1, 0.9712458370758483)
(1, 0.6386772262819516)
(1, 0.08475843191276855)
(1, 0.341704528681263)
(0, 0.43845275470810346)
(0, 0.12944065350824344)
(0, 0.15403485704099307)
(0, -0.04238406919659461)
(0, -0.2853500521908845)
(0, -0.1446851135074682)
(1, 0.4046606568316732)
(1, 0.7896268237125315)
(0, -0.026753793696774296)
(0, 0.3008220643383308)
(0, 0.23903512925238501)
(0, 0.0007531253984024988)
(1, 0.9991121809799967)
(0, 0.06637443252948735)
(0, 0.17687977883996778)
(1, 0.48640990158923575)
(0, 0.0010196261488885153)
(1, 0.889213750612971)
(0, 0.07578652723939885)
(1, 0.742685651948995)
(1, 0.6463241913274369)
(1, 0.8106851881546343)
(0, 0.06821293374107713)
(0, 0.03363050564462046)
(0, 0.07648909930643596)
(1, 0.9046902243504051)
(1, 0.9670344369572942)
(1, 0.8233610029138901)
(1, 0.16540933854357837)
(1, 0.8830673957970779)
(0, 0.00031726667717200626)
(0, -0.18756499437076543)
