(1, 0.9029090530931028)
(-1, -0.4350189484648729)
(-1, -0.3290270891693437)
(0, 0.03166478888845342)
(0, -0.12814437323367145)
(-1, -0.483528215600491)
(0, 0.27060191072533024)
(1, 0.729219420959827)
(-1, -0.8721529608603499)
(1, 0.1796196509754579)
(0, -0.25998718532593146)
(0, -0.013821932270282708)
(0, -0.1784683569637986)
(0, -0.08109381317762974)
(0, -0.12469355067729126)
(-1, -0.8811028274761974)
(-1, -0.483528215600491)
(1, 0.19889488298553992)
(-1, -0.6275811936628432)
(0, -0.10891734554991364)
(1, 0.8697217719952408)
(1, 0.38098719259236064)
(1, 0.6513923695421082)
(1, 0.4447230922618669)
(-1, -0.8816615913966566)
(-1, -0.483528215600491)
(0, -0.03059799939641787)
(1, 0.3102796390541987)
(-1, -0.9176863204805983)
(0, 0.058941804705469614)
(-1, -0.6581026482496279)
(0, -0.42483715608450606)
(-1, -0.2866691744885576)
(-1, -0.7925420012482963)
(-1, -0.9406339341916501)
(-1, -0.7040065636369055)
(-1, -0.8824515300256366)
(-1, -0.483528215600491)
(1, 0.20760227294800065)
(1, 0.977551286544129)
(1, 0.5914058671899642)
(1, 0.41400893033641795)
(0, 0.25229052043154265)
(-1, -0.49284260124701645)
(0, 0.047674293696798486)
(0, 0.05366633723917119)
(-1, -0.646434237600311)
(1, 0.9054459349807116)
(-1, -0.483528215600491)
(0, 0.25906969190232876)
(1, 0.8872277971889212)
(-1, -0.1102184533371583)
(-1, -0.34563776170850435)
(1, 0.09398089845772473)
(-1, -0.39627108239827025)
(-1, -0.9218333530483693)
(0, -0.12307861963090183)
(1, 0.7556891562678844)
(-1, -0.21352809105042392)
(0, -0.014288652600829316)
