(0, -0.010055322237711967)
(0, 0.432571157353763)
(1, 0.968700598673014)
(0, -0.027668331440064767)
(0, 0.10430682209864388)
(1, 0.6905887211953227)
(0, 0.020943744761964755)
(1, 0.9404858675945331)
(0, -0.30250735111696003)
(0, 0.13477301276691822)
(1, 0.2713935922306268)
(0, 0.09835889352995687)
(0, -0.04539481654022959)
(-1, -0.9660608022200182)
(1, 0.507094049326422)
(1, 0.6460142625108085)
(1, 0.8292929543971834)
(1, 0.9057680774352173)
(0, 0.0026992347208578786)
(0, -0.007503168733595005)
(1, 0.5484071988011452)
(0, -0.14877572521154006)
(1, 0.49954025358290227)
(-1, -0.051308824491410276)
(0, 0.01034140986988474)
(-1, -0.842465392320996)
(1, 0.9113906664723757)
(0, 0.09517561492503697)
