(0, -0.0003107953572490888)
(1, 0.5988756747652562)
(1, 0.9694580319363586)
(0, 0.03565839065179881)
(0, 0.016301330858113465)
(0, 0.03146422164760235)
(0, 0.027621997184283154)
(1, 0.9488571978865539)
(1, 0.5334612559543771)
(0, 0.058083733349840655)
(0, -0.02417537751580011)
(1, 0.6131019423704633)
(-1, -0.29917486756549727)
(0, 0.13301820872052297)
(0, 0.23671469781369522)
(0, 0.13354772957389122)
(0, 0.305668761734323)
(0, 0.11325389147581039)
(1, 0.9507949898678673)
(1, 0.7395471216028535)
(1, 0.3270305455616572)
(1, 0.9416395664807878)
(1, 0.824276365282977)
(0, 0.0007455960760069241)
(-1, -0.47458587564687027)
(-1, -0.09533704273174032)
(1, 0.6297484875507292)
(1, 0.8897403392860488)
(1, 0.6756542776877553)
(0, 0.07414568842329697)
(0, 0.019465786307888082)
