(-1, -0.5124221039248208)
(1, 0.6660228236188903)
(0, -0.08247964322156937)
(1, 0.5503016025027478)
(1, 0.5226373247153973)
(0, 0.015316442758751672)
(1, 0.027216246279486045)
(0, -0.018190057201813686)
(1, 0.3825188384434748)
(-1, -0.9759889691776111)
(0, -0.3816648687302018)
(0, 0.1459168004834836)
(1, 0.9468542098492467)
(0, 0.21708408683039176)
(1, 0.6518393437057739)
(1, 0.43401324683655434)
(1, 0.6595626942967051)
(-1, -0.5361237611708988)
(0, -0.16753211698508413)
(0, 0.005056881144815898)
(1, 0.26625177149678103)
(-1, -0.8501882260811848)
(-1, -0.3754296262792504)
(0, -0.1152145505696178)
(-1, -0.2712961570610256)
(-1, -0.9241430552490784)
(0, -0.27160434818857276)
(0, 0.32635273782884944)
(1, 0.9639124334712766)
(-1, -0.3143604642127522)
(-1, -0.9025224547112557)
(0, -0.0410440702972146)
(1, 0.6309519712645462)
(1, 0.6093953701677792)
(1, 0.5475633251123474)
(-1, -0.4803100775038909)
(1, 0.1110945965728623)
(-1, -0.7330512431559961)
(0, 0.0001094702485117901)
