(0, 0.0005580761278985158)
(0, 0.09871826233731523)
(1, 0.5183487545337252)
(1, 0.9117002200780264)
(1, 0.61310626789831)
(0, 0.16592972244151274)
(1, 0.5953918163057085)
(-1, -0.9215072297528888)
(0, 0.19906483254439722)
(-1, -0.642191833792264)
(0, -0.15245039185978937)
(1, 0.39628041975821976)
(0, -0.03142842984115754)
(1, 0.42071631406595766)
(0, 0.18427092689832458)
(0, -0.23110215225225142)
(0, 0.11750267992402585)
(0, 0.2650485448328572)
(1, 0.7952584819359834)
(-1, -0.8173883236371653)
(-1, -0.040100499238943044)
(0, 0.049085630160885615)
(1, 0.8967138510727676)
(0, -0.2927815329371696)
(-1, -0.0808199762053074)
(1, 0.03717323558742547)
(0, -0.0021720807993286864)
(0, 0.16875915415216858)
(1, 0.5735247345844603)
(0, 0.17823255193030194)
(0, -0.1957818537814316)
(1, 0.5693258724811306)
(1, 0.7403264274624853)
(1, 0.4657286569122681)
(0, -0.17413529422658908)
(1, 0.44743232496371316)
(1, 0.9300016768704904)
(1, 0.36962202284572965)
(0, -0.12733512000841285)
(1, 0.1033694999628616)
(0, 0.10807802137213653)
(-1, -0.2193835449343449)
(1, 0.23363155248361664)
(-1, -0.8725709189139835)
(-1, -0.8690995348335796)
(-1, -0.9022204827148215)
(-1, -0.2137624347487019)
(0, -0.0804188377715215)
(1, 0.6723495878512029)
(0, 0.05100401366648061)
(-1, -0.9227659757346441)
(1, 0.9594051070964956)
(0, -0.0024132549652090742)
(0, -0.05165205520521546)
(0, -0.04131068522094755)
(0, 0.15846801765561175)
