(1, 0.6181514612811381)
(0, -0.2585491285863987)
(-1, -0.7682336067650759)
(-1, -0.8609133019939093)
(0, -0.017941508635165443)
(0, 0.030368363880478522)
(1, 0.958482685542767)
(0, 0.028068569436380753)
(1, 0.44224903574962293)
(1, 0.7536721981083752)
(-1, -0.502884663423296)
(-1, -0.3930929273539482)
(0, 0.07371246952738075)
(0, 0.12335750513356775)
(0, 0.10785412871656484)
(1, 0.7789055928304013)
(-1, -0.37306393411578037)
(-1, -0.6534630752175172)
(1, 0.9212230398155449)
(1, 0.33165549552637513)
(-1, -0.6385726653105914)
(-1, -0.7191496288781191)
(-1, -0.41764235399126287)
(-1, -0.9945323839615253)
(-1, -0.7159377752139214)
(-1, -0.5170523026350334)
(0, 0.03991533622668992)
(-1, -0.7040851225668747)
(-1, -0.2652427436655443)
(1, 0.7953939543795883)
(0, -0.02596195938275667)
