(-1, -0.846609188615457)
(0, -0.14080324835004732)
(-1, -0.09621614438681353)
(1, 0.9847383723675731)
(1, 0.3423331809588914)
(0, -0.0030860562586601734)
(0, 0.1833757943016971)
(-1, -0.5278883449397207)
(0, -0.35272307753391524)
(-1, -0.7773932431203803)
(1, 0.46675942841271395)
(1, 0.8953898243690267)
(-1, -0.34782176855084357)
(0, -0.08385210384944555)
(1, 0.44809306914806657)
(-1, -0.21595999893762519)
(1, 0.9471395889676693)
(-1, -0.9586343963799973)
(0, -0.2117900725295391)
(-1, -0.39370970984438836)
(-1, -0.9950448206945479)
(-1, -0.5927073630475406)
(1, 0.00592286048103019)
(1, 0.8016862375843127)
(1, 0.39885069631920356)
(-1, -0.9891933173182414)
(1, 0.9485215335107394)
(0, -0.11475865374766214)
(-1, -0.635160122039687)
(1, 0.6567896571566044)
(1, 0.6965462186746024)
(1, 0.022364648949210364)
(-1, -0.7100408331296468)
(1, 0.6410976867497609)
(0, 0.02267337861791041)
(-1, -0.7524317727968913)
(1, 0.9153400395428745)
(-1, -0.9970670361154447)
(1, 0.28583142404152495)
(-1, -0.670889547846571)
(1, 0.07753292995868666)
(-1, -0.08514144644594912)
(-1, -0.5823544211053875)
(1, 0.3715874837215058)
(1, 0.791986676784756)
(-1, -0.28510148198863844)
(0, -0.0037013326300393903)
