(-1, -0.6303856245526774)
(1, 0.15169612255690917)
(0, 0.04614267491853937)
(0, 0.3129282993047775)
(-1, -0.5503690980896664)
(-1, -0.40720526812823654)
(1, 0.9648447974514596)
(0, -0.06636265484697172)
(0, 0.005480738564750995)
(1, 0.5105789410612741)
(0, -0.08307934928221526)
(-1, -0.8692599799500806)
(0, -0.25537002297154693)
(-1, -0.0832461873499466)
(-1, -0.9213070079562236)
(-1, -0.4856134966765657)
(0, -0.3335551595252945)
(0, -0.15418636702377714)
(1, 0.48841595688135425)
(-1, -0.9028006882179098)
(0, -0.08609824543517489)
(0, -0.06616013819564978)
(-1, -0.9363931721883112)
(0, -0.007779038204072875)
(-1, -0.4870047171731948)
(-1, -0.896423600290819)
(0, -0.03612517913911309)
(-1, -0.982452256030354)
(0, -0.15558963947259502)
