(1, 0.6696756219725317)
(1, 0.5014576640879425)
(0, 0.06581342618992012)
(0, -0.22167915784600287)
(1, 0.9828741603353479)
(1, 0.5411979977482984)
(1, 0.5128179491514383)
(0, 0.2307874081469508)
(1, 0.5003803516774745)
(-1, -0.6760332982774271)
(0, -0.23428437399300397)
(0, 0.09109412135495595)
(-1, -0.22462533564295178)
(-1, -0.7061635962670939)
(0, 0.08572759383860028)
(1, 0.9264305449104623)
(-1, -0.7946112926283735)
(1, 0.5771490520504051)
(0, -0.030169726190311327)
(1, 0.34658803051621156)
(0, 0.016175924099638507)
