(1, 0.1178941824409544)
(1, 0.7042281569552112)
(-1, -0.3779802201744559)
(1, 0.4576242254485463)
(-1, -0.3935863399734134)
(0, -0.08950400559244523)
(1, 0.014810515541739011)
(-1, -0.9484575524606677)
(0, 0.2840738426718074)
(1, 0.9965781037203839)
(0, 0.032217824279676566)
(0, 0.08576618781505352)
(1, 0.6746951067642305)
(1, 0.9693755110028833)
(0, -0.0331214441314877)
(0, 0.0903654031145162)
(-1, -0.7487251981815188)
(1, 0.8683992618061648)
(-1, -0.8497851201646998)
(0, 0.09971465851014766)
(0, -0.02311069254934025)
(1, 0.6066932268191184)
(-1, -0.7329493242537238)
(-1, -0.42266317276785315)
(0, -0.34442379885411273)
(0, -0.01692561035763812)
(-1, -0.3100346399645453)
(-1, -0.14813050953715212)
(1, 0.6337819812389078)
(0, -0.25748592943672777)
(-1, -0.6111298345003128)
(0, 0.13161200843457022)
(1, 0.5855256938988791)
(1, 0.8640520955488519)
(1, 0.11216823022002503)
(-1, -0.07565165804677171)
(1, 0.6860183116688334)
(0, -0.21759961981677073)
(-1, -0.10474518502667735)
(1, 0.35953004684086454)
(1, 0.9055815110258094)
(0, 0.032621787034047195)
(0, -0.0027723200959863317)
(0, 0.1166379720040549)
