(0, 0.04570606387417253)
(0, -0.027336522864256335)
(0, -0.02435898803319058)
(1, 0.6744581844080497)
(-1, -0.08917083107883322)
(0, 0.031162854945241902)
(0, 0.012515639573669664)
(1, 0.42735017200341846)
(0, 0.25583405829110367)
(1, 0.7765995962191061)
(-1, -0.343430840288834)
(0, -0.024053641900546596)
(1, 0.011643199164496132)
(0, -0.08349130794196497)
(0, 0.26519398320210247)
(0, -0.03813568651057741)
(0, -0.3075248787413084)
(0, 0.007700073872474317)
(0, 0.08555855761141894)
(0, -0.01150681885567953)
(0, -0.03549120283023176)
(-1, -0.5158015411505785)
(1, 0.09497908401419136)
(0, -0.22277897397878046)
(0, 0.0023266541080641384)
(0, -0.31265262257614496)
(1, 0.3790331455464253)
(0, -0.2555666593819774)
(0, 0.2613274861815821)
(0, -0.03557582195388505)
(0, 0.27396228856629995)
(0, 0.02169232281865811)
(0, 0.01712147418640644)
(-1, -0.20936805012484347)
(0, 0.02648336199703031)
