(-1, -0.830128446065637)
(0, 0.4246269603982689)
(-1, -0.5725762259310632)
(-1, -0.7730485368441469)
(-1, -0.41455636955182185)
(0, 0.013840788628096318)
(-1, -0.18284092064849333)
(-1, -0.4644959247029163)
(0, -0.18835350441812823)
(-1, -0.03392380148796492)
(1, 0.867013025150925)
(0, 0.29479191820802436)
(-1, -0.1418266029032958)
(-1, -0.9639544753048594)
(0, -0.09526620641825376)
(-1, -0.16866108374054628)
(0, 0.06598162832497247)
(0, -0.004200696739058346)
(0, -0.14945223044654551)
(0, -0.12301418345027726)
(1, 0.41240007235573295)
(-1, -0.7961446392197398)
(0, -0.024169828608674962)
(0, -2.4549078116126426e-05)
(-1, -0.9181049015585524)
(-1, -0.9657268066571332)
(1, 0.8469487056724436)
(-1, -0.9838417093445754)
(0, -0.13047029701672358)
(0, 0.15891282005260707)
(-1, -0.975039666189104)
(-1, -0.8278272851937243)
(-1, -0.4944108193371416)
(-1, -0.5020013521894817)
(-1, -0.7124075651895347)
(-1, -0.8469053740188607)
(-1, -0.2501751020741041)
(0, 0.1248680264408549)
(-1, -0.12755345854432232)
(0, -0.1698588966433435)
(-1, -0.40327493602153974)
(0, 0.026545693967997497)
(-1, -0.9052428627812937)
(0, -0.01381452833406268)
(0, -0.1751516445032296)
(0, -0.07758544601468696)
(0, -0.007895576150446434)
