(1, 0.2568784595618399)
(-1, -0.5907720757951282)
(0, 0.0755456907302164)
(-1, -0.5212698920124783)
(0, 0.17828838239381603)
(0, -0.09551322774488882)
(1, 0.9461286763884762)
(0, 0.0525944827392609)
(-1, -0.0908330467110548)
(1, 0.3217467259535076)
(1, 0.8565029855926096)
(1, 0.5822499174074733)
(0, 0.02059725079339425)
(-1, -0.93302450857936)
(0, -0.2887351711361929)
(-1, -0.9457409055618772)
(-1, -0.7453788096768292)
(1, 0.7512946659317056)
(-1, -0.8242231389755217)
(-1, -0.04685066373445029)
(0, -0.004149616256210492)
(1, 0.6646631449491567)
(-1, -0.9790468943323233)
(0, -0.051515199859605745)
(0, 0.20912998881970507)
(-1, -0.751738548359737)
(0, 0.4184242136249968)
(0, 0.1167331661769789)
(-1, -0.6775460052046359)
(-1, -0.018774034677991325)
(0, 0.18723216593338218)
(-1, -0.5721199840405865)
(1, 0.42801110278189397)
(0, -0.010464219359454505)
(0, -0.2024153843248997)
(0, 0.044983653157220437)
(0, 0.022442270356701172)
(0, 0.06658816160464615)
(1, 0.77825244994638)
(1, 0.12753363915894)
(-1, -0.8584292530254575)
(0, -0.1733022969993329)
(0, 0.13915699658628555)
(0, 0.03943813996922088)
(0, 0.45605437799292414)
(-1, -0.5977199191100605)
(1, 0.13275984626917042)
(1, 0.74386654201091)
(0, 0.27609623211750134)
(1, 0.5371751551603916)
(1, 0.7913980877270583)
(1, 0.3232521163914372)
(-1, -0.3453666275635451)
(-1, -0.7594472220701592)
(1, 0.8403696893454103)
(1, 0.4960857345440206)
(-1, -0.31977696886393003)
(1, 0.8140708463852931)
(0, 0.12655457279978244)
(-1, -0.9608659040467467)
(-1, -0.7984332550285294)
(0, -0.007513924389889126)
(0, 0.36220571150984265)
(0, -0.034381064058164865)
(0, 0.11384237629303007)
(1, 0.8147576919249875)
(0, 0.2562328474237656)
(1, 0.7175265547862605)
(0, -0.1676696125472838)
