(-1, -0.6637155348463949)
(-1, -0.6395915110523708)
(-1, -0.8978615385213733)
(-1, -0.4688745860518465)
(-1, -0.09477325895508337)
(-1, -0.21505852949723867)
(1, 0.06873049539019449)
(-1, -0.5094367887741935)
(0, 0.027836184477299464)
(-1, -0.7258224603203406)
(0, -0.10130095524377947)
(0, -0.11101280892170859)
(-1, -0.9653752077936608)
(-1, -0.42690602442747266)
(1, 0.7186887579649082)
(1, 0.8403383920069134)
(-1, -0.2562488331731564)
(1, 0.7972368968009277)
(1, 0.6360804218636592)
(-1, -0.6530551704109762)
(-1, -0.283432478353429)
(0, -0.1944726283215792)
(0, -0.09825233137813522)
(0, -0.13151543500399196)
(0, -0.21008349554447703)
(-1, -0.7447318651305321)
(-1, -0.3604705904579994)
(-1, -0.6652404669837156)
(0, 0.18628975587091995)
(-1, -0.6037656713283135)
(-1, -0.5202210707857517)
(1, 0.5178026959213774)
(-1, -0.3349763265668021)
(-1, -0.38091937166274736)
(0, -0.06146801052512796)
(-1, -0.622765517869798)
(-1, -0.5770267242570779)
(-1, -0.24198078765225556)
(-1, -0.26450424537099504)
(0, -0.11694358659098344)
(1, 0.14843664228581516)
(-1, -0.686850746630498)
(-1, -0.05054837008258678)
(-1, -0.7115883435266741)
(-1, -0.14001679513903592)
(0, -0.278071824081897)
(1, 0.7089862468480217)
(1, 0.20757689502494298)
(-1, -0.13756954237509272)
(1, 0.17322512957248742)
(-1, -0.8155709916395203)
(0, -0.27110301268718784)
(1, 0.309683275193335)
(-1, -0.008764645413996963)
(0, -0.13479779959212965)
(0, 0.00525304743595232)
(0, -0.07613133306630263)
