(0, -0.13388574564821515)
(1, 0.29556845072369364)
(0, 0.1627304496578965)
(-1, -0.1354527691728165)
(1, 0.8466574645974887)
(1, 0.01946755425753538)
(1, 0.9938802999163402)
(1, 0.5171077994716003)
(0, 0.01582980515662985)
(1, 0.85754011373537)
(0, 0.12085579360525517)
(0, -0.1811257651632579)
(0, 0.17743349069743647)
(0, -0.09430788470626421)
(0, 0.08044687490998752)
(1, 0.4332776515959983)
(1, 0.7160851517905007)
(0, -0.10108662852558783)
(0, 0.13612794970050907)
(0, 0.05129833267074402)
(-1, -0.6565826050805277)
(-1, -0.20729572946794983)
(0, 0.10102945764041682)
(0, -0.12734883271056782)
(1, 0.4308720592124601)
(-1, -0.8244235788078395)
(1, 0.6765942186127016)
(1, 0.8552310495745362)
(0, 0.01716816514097172)
(-1, -0.6519450469425416)
(1, 0.386927043080631)
(-1, -0.7354096240729017)
(0, 0.32140114728159586)
(0, -0.009037139517201004)
(0, -0.1334911889219168)
(0, 0.021548628548326294)
(1, 0.1261615075882182)
(0, -0.04178013492596018)
(1, 0.4032839532583583)
(0, 0.16062192206790632)
(1, 0.20192120478453254)
(1, 0.879887266098138)
(-1, -0.9628763424495341)
(0, -0.17226907067143338)
(0, -0.030610659074567503)
(1, 0.5944586107024794)
(0, -0.010385345698305529)
(-1, -0.6864475784534957)
(-1, -0.5099652274683629)
(0, -0.059471434921052405)
(0, 0.05021129202349878)
(0, 0.09498328543829854)
(1, 0.6905122788689173)
(0, 0.034224541169666)
(0, 0.0219647505491532)
(1, 0.9489636208507936)
(0, 0.24361410147927753)
(0, -0.011359455866335133)
(1, 0.42303589287925497)
(1, 0.08512477003671814)
(1, 0.8359651495248406)
(-1, -0.17393357052147623)
(0, -0.14350431734508123)
(1, 0.48979548707631515)
(0, -0.13637128952706773)
(0, -0.14088551472243058)
(1, 0.8383004838186803)
(1, 0.21380508442267393)
(-1, -0.5918685156538966)
(1, 0.5581361849028108)
(0, 0.16415829356596584)
(1, 0.9317896111963133)
(1, 0.8158211288357595)
(0, 0.23704977460495566)
(-1, -0.6979416279408464)
(0, -0.00032917634892581926)
(0, -0.05737803495845947)
(0, 0.1422509826427694)
(1, 0.4658435499095125)
(0, 0.31202917729496904)
(0, -0.09250996411349105)
