(0, 0.0067157944010246395)
(-1, -0.6024787373777664)
(-1, -0.31831361960209553)
(1, 0.9502754159423049)
(1, 0.038695478630673075)
(1, 0.5247283179068942)
(-1, -0.15109799304215465)
(1, 0.23181351883367526)
(1, 0.23356062738243172)
(-1, -0.500492275711668)
(1, 0.6987967280179669)
(1, 0.5370137962538741)
(0, -0.2380635945128487)
(0, 0.20466138539939535)
(-1, -0.28373549534160236)
(-1, -0.8180084353374212)
(1, 0.6063223716695549)
(1, 0.8494429816309661)
(-1, -0.5721160654294655)
(1, 0.9479670303372819)
(0, 0.0261886478703188)
(-1, -0.8622864482647999)
(-1, -0.9256239019389332)
(0, 0.0048997287667453815)
(1, 0.8920050599491595)
(1, 0.7034327759020458)
(0, 0.000913140156603205)
(0, 0.2502847562967597)
(1, 0.43682561479536186)
(1, 0.9021857453443017)
(1, 0.40213934409821817)
(1, 0.40445156335761323)
(1, 0.9604049004757333)
(0, 0.01817743599674277)
(-1, -0.14718479024699854)
(1, 0.6998501384217466)
(-1, -0.5697589042818024)
(1, 0.3987071685155177)
(0, 0.16486452671874147)
(0, -0.277512428910768)
(-1, -0.9086707853115781)
(-1, -0.8038917639086963)
(-1, -0.7980949541298427)
(-1, -0.7840627649524996)
(-1, -0.5736599014746291)
(-1, -0.8542471596186176)
(-1, -0.921076244034311)
(-1, -0.9922576505308154)
(-1, -0.6731386566460138)
(0, -0.09506013803887536)
(-1, -0.42976344588634574)
(-1, -0.7522502105239617)
(-1, -0.2594649915117078)
(0, -0.16521229086049832)
(-1, -0.18036862823480446)
(-1, -0.830834926812359)
(0, -0.2590583136219703)
(1, 0.9411942649351267)
(-1, -0.40962183938645663)
(0, -0.06922339888670764)
(-1, -0.15810949455956214)
(-1, -0.6265597286155773)
(0, 0.10962470937354206)
(-1, -0.6132990334429326)
(1, 0.13638718864204535)
(0, -0.0709149013123408)
(0, -0.17670360328455004)
(0, 0.019465786307888082)
