(0, -0.16347471916279893)
(0, -0.1067981638079174)
(-1, -0.9135194024532615)
(1, 0.40479593624636234)
(-1, -0.2631949466597539)
(1, 0.680774868887883)
(0, -0.06847281403971833)
(0, 0.05892829112897077)
(0, -0.292062260211185)
(-1, -0.41092553934935466)
(-1, -0.9090929165916564)
(-1, -0.877484777059284)
(0, -0.08951463110901682)
(0, 0.018797364319188256)
(0, 0.08563886169349405)
(0, -0.16672191569851819)
(-1, -0.8383099954942977)
(0, 0.384753220845869)
(-1, -0.6063795187073042)
(-1, -0.9988799393871545)
(-1, -0.5428719677043318)
(1, 0.312106173761895)
(-1, -0.1805414910034664)
(0, -0.11943947182124526)
(-1, -0.39711401027114634)
(1, 0.55842432154409)
(-1, -0.6906055232282603)
(1, 0.2067138407329836)
(-1, -0.5678554870627367)
(0, 0.00525304743595232)
(0, -0.07613133306630263)
