(0, 0.10363866452518405)
(-1, -0.6196541607081002)
(-1, -0.69456906639911)
(0, -0.3947082589907361)
(-1, -0.33263194438495924)
(-1, -0.5061656945236028)
(-1, -0.6377477768972037)
(0, 0.3321896742456287)
(0, 0.1775885369688182)
(-1, -0.0724534959191186)
(0, -0.2037304954445582)
(0, 0.03334380638592299)
(0, -0.16089356520499665)
(0, 0.17496050057315404)
(1, 0.4205841263150988)
(0, -0.03665864303161345)
(0, -0.03199544492360615)
(1, 0.3181119062524826)
(-1, -0.35047086253731485)
(1, 0.5880352586287325)
(-1, -0.9666059975939992)
(-1, -0.7913058125339191)
(0, -0.21944711026764493)
(0, -0.10862173424029523)
(1, 0.22834240509167436)
(-1, -0.5450023593852146)
(0, -0.37202496070202584)
(-1, -0.4786002646205451)
(1, 0.8794755218959114)
(0, 0.0038686795559354746)
(0, 0.010061328635753083)
(0, 0.04495538790521954)
(0, 0.026327424261875995)
(1, 0.6502578832289343)
