(0, -0.19685252311119295)
(0, 0.0023626455719869353)
(0, -0.08869983369067783)
(0, -0.005256506288233886)
(1, 0.9805225252254279)
(-1, -0.5801431852635296)
(-1, -0.3599563366634351)
(-1, -0.01734032283379011)
(0, 0.10540970784574466)
(1, 0.8492405336107011)
(0, 0.006821431825729245)
(0, -0.0535680616751783)
(0, -0.016054596540698414)
(0, -0.11950608188424357)
(0, 0.28044707183836143)
(1, 0.3320860429615874)
(0, 0.22712589986323792)
(-1, -0.9742725228391549)
(-1, -0.9116572324825338)
(0, -0.02374709064262276)
(-1, -0.7126792927472846)
(0, 0.3244987024414445)
(0, 0.005415070493786922)
(0, 0.02316979460140103)
(1, 0.2903446946838749)
