(0, 0.2380594553098315)
(0, 0.0087686626477331)
(-1, -0.7117505462505753)
(0, -0.050259793019148735)
(0, 0.04432585847795959)
(0, -0.002307199361969699)
(-1, -0.7569205810100442)
(-1, -0.07106726649292999)
(-1, -0.040124633706540735)
(1, 0.4130785468856124)
(-1, -0.2166365324663675)
(0, 0.18596549861057698)
(0, 0.11839719796612197)
(1, 0.9260765673296416)
(-1, -0.4030971327343277)
(-1, -0.8486832188971232)
(-1, -0.5515585322001393)
(-1, -0.9359814655710229)
(0, -0.04594125978702475)
(-1, -0.818492621925629)
(0, 0.10866893957279225)
(-1, -0.6074074292413721)
(0, 0.051340653783490814)
(0, -0.070825216356773)
(1, 0.6709610267248022)
(0, 0.07097606780584662)
(0, -0.37831983030775435)
(0, -0.12413905587273172)
(0, 0.11725513640168118)
(1, 0.5103632062075385)
(-1, -0.25263142851208786)
(1, 0.8741517264906759)
(0, 0.19541685150963095)
(1, 0.9127459448005297)
(0, 0.22335778618424904)
(0, -0.4806586524318063)
(-1, -0.8536889236701204)
(-1, -0.9572212376549082)
(-1, -0.8626002359662411)
(0, -0.3052835092922621)
(0, -0.27500331007901974)
(0, 0.05443795944667347)
(0, 0.0018011210916095547)
