(0, 0.39529558300417106)
(1, 0.20857779803982252)
(0, -0.10110543251225229)
(1, 0.6976899434931796)
(1, 0.630186756461233)
(1, 0.9846202961175954)
(1, 0.5480858036602528)
(0, -0.014724290744149798)
(0, -0.41570949448191374)
(0, -0.02463438085645403)
(-1, -0.8229719867454912)
(1, 0.07646825116398853)
(0, -0.011198495216432361)
(0, 0.2364974380897638)
(0, 0.11716239121196104)
(1, 0.6295569146117787)
(1, 0.9128421828285848)
(0, 0.06656211817798159)
(1, 0.6548376728144562)
(0, -0.0981262411897172)
(0, 0.09100136498281655)
(-1, -0.761715500750614)
(0, 0.07636022559114133)
(0, 0.08237484698271887)
(0, 0.16141267020375416)
(1, 0.29645699068516596)
(0, 0.09547230100345441)
(-1, -0.2651498618037958)
(-1, -0.2848801656209703)
(-1, -0.26164767327585936)
(0, -0.002441188262252963)
(0, -0.0817306269404034)
(0, 0.016671024257363498)
(1, 0.7967441452738395)
(0, 0.21247297680116542)
(0, -0.012633444339897909)
(0, -0.2745620455578841)
(-1, -0.800277879054408)
(-1, -0.6473665995599093)
(0, 0.011753551222759916)
(0, 0.0778665644358484)
(0, 0.028427339739328095)
(-1, -0.34556450219332907)
(-1, -0.7774536293557203)
(0, -0.22314851455805593)
(-1, -0.7996348794163177)
(0, 0.007416350737038273)
