(0, 0.053294387097009795)
(0, -0.008614749152974915)
(0, -0.09250973898709532)
(0, 0.16555025590529493)
(1, 0.9678468114236637)
(-1, -0.9135408176293108)
(1, 0.7765934171423373)
(-1, -0.7046059704622455)
(-1, -0.861018151372632)
(0, -0.28204185170963986)
(0, -0.20252713653586474)
(0, -0.00043837012007304915)
(0, -0.043616061497572675)
(0, -0.13654495600720407)
(0, -0.12389911766133337)
(1, 0.6330625242256511)
(-1, -0.38362658204881894)
(1, 0.41343639366699614)
(0, 0.03474305598045822)
(1, 0.6279090222528451)
(-1, -0.9313876219293138)
(-1, -0.5799409343393434)
(0, -0.003061804914995263)
(0, -0.22920182640416864)
(0, -0.008266430894980935)
(0, 0.0034774046335554914)
(1, 0.623393468739426)
(-1, -0.5367564457971963)
(0, 0.06640620935440661)
(0, 0.17795567454718703)
(0, -0.15910608201774123)
(-1, -0.15751266739065384)
(-1, -0.49053536621712746)
(-1, -0.6522815631776634)
(0, -0.14396988977143355)
(0, -0.13049850758480283)
