(0, 0.26478208170551537)
(1, 0.8012639128805612)
(0, 0.009712360748347859)
(0, -0.02315703017975529)
(0, -0.029186226214276363)
(-1, -0.2753939707322302)
(1, 0.5040038872058447)
(0, 0.33188498968779157)
(-1, -0.39332934867419733)
(0, -0.3630001067699419)
(-1, -0.8744604787637982)
(-1, -0.35763369174507287)
(-1, -0.5851572930053578)
(-1, -0.8324773040511169)
(-1, -0.798463051441944)
(0, -0.027319840122960792)
(0, 0.029031420424607574)
(0, -0.05769974067509376)
(-1, -0.6734286015241245)
(-1, -0.8593077975736422)
(-1, -0.9412511244236604)
(0, -0.1366915496559369)
(-1, -0.6346391486571826)
(0, -0.14311807714787886)
(-1, -0.8336339304866833)
(1, 0.9597516062453075)
(0, -0.17844095128447723)
(0, -0.04650780392529753)
(-1, -0.6918187386638308)
(-1, -0.33393379830731573)
(1, 0.22593406134697552)
(-1, -0.28441597616551206)
(-1, -0.36500486523396186)
(-1, -0.4463413995746823)
(0, -0.24835780276785485)
(0, -0.02316133161652526)
(-1, -0.06438047068268254)
(0, -0.0692862852001942)
(0, -0.012228215052975777)
(0, -0.2467253609212365)
(1, 0.45763864150610545)
(0, 0.13095613519600963)
(0, 0.2663155672356941)
(-1, -0.7615582476979875)
(0, -0.15880278281585813)
(-1, -0.7788466889969177)
(0, 0.17871533827226813)
(0, -0.26608586392841194)
(0, 0.015129276441913895)
(0, -0.08221612974210818)
(1, 0.3553354766093456)
(0, -0.23470829721354391)
(0, -0.005687999491823789)
(0, -0.26182579411983425)
(1, 0.5080714580150782)
(0, -0.26182579411983425)
(0, -0.011126437530570271)
(-1, -0.0615593693584231)
(0, 0.18667920062305965)
(0, -0.06765460210613114)
(1, 0.5876162772793281)
(0, 0.0415349847729842)
(0, -0.0008309429053437456)
(0, 0.19935425902171772)
(0, -0.18286484785103974)
(0, -0.07184815973917288)
(-1, -0.5334717685417052)
(0, -0.05530021962704659)
(-1, -0.5511164105327381)
(0, 0.31941606808100015)
(0, -0.04703156292716715)
(0, -0.045357066803367235)
(-1, -0.8148077079112168)
(1, 0.8371237503427705)
(-1, -0.8644205157553414)
(1, 0.422394054319331)
(0, -0.20998359116658277)
(0, -0.06642362837587301)
(-1, -0.5331945361658098)
(-1, -0.4164472916101475)
(1, 0.8776985887274374)
(0, -0.20750833937484056)
(0, -0.10481857364131623)
(0, -0.1104580404450239)
(0, -0.23159125519735568)
(0, 0.00020703571018966527)
(1, 0.1952483533477824)
(0, 0.009532295066402574)
(0, -0.2096985597770266)
(0, -0.17313064289066435)
(-1, -0.5327083636796262)
(0, -0.2401527455593842)
(-1, -0.31813835766013376)
(1, 0.29122615880990044)
(1, 0.9842302736849413)
(0, 0.2532889894750884)
(1, 0.24022678018451457)
(0, 0.048121265098006544)
(0, -0.020217100401780076)
(0, -0.056671110866560404)
(1, 0.27793698855109084)
(-1, -0.8351956876708208)
(0, -0.353968012937787)
(0, 0.04750731026020369)
(1, 0.08846193551595466)
(-1, -0.5768273151097507)
(0, -0.07645123937898884)
(0, -0.13839840994317437)
(0, 0.03262448100743154)
(1, 0.11919076107867776)
(1, 0.254149385642914)
(-1, -0.18746602249886113)
(0, -0.0037013326300393903)
