(1, 0.7522441459538428)
(1, 0.5491794168994434)
(0, -0.4192639277730789)
(0, -0.11685286567080627)
(1, 0.7269554683312404)
(-1, -0.27623972134712604)
(-1, -0.8109593771973755)
(-1, -0.1636101529479112)
(-1, -0.525590111634043)
(0, -0.04901200342667236)
(-1, -0.5698690358878385)
(-1, -0.12806839340140247)
(-1, -0.16031888959292065)
(-1, -0.7896758169441696)
(-1, -0.27279424138510444)
(0, 0.27061453308420663)
(1, 0.9093289777329145)
(0, -0.05085904497846569)
(-1, -0.288361824653793)
(0, 0.04139726503265925)
(0, 0.019269233440070324)
(0, -0.23981429306529303)
(0, -0.16932602573284256)
(-1, -0.2074747791953701)
(-1, -0.9588265069231854)
(0, 0.04708066579873344)
(1, 0.4431992470156563)
(0, 0.14024102583530645)
(-1, -0.6465505090758732)
(-1, -0.9146937827467989)
(-1, -0.557203788936218)
(1, 0.30612031181256283)
(1, 0.32946375962507807)
(-1, -0.8982732375214421)
(1, 0.6126112433132253)
(-1, -0.42410320854099454)
(-1, -0.5157893346675071)
(0, 0.024089893568667753)
(-1, -0.9877151271526452)
(0, -0.058351901500689835)
(1, 0.5709921682349758)
(1, 0.35025386649691526)
(-1, -0.052905861759549644)
(1, 0.11248681837436725)
(1, 0.9932867514067892)
(0, 0.0458774721575337)
(0, 0.21350612486193604)
(1, 0.5874767029303909)
(0, 0.11557318025756436)
(-1, -0.43882054449716157)
(1, 0.5115759820558836)
(0, -0.03923595626866286)
(0, -0.21254360477158452)
(1, 0.8861816997260049)
(-1, -0.7354725865848118)
(0, 0.05574623797911438)
(0, 0.019414392523018353)
(0, 0.0001755340993671885)
