(0, 0.014436977029033415)
(1, 0.616604586204896)
(1, 0.3676040922579427)
(0, 0.09253561320573625)
(1, 0.13439872575984607)
(0, -0.1451957062950948)
(0, -0.033915953106734925)
(1, 0.2234592539894028)
(1, 0.614070565272434)
(1, 0.6386191741457989)
(1, 0.7593393018853987)
(0, 0.12590699396907212)
(0, -0.002370055553029188)
(-1, -0.13995548076952163)
(0, -0.03357885235909745)
(0, -0.08573055188899156)
(1, 0.4764784328080705)
(0, 0.004979063169941372)
(0, -0.024053641900546596)
(0, -0.026865840527311148)
(-1, -0.15533853668980668)
(1, 0.5961368236776057)
(1, 0.9685774254315734)
(-1, -0.8383130071517577)
(0, 0.15829872686030785)
(-1, -0.5043159041343007)
(0, 0.08085274018528658)
(0, -0.12791904812701513)
(1, 0.7924424206888119)
(-1, -0.8701883963486021)
(1, 0.3706138539109967)
(1, 0.9298922954630362)
(1, 0.11485776602081527)
(-1, -0.6317084766593429)
(1, 0.9467534808424111)
(-1, -0.6008329670575541)
(1, 0.6528776468032244)
(0, 0.19830338370112566)
(0, 0.012854895495273438)
(0, -0.010620749112347644)
(1, 0.40447675546787193)
(0, -0.1042585081948124)
(0, 0.05049824822732847)
(0, 0.15624396843872607)
(1, 0.04380891313836516)
(0, -0.005381584026001897)
(1, 0.5478209541303676)
(0, 0.1853317111698119)
(0, 0.400253030082907)
(0, 0.14767471574417965)
(0, -0.016374416821953924)
(1, 0.5254682570406781)
(1, 0.8236468253851027)
(0, 0.12493443517752292)
(0, -0.16810095125430288)
(0, 0.018948187516597742)
(-1, -0.5783543195179074)
(0, 0.47626957940350734)
(0, -0.03430023605305646)
(1, 0.6202376730330453)
(1, 0.5925067040595638)
(1, 0.4178594940814656)
(0, -0.14373603518613598)
(0, -0.1954586637136077)
(-1, -0.6480933121473768)
(1, 0.8755064298713878)
(1, 0.8295417041738723)
(-1, -0.5327174011464404)
(0, 0.014344322643867091)
(1, 0.5196912914122479)
(1, 0.24154804880010677)
(-1, -0.6575334270135307)
(-1, -0.388449597311853)
(-1, -0.46333929907964233)
(0, 0.2202564910358509)
(0, -0.26290575419336204)
(-1, -0.05459627893559016)
(0, -0.06481555159146965)
(1, 0.7372894362446953)
(1, 0.7702799557301429)
(0, 0.01543299931425153)
(0, 0.09719358934029038)
(0, 0.17142700429068658)
(1, 0.6693119444060547)
(1, 0.7159678727432622)
(0, -0.058378553519356)
(0, 0.12093790907439529)
(1, 0.5705750963963934)
(1, 0.40900071457018977)
(0, 0.21454058876223836)
(0, -0.24724436247020487)
(0, -0.021876326833206408)
(0, 0.3442301924249103)
(1, 0.5918764904728162)
(1, 0.4980306536209498)
(1, 0.04987991122763408)
(0, -0.13897470193096734)
(1, 0.6943006182495144)
(0, -0.1720638821584863)
(0, 0.07242696673277269)
(0, -0.17634268000277556)
(0, 0.2221536515076673)
(-1, -0.48113234052180265)
(0, 0.13170354175226984)
(1, 0.14707564294880643)
(0, 0.046031021421327485)
(-1, -0.4086422035685066)
(0, 0.03242803433037805)
(0, 0.05815987999258504)
(0, -0.06684540633123164)
(0, 0.22219959333304207)
(1, 0.6098239149020116)
(0, 0.3671606904657795)
(1, 0.7218544260396856)
(1, 0.9440596042299866)
(-1, -0.6686710984382956)
(0, -0.19418084787519407)
(0, -0.08397663285591808)
(-1, -0.1405204412860646)
(-1, -0.1260260301408868)
(-1, -0.443498537205436)
(-1, -0.8088796874551367)
(1, 0.28684142557836456)
(0, 0.12474096738594712)
(0, -0.058457609415016765)
(-1, -0.25415051360110685)
(-1, -0.5735385458350184)
(-1, -0.4898379781855255)
(1, 0.6965185966624473)
(1, 0.3734980011335953)
(-1, -0.24944268480627124)
(0, -0.23714416376230815)
(1, 0.7609035654798739)
(0, 0.07653370769359344)
(0, -0.10062052048181824)
(-1, -0.8632670064181527)
(1, 0.17038528009708867)
(1, 0.0863785672271406)
(0, -0.01883792703804095)
