(0, -0.0530832279443639)
(1, 0.29213608806354313)
(0, -0.028345767801381233)
(0, -0.05280183180287993)
(0, -0.0008957941121225804)
(0, -0.029521393897731785)
(0, 0.2721400541417276)
(1, 0.7361385155765298)
(0, -0.07418432533851083)
(0, 0.1658417292421065)
(1, 0.7880572615500558)
(-1, -0.48432950937139996)
(1, 0.3189235596014877)
(1, 0.03131650298380584)
(1, 0.6450601487949741)
(0, -0.054512076243314264)
(1, 0.4451488116775261)
(0, 0.17620618807478156)
(0, 0.04850525612995216)
(0, 0.04264214604574648)
(0, 0.09513668183960183)
(1, 0.6725362047644071)
(1, 0.19463742871863865)
(0, -0.008388019339611849)
(1, 0.45983334849724955)
(-1, -0.7665051461226335)
(1, 0.4314175645537649)
(0, 0.20950625682090387)
(1, 0.7501685824914928)
(1, 0.8176533496617172)
(0, -0.29209888118762195)
(1, 0.7656671742482628)
(0, -0.14985492153074703)
(1, 0.8902920112843218)
(-1, -0.6556073920292603)
(-1, -0.2849071407142564)
(-1, -0.3789658819551664)
(1, 0.9505715095438716)
(0, -0.4694044945125285)
(0, -0.1441775959916196)
(1, 0.9274968066837685)
(-1, -0.7507552767156809)
(1, 0.14158105220786)
(-1, -0.28187960076627844)
(0, -0.07888960467731451)
(-1, -0.5492953714526494)
(0, -0.25417155310316497)
(0, 0.03603744809667142)
(-1, -0.6241055831659437)
(-1, -0.9098008317143598)
(-1, -0.48196393665052084)
(-1, -0.6962005414353692)
(0, -0.09143987016502714)
(1, 0.3354878625915322)
(-1, -0.4362544887877494)
(-1, -0.4025328028934483)
(-1, -0.7646170782007581)
(-1, -0.5405276588983023)
(1, 0.7666708562416092)
(0, -0.04202428251415499)
(0, -0.01625071019357785)
(0, -0.25995296265525375)
(1, 0.19942375471683838)
(-1, -0.7055065482304106)
(1, 0.516036947354782)
(-1, -0.3423702254207728)
(0, 0.3215501565465467)
