(1, 0.525882335548193)
(-1, -0.9721290493178326)
(-1, -0.80244933208288)
(-1, -0.012743057463384999)
(1, 0.987682531865846)
(0, 0.07817728228502854)
(-1, -0.21696730496115607)
(1, 0.6992784365839286)
(-1, -0.9676704484269537)
(1, 0.962601739767395)
(0, 0.03701383605192307)
(-1, -0.5863354107129172)
(0, 0.006338698213554747)
(-1, -0.9056199491656474)
(1, 0.6791624023427282)
(1, 0.8635564667909158)
(0, -0.20019175141071344)
(1, 0.9176338553593139)
(0, -0.31442250052955867)
(1, 0.43699282386210325)
(-1, -0.9899684952183586)
(-1, -0.7619986751529312)
(0, -0.03660429251596161)
(-1, -0.9604782025334907)
(1, 0.9626160413329858)
(1, 0.8561176574092684)
(-1, -0.9657635189076624)
(-1, -0.5949239373819482)
(-1, -0.7340415478797669)
(-1, -0.8335883311250999)
(-1, -0.8037324458486759)
(-1, -0.6879085398869376)
(-1, -0.9672105146871267)
(0, -0.04595982407999849)
(0, 0.15167912854245202)
(1, 0.6352176083480331)
(-1, -0.2668986345959172)
(0, -0.07049766432177637)
(1, 0.4476413361320309)
(1, 0.6943395437031721)
(-1, -0.5650266804469318)
(-1, -0.531796926520603)
(-1, -0.32290043018271314)
(-1, -0.8270433238710618)
(1, 0.4702025367433702)
(0, -0.04482841495655969)
(1, 0.9347558461014777)
(0, 0.045778073477452996)
(0, 0.2143282609865995)
