(0, 0.15067343464411356)
(1, 0.8160079146216597)
(-1, -0.3983284677819564)
(1, 0.71170071089673)
(0, 0.19667350675096792)
(-1, -0.7598742287603961)
(1, 0.16713082487475917)
(0, 0.013511841406228749)
(1, 0.13975352419983256)
(1, 0.44376824509158846)
(1, 0.07267771477062235)
(-1, -0.7362191866617357)
(0, 0.10236211633150698)
(0, -0.3152421445179518)
(-1, -0.6049484697355139)
(0, 0.17147428641914647)
(1, 0.06767289731608694)
(0, -0.15520572728028695)
(-1, -0.3871892801901343)
(0, -0.20169294769828547)
(-1, -0.867553889372217)
(-1, -0.6240523209982439)
(-1, -0.03063983634472034)
(0, 0.04351662655117894)
