(-1, -0.6369886721312743)
(0, -0.07505237912085497)
(0, 0.05516234073613182)
(1, 0.5183058161595736)
(-1, -0.9137275284666105)
(0, -0.39369647881010417)
(-1, -0.9727201933227978)
(-1, -0.5986640364739193)
(-1, -0.5497540245256882)
(-1, -0.6077376777270673)
(1, 0.31462217555161853)
(-1, -0.5222585513264807)
(1, 0.5065481227232786)
(0, 0.07944570759972089)
(-1, -0.5249964376196329)
(0, -0.05421047967511246)
(-1, -0.5528971808848605)
(0, -0.012301401075089702)
(0, -0.3072522466467397)
(-1, -0.9303021237238295)
(-1, -0.6389749514472369)
(0, 0.07027886511709452)
(1, 0.3205529732190334)
(0, 0.05432624608365322)
(-1, -0.3049866865662211)
(1, 0.584122458211949)
(1, 0.4802368838298891)
(-1, -0.9832932643284544)
(0, 0.12215167849941452)
(0, 0.2052319797357786)
(-1, -0.024145102716964573)
(0, 0.37444614937593546)
(1, 0.332851499088622)
(0, 0.2875954091122929)
(0, 0.001545895868876065)
(-1, -0.552947033391068)
(-1, -0.27925479154322574)
(1, 0.24565019087600176)
(0, 0.2902605706954304)
(0, 0.018942012485164722)
(-1, -0.6935845710731945)
(-1, -0.46107361627108157)
(0, 0.05153750110715695)
(0, -0.010184252079877672)
(-1, -0.9017906301368118)
(0, -0.21267701010671547)
(-1, -0.9132243962424041)
(0, 0.018759049105459447)
(0, -0.08517209224218723)
(0, 0.011091925113119544)
(0, -0.1611228509289132)
