(1, 0.7094178354170222)
(1, 0.9799416662333462)
(1, 0.37306184225161726)
(0, 0.08759288090718093)
(-1, -0.9348263171294964)
(1, 0.8102971632922045)
(1, 0.9808117897915438)
(0, 0.3206598207303296)
(1, 0.19793836420462518)
(1, 0.23802288166438343)
(1, 0.8667162637540117)
(0, 0.2914237150247452)
(1, 0.5104422388105415)
(-1, -0.9487916669071089)
(0, -0.0064640505573984736)
(0, -0.016055073257440607)
(0, -0.018078405547297505)
(-1, -0.9118689496375021)
(-1, -0.7578919217740374)
(0, -0.23873275779383132)
(-1, -0.9564385696347177)
(0, -0.010902250183429725)
(0, 0.16241894102415086)
(1, 0.8768915104811753)
(-1, -0.4776904291955761)
(-1, -0.929653840717013)
(0, -0.1794233223568914)
(0, -3.5449257333397544e-05)
(-1, -0.9033970793779754)
(0, 0.10726461075178895)
(0, 0.05449649108014159)
(0, 0.13338549338011654)
(1, 0.4194178568419783)
(0, -0.18413166813852433)
(0, 0.35636443816956065)
(0, 0.0047172689718223875)
(0, -0.01379071459295139)
(1, 0.08834963351715541)
(0, 0.06966687618189277)
(1, 0.9634844235303449)
(1, 0.6569509329927834)
(0, 0.1083087309782126)
(1, 0.7490785828043716)
(0, -0.02090632671761853)
