(0, -0.015345049671504137)
(1, 0.9412219435446432)
(0, -0.0019954007554782334)
(1, 0.30132616923410266)
(0, 0.09881769856604113)
(0, 0.24538693756196625)
(1, 0.9891678352296454)
(-1, -0.46752485997968357)
(1, 0.5955111842775089)
(0, 0.016765339135760796)
(0, 0.3219856979037571)
(1, 0.7260396211029778)
(0, 0.004309967792690647)
(0, -0.26338185269811554)
(0, 0.100651107676453)
(0, 0.018351127469655587)
(-1, -0.8504341074058188)
(0, -0.3867408774471085)
(1, 0.039921195603320137)
(0, -0.023794027225856444)
(-1, -0.7046313106280427)
(-1, -0.775758153024931)
(0, -0.05383448987459105)
(-1, -0.40679972231486417)
(0, -0.32686275320312325)
(0, -0.08418230247510544)
(0, -0.03753294510645694)
(0, 0.2531394129953126)
(0, -0.2213722319533602)
(-1, -0.9273558327533904)
(-1, -0.9058368912391711)
(-1, -0.6141894747588027)
(-1, -0.9754450305523783)
(0, 0.03760718367037442)
(-1, -0.6532295110081618)
(1, 0.36482988456729665)
(0, -0.0843273297850862)
(0, -0.20851703697939222)
(-1, -0.2255154399720804)
(0, -0.31759677404410386)
(-1, -0.8934214499846167)
(0, 0.08029837272409202)
(1, 0.21953214708935137)
(-1, -0.815480838994193)
(0, -0.2480723146996149)
(-1, -0.7655977473767936)
(0, 0.0635514003483563)
(-1, -0.9649429118138079)
(0, -0.30090944797222946)
(1, 0.2641638964535209)
(0, 0.26072809969100874)
(-1, -0.9977336538163291)
(0, -0.13049850758480283)
