(1, 0.3063320484919704)
(0, -0.04916179292511194)
(0, 0.4478437640505468)
(0, -0.0062188748949046635)
(0, 0.0497183744720901)
(1, 0.765473512411663)
(1, 0.13933481844778023)
(1, 0.9070096566177213)
(0, 0.019859842828949426)
(0, 0.07941465155010588)
(0, 0.1849942715291934)
(1, 0.875333476619652)
(1, 0.8435745194958717)
(1, 0.5347525655624993)
(0, 0.052153343331163574)
(0, -0.09155732042083334)
(1, 0.51533099219177)
(1, 0.6586830149097646)
(0, -0.02561046456234209)
(0, 0.0322234390111217)
(1, 0.5378669219814235)
(1, 0.8829963680358727)
(1, 0.7682205520346099)
(0, 0.05098578141921889)
(1, 0.07096641959897104)
(0, 0.16783088959618267)
(1, 0.895423571774086)
(0, 0.03522106667334553)
(1, 0.9937933551470187)
(0, 0.04473063609234445)
(0, 0.1317410428176397)
(1, 0.8101184452758431)
(0, 0.01126887006490165)
(0, 0.03500384422508489)
