(0, -0.12248474426076411)
(0, -0.15889202392179283)
(0, 0.02558358941218289)
(0, -0.012065025508680716)
(0, -0.08420110490033705)
(0, 0.06354539826202375)
(0, -0.08938608699403212)
(0, -0.027949663878788895)
(-1, -0.3029050655203237)
(-1, -0.19727034240812671)
(0, -0.004960050234359905)
(1, 0.9708895330642175)
(-1, -0.9462811808546826)
(0, -0.1688593164199087)
(-1, -0.26523880541299727)
(-1, -0.37822558778223997)
(-1, -0.8638644611686853)
(1, 0.9099757606958269)
(1, 0.07552192570325145)
(1, 0.35421863589680275)
(1, 0.41003793260574356)
(1, 0.7373744038340763)
(0, -0.008290754610177288)
(0, 0.22161565379975415)
(-1, -0.9768266952504321)
(0, 0.08297687933815344)
(-1, -0.5921971069418988)
(0, 0.27534065118189466)
(1, 0.7597915301383082)
(-1, -0.6028311562171543)
(0, 0.0983392104291679)
(0, -0.04505026393780829)
(1, 0.4515756106583529)
(-1, -0.6978508253871895)
(0, 0.010936184972162852)
(-1, -0.1028611762665243)
(-1, -0.673770461231652)
(1, 0.5024945308492262)
(-1, -0.17022103455555154)
(0, -0.10221807117799417)
(0, -0.20791672908922348)
(1, 0.12110854081329009)
(-1, -0.6335708649374383)
(1, 0.8165957380641472)
(0, 0.11868393153763646)
(1, 0.2677084700061992)
(0, 0.03304677114843033)
(0, 0.05087211286733855)
(0, -0.19451679416552264)
(1, 0.6561260113129753)
(1, 0.5312278369669283)
(0, 0.07724244394991461)
(0, -0.24892314007944324)
(1, 0.3291309840121321)
(0, -0.34960373371061715)
(0, -0.0030610504995980253)
(0, 0.007132106184502628)
(0, 0.03126191811911509)
(0, -0.05672851703526562)
