(-1, -0.7059335075872364)
(0, -0.0200298290315349)
(0, 0.027445209966175554)
(-1, -0.4692192732692035)
(0, 0.03572497846865284)
(0, -0.1372964547176552)
(0, -0.2010789776672559)
(0, 0.04053350141883036)
(0, 0.133827346710467)
(0, -0.04882105486453388)
(0, -0.0814148826531022)
(0, 0.12090598442704281)
(1, 0.39434249767154506)
(0, -0.0978548840437907)
(0, 0.002948425667905848)
(0, -0.11503222641642442)
(0, -0.14065140549571672)
(0, -0.04580159440554604)
(0, 0.13713835413049555)
(1, 0.36361291479283697)
(1, 0.32773222434697097)
(0, 0.07006698783712076)
(-1, -0.2872023657088111)
(1, 0.2847955456359792)
(1, 0.07907092603022137)
(0, -0.28838083517663954)
(-1, -0.39021031227009195)
(0, -0.019963059461038435)
(1, 0.024299656291930538)
(0, -0.11032087516053099)
(-1, -0.7783839692360296)
(-1, -0.5052229376674877)
(0, 0.35144622683563675)
(0, -0.010428681035873133)
(0, 0.01976600960551056)
(0, 0.04683748025332596)
(0, 0.29517108759685706)
(-1, -0.37801643709873484)
(-1, -0.345067943683693)
(1, 0.34447739675439043)
(0, 0.21806101039357942)
(0, -0.24402691443405408)
(0, 0.1781618994659957)
(-1, -0.495956386769304)
(-1, -0.8194326771628309)
(-1, -0.3967045032113975)
(0, 0.1531261644902376)
(0, -0.19619058225948735)
(0, 0.08130039090310552)
(1, 0.3304903419702334)
(0, -0.09513463906395328)
(0, -0.12316147332034058)
(0, 0.09008559425132842)
(0, 0.2581496374637485)
(0, 0.19520386538936862)
(0, 0.057172675616806)
(1, 0.5023017356668589)
(0, -0.06860306273731548)
(0, -0.1793512542874215)
(0, -0.2607266278653575)
(1, 0.04922075148630267)
(0, -0.2151557431381193)
(1, 0.6022751925594837)
(0, -0.05858393297876452)
(0, -0.09961048330114528)
(-1, -0.33035912365558096)
(0, -0.15277706092812846)
(0, 0.2190848444829573)
(1, 0.43811980306932885)
(0, -0.08769766160495744)
(1, 0.3613677350170078)
(0, -0.20280677784065926)
(0, -0.16913118867454846)
(0, -0.03750362446501411)
(0, -0.0122212447212518)
(-1, -0.10193901432329078)
(1, 0.19257931174264464)
(-1, -0.3903815941529566)
(0, -0.06252357689024832)
(0, -0.014439065824592645)
(-1, -0.4855945823873284)
(0, -0.059913747958847574)
(0, 0.0515142245144391)
(1, 0.6239042418657411)
(0, 0.02810955974977415)
(1, 0.66957315711629)
(0, -0.024807820094494393)
(0, 0.05060213743607414)
(0, -0.07637037379793284)
(0, -0.0035642654742988333)
(0, 0.014027898045574676)
(0, -0.11707816163506493)
