(0, -0.11920374797188604)
(1, 0.17820672201247045)
(0, 0.2651147350919303)
(-1, -0.2328582417889804)
(0, -0.10162193074503428)
(-1, -0.6973082524746769)
(-1, -0.22045578050594344)
(0, -0.13727001076649828)
(-1, -0.3251027519905586)
(-1, -0.6180760340454816)
(0, -0.07717665356565412)
(1, 0.34710721942289646)
(0, -0.30046340150017503)
(0, 0.22675339950562146)
(0, -0.43384456966059254)
(-1, -0.2524744445707262)
(1, 0.45494045531162475)
(0, -0.13430588214107844)
(-1, -0.13758451220651557)
(-1, -0.7139550640936703)
(-1, -0.9339850204150291)
(-1, -0.9770451944795595)
(-1, -0.7693939366227238)
(1, 0.08691592521191449)
(1, 0.7888015685997016)
(-1, -0.26554348753425183)
(1, 0.8469595000527342)
(0, -0.25113906576279543)
(0, -0.21042154473209307)
(-1, -0.4262058235218895)
(-1, -0.546863269034084)
(0, 0.17601928009504228)
(1, 0.20273118030410753)
(-1, -0.27632056919664083)
(0, -0.33344521649227044)
(0, 0.2497171009646349)
(-1, -0.7329970869669762)
(-1, -0.695839823551614)
(-1, -0.86237681652226)
(0, 0.03228854310801932)
(1, 0.1085530932068528)
(0, -0.06543641350177107)
(0, 0.05631174370324131)
(0, -0.09868074390101939)
(-1, -0.10170540323291083)
(0, -0.4067649118243102)
(0, -0.0649167445834018)
(0, -0.23791666170489537)
(1, 0.6988136076522226)
(0, -0.10029433948195265)
(0, -0.26933866337028767)
(0, 0.2924531754182228)
(0, 0.15807380055438391)
(0, -0.07788309652930159)
(0, 0.010368535558920228)
(1, 0.9017590814897125)
(-1, -0.5065083720499607)
(0, 0.015196365381336112)
(1, 0.0015635361692991068)
(0, 0.18687253706990348)
(-1, -0.10106636505181293)
(0, -0.19257814991902844)
(0, 0.12899322890964188)
(1, 0.03128496336150699)
(0, -0.02117528357187151)
(0, 0.12153134063085072)
(1, 0.3012059227283741)
(-1, -0.6044606142397805)
(-1, -0.1309425414922532)
(-1, -0.7961204575332821)
(0, 0.18724191672980572)
(1, 0.10330528691553031)
(0, -0.16512520630161778)
(1, 0.37372058913245293)
(-1, -0.4955728939320553)
(0, 0.038495109703054683)
(-1, -0.41570327841333765)
(-1, -0.6730779275279675)
(1, 0.08141095204176413)
(-1, -0.4130265424278021)
(1, 0.6505744491230181)
(0, -0.15345109305045349)
(-1, -0.9344208476804167)
(-1, -0.6777841884324022)
(-1, -0.6380535906792214)
(-1, -0.8907895066348772)
(0, 0.23775454523120068)
(0, 0.10829636278967691)
(-1, -0.600935298588114)
(0, -0.11524537710112157)
(-1, -0.14824162588871664)
(-1, -0.3972660632958126)
(-1, -0.6200668936280558)
(0, 0.006024893500920864)
(1, 0.03656770166693657)
(1, 0.75908195303667)
(-1, -0.32921921202726695)
(1, 0.18316256239012668)
(-1, -0.8660715281921498)
(1, 0.588657857202682)
(1, 0.1870621419865343)
(0, 0.0012772883420950898)
(0, -0.38808820191492266)
(-1, -0.6062734769351441)
(-1, -0.3410619639641531)
(-1, -0.4253284137268912)
(0, -0.012884211191654945)
(0, -0.027251858975890428)
(1, 0.9158779318388727)
(1, 0.7625096426832738)
(1, 0.919847291133996)
(1, 0.7062629117873094)
(0, 0.018578354841717104)
(-1, -0.41138877192440193)
(0, -0.003569623543476924)
(1, 0.8867155438682778)
(1, 0.9598293013317786)
(-1, -0.484526887972372)
(-1, -0.9992034175364115)
(1, 0.31289295495807506)
(-1, -0.47443981239068606)
(0, -0.09105461545730918)
(0, 0.012606665460870737)
(-1, -0.5619984731376527)
(0, 0.2916595387527013)
(0, -0.25573874799316504)
(-1, -0.45122086868343025)
(-1, -0.8062955861912884)
(0, 0.0632908315450594)
(0, -0.04326836349933998)
(0, 0.0561338730932755)
(-1, -0.7563366857088858)
(1, 0.1791964220749011)
(0, -0.1503743600855948)
(1, 0.6583959364560195)
(-1, -0.6381155348897481)
(-1, -0.6250655008390527)
(1, 0.7662245797897703)
(-1, -0.7945528531291866)
(0, -0.0715779164337827)
(-1, -0.4424551740121198)
(-1, -0.07141066086260073)
(-1, -0.5876606145205057)
(0, -0.0002254358496444342)
(-1, -0.08321804817008494)
(1, 0.7492108007370981)
(1, 0.8487286509948487)
(1, 0.9664923452187237)
(0, 0.25999025277647914)
(1, 0.7378310324134589)
(1, 0.1192030083299947)
(1, 0.25272302803275615)
(1, 0.8665062058432329)
(-1, -0.9614541260011236)
(-1, -0.1951199449213572)
(0, -0.042012089701187014)
(1, 0.14708531980706513)
(0, 0.07928384822061713)
(1, 0.6805989003177394)
(1, 0.3735152926697461)
(-1, -0.885436722172782)
(-1, -0.17856471255192735)
(-1, -0.3326597885307368)
(-1, -0.7958238438024375)
(-1, -0.9204091557427996)
(-1, -0.39865154085816623)
(-1, -0.8006329723017904)
(0, 0.2777573337033335)
(0, 0.15602989084603183)
(-1, -0.3735822029124053)
(-1, -0.43302328782718125)
(-1, -0.7108037068548965)
(1, 0.6344361193385967)
(0, -0.043877846787489586)
(0, -0.01139614040457386)
(0, 0.02334748064242856)
(1, 0.38028350073031614)
(0, -0.22095886906922743)
(0, -0.05057752956875952)
(-1, -0.37363761832569936)
(1, 0.26774016142859103)
(0, -0.02892093590356773)
(-1, -0.01068070046533226)
(0, -0.102476475209033)
(-1, -0.7720776532757618)
(0, -0.08606368061309017)
(-1, -0.6083459018220319)
(0, -0.07790114504641482)
(-1, -0.22102004229211936)
(-1, -0.784805357733303)
(-1, -0.5900227664482476)
(-1, -0.5470410973665576)
(1, 0.65719094942899)
(-1, -0.6816913626291845)
(0, -0.08119141374284151)
(0, -0.06333226983633741)
(0, -0.09179473722611305)
(-1, -0.13265359086833012)
(-1, -0.5911490688841741)
(-1, -0.7723260562345595)
(-1, -0.9842501034992805)
(-1, -0.28250735819906814)
(0, 0.08088934594249292)
(-1, -0.3859731363425743)
(-1, -0.8368005178276257)
(1, 0.23968030944281604)
(1, 0.07122755122406571)
(-1, -0.629949961636562)
(0, -0.07936221299411457)
(-1, -0.09230662969571196)
(0, 0.07585474023514943)
(0, 0.02478593868180587)
(-1, -0.10148920386698801)
(0, 0.07812983569135498)
(0, -0.10067919858069985)
(1, 0.7634929543037471)
(-1, -0.9050005665259289)
(0, 0.04992601202770311)
(-1, -0.7084519520357595)
(-1, -0.5900227664482476)
