(0, 0.07599445741953142)
(1, 0.7060286689653632)
(-1, -0.9844293009842775)
(1, 0.35533693204815653)
(1, 0.7563770599528177)
(-1, -0.8488648420732926)
(-1, -0.861817088017523)
(0, 0.3144467866856228)
(-1, -0.9717110684117173)
(0, -0.10339831710300823)
(0, 0.0014148845743854194)
(-1, -0.08187345609368052)
(1, 0.762615999488589)
(-1, -0.9711174062008755)
(1, 0.649911152612281)
(1, 0.36593061357294304)
(1, 0.39865895723474637)
(-1, -0.7550636289814605)
(1, 0.042953654916121076)
(0, 0.012882073682136529)
(0, 0.039509905439717)
(0, 0.08237287575242999)
(1, 0.4855507900487568)
(-1, -0.7894435334344312)
(0, 0.00525304743595232)
(0, 0.29605418636090386)
