(-1, -0.8776125083874451)
(-1, -0.5489700140297185)
(0, -0.19123337328721968)
(0, 0.07548216086768411)
(-1, -0.9271884554240254)
(1, 0.8185455310535198)
(1, 0.2286081348312179)
(-1, -0.9401945004849834)
(1, 0.9590457133416428)
(-1, -0.8051129356479799)
(1, 0.7390219034836435)
(0, 0.008069676205475329)
(-1, -0.2688860679904524)
(1, 0.3848528222358451)
(0, -0.05044666299548287)
(-1, -0.8662451323413256)
(-1, -0.8593385136511482)
(-1, -0.8256261839796404)
(-1, -0.7185363014047746)
(-1, -0.8364848338946382)
(-1, -0.6477503525295867)
(1, 0.6472803274353572)
(0, -0.048085018395138485)
(-1, -0.6998799002469055)
(-1, -0.6161763630459915)
(-1, -0.9348795496061457)
(1, 0.40295139132099955)
(-1, -0.9934865084938378)
(0, -0.006498116597360368)
(0, -0.28824661553211517)
(-1, -0.5228771689414612)
(0, 0.04864558162219865)
(0, -0.0013609105900842982)
