(-1, -0.5797010906706388)
(0, -0.09702008620833633)
(0, 0.10150434995868644)
(-1, -0.7485487941212059)
(1, 0.4979988038145411)
(-1, -0.9061074027117886)
(-1, -0.8803407333087909)
(1, 0.44712677540177825)
(0, -0.014195600627879612)
(0, -0.0502928896448681)
(0, -0.38441558515780244)
(-1, -0.9984171921535642)
(-1, -0.17040724720258565)
(0, 0.021675387859453554)
(-1, -0.9216351396225371)
(-1, -0.8585364146030091)
(-1, -0.8207550934923802)
(0, -0.19584260376677215)
(-1, -0.34750155351568246)
(-1, -0.28499346857064767)
(-1, -0.6994627743339203)
