(-1, -0.9951677766872993)
(-1, -0.6325335569260121)
(-1, -0.7459202825699672)
(0, -0.3595840649396854)
(-1, -0.7755745286166483)
(-1, -0.3616581365488083)
(0, -0.0019909140486670807)
(-1, -0.926494784040226)
(0, 0.05513657166237596)
(1, 0.09022237231078628)
(0, -0.21758574813726916)
(-1, -0.9167923810078267)
(1, 0.07063495479704635)
(0, -0.3847998116105531)
(-1, -0.7236034007089078)
(-1, -0.480418647938326)
(-1, -0.40074610690926304)
(1, 0.9911216694243993)
(1, 0.34420026591962666)
(1, 0.5989463495654788)
(0, 0.11226068811194223)
(0, 0.13991099011501668)
(0, 0.19238675324949242)
(1, 0.48561733071636976)
(0, 0.01601978774680167)
(0, 0.3134616784495587)
(0, 0.011740401686223402)
(0, 0.3410216882933472)
(1, 0.8766126725470866)
(0, -0.008199431535587165)
(1, 0.9634206248469414)
(1, 0.5628023924665464)
(1, 0.6527721168838171)
(0, 0.3388052785433084)
(1, 0.06529375771364432)
(1, 0.16260851462209852)
(1, 0.17908010556924953)
(1, 0.3215230615198267)
(1, 0.891481987432927)
(0, 0.4300203468196676)
