(0, -0.2694373186969698)
(-1, -0.22336561826445248)
(0, 0.016886361078961395)
(0, 0.004749711553342445)
(1, 0.004324541555526362)
(0, -0.04768565684363249)
(0, -0.019666595181493295)
(0, -0.15725055008072247)
(0, -0.19751328422575704)
(0, -0.1795929480770841)
(0, 0.10141070618789687)
(1, 0.30782569102573987)
(-1, -0.9327528248181671)
(-1, -0.6748034761409585)
(1, 0.0629137313315975)
(-1, -0.375847012713278)
(1, 0.012455091909005234)
(1, 0.14453776574130772)
(0, -0.11059642245586304)
(0, -0.0005429498087625479)
(0, 0.40509877989924464)
(0, 0.14831057939008024)
(0, 0.1845747739478556)
(0, 0.1051748238882651)
(0, -0.36017509892855637)
(0, 0.0024860369590751497)
(0, -0.05736596017992024)
(0, -0.0026033115822027587)
(0, -0.11411528066266928)
(0, 0.024292958937170928)
(0, -0.29779539173984243)
(0, -0.08217754034876618)
(0, -0.011504530095514333)
(0, -0.0818175258807391)
(0, -0.1060798171136797)
(0, -0.007156339389698292)
(0, 0.123907022082256)
(-1, -0.23496965098783845)
(0, 0.14192568090006724)
(0, 0.008523544882429741)
(0, 0.0008392533148087382)
(0, -0.00486414703098482)
(0, -0.0731156695640763)
(-1, -0.5496042829711834)
(0, -0.1262957507032905)
(0, 0.19835531588826313)
(0, 0.24915245032659578)
(0, 0.06586999443632423)
(0, 0.044452513841967294)
(0, -0.0466734749572889)
(0, -0.07056509659745616)
(-1, -0.2176849631141496)
(0, -0.38281839011492513)
(0, -0.09519990834162705)
(0, -0.016072713916244083)
(0, -0.0429561682883538)
(0, -0.06447635836532901)
(0, 0.10801902819136186)
(0, -0.13118987792493014)
(0, -0.34390526489210793)
(-1, -0.7462687435744337)
(-1, -0.649201225186357)
(-1, -0.849644898680618)
(0, 0.12482239730267883)
(0, 0.012070840494930239)
(0, -0.1828865376121883)
(0, -0.020289585170511278)
(0, -0.03540465718142341)
(1, 0.2873068832544866)
(0, 0.02440323083926353)
(-1, -0.5738090385050587)
(1, 0.8679006917583445)
(0, -0.13084173576720584)
(-1, -0.7593008500187626)
(0, 0.009856740000050934)
(0, -0.015053821173505205)
(1, 0.5281619269726043)
(-1, -0.28376536016872483)
(0, -0.16931181312022492)
(0, 0.004255823843040352)
(0, -0.008879843963237793)
(0, 0.009828459620663879)
(0, -0.09620162994785666)
(0, -0.03527681067662489)
(-1, -0.6937313439896948)
(0, -0.013853528611524564)
(0, 0.02215890942301922)
(0, 0.2617061680976969)
(1, 0.5886855879775401)
(1, 0.2563472408541239)
(0, 0.004816686005761378)
(0, -0.10127681261484872)
(0, 0.012227191083346016)
(-1, -0.39926688673552246)
(0, -0.003913404622841867)
(0, 0.031827785078394004)
(-1, -0.8435337248005688)
(-1, -0.28093478211277656)
(0, 0.3767188290894071)
(1, 0.7332391666210832)
(0, 0.012924238351336775)
(0, 0.00943592316025647)
(0, 0.08149000727473418)
(0, -0.20003476047893548)
(0, 0.06700248650268609)
(0, 0.014528107393094231)
(0, 0.22788510235681422)
(0, -0.08978471977629096)
(-1, -0.9297211494529676)
(-1, -0.5095309118780549)
(1, 0.5229954791076448)
(-1, -0.29003650440595996)
(-1, -0.8235180568546991)
(-1, -0.5732784005056468)
(0, -0.050750045801209495)
(0, 0.016705689416679447)
(0, -0.001016811247276185)
(0, -0.15150245388280492)
(-1, -0.4587560655107459)
(1, 0.9648016916067231)
(0, 0.1607616325388239)
(1, 0.2555712497236977)
(0, -0.09973012129109766)
(-1, -0.5574007365568758)
(-1, -0.6166470376538475)
(1, 0.8372718124955146)
(0, -0.17267741346985613)
(0, 0.18780960851770873)
(-1, -0.3559266671382364)
(-1, -0.5953569581165827)
(1, 0.5769010257187163)
(0, -0.058506924875101174)
(0, 0.01523827090123181)
(1, 0.02790141819653086)
(0, 0.0868238549138799)
(0, -0.2844662853193045)
(1, 0.2645893757684881)
(0, -0.07120232594934774)
(0, 0.01641467520158424)
(0, 0.10672304627267734)
(0, 0.01865724783156794)
(0, -0.024465116869885117)
(0, -0.0948063428243549)
(1, 0.39675422633668794)
(1, 0.5586121124290755)
(0, 0.015166797785229148)
