(1, 0.37352061625444866)
(1, 0.263685474967656)
(1, 0.9944281400154943)
(1, 0.287717664406328)
(-1, -0.5852514032504168)
(0, -0.012726934406922408)
(1, 0.9414454610958989)
(1, 0.20330623310889534)
(1, 0.6630409440482491)
(0, 0.2624184060686472)
(0, 0.0007319677453180434)
(-1, -0.5480687043957354)
(0, -0.01053111621073255)
(1, 0.9816974741330109)
(1, 0.8322338734901766)
(0, -0.1177919534598732)
(0, -0.0018975878905789709)
(-1, -0.7325138308607838)
(1, 0.48823962518033337)
(0, 0.06746790256061201)
(0, 0.1348974216222122)
(1, 0.6782988844894856)
(-1, -0.9600277751871317)
(1, 0.5087923375901949)
(0, 0.08137100728857631)
(-1, -0.061971383058257834)
(0, 0.10181469338582869)
(-1, -0.2124940044788407)
(1, 0.8395634964842492)
(0, -0.047105014888237956)
(-1, -0.3030258477875071)
(1, 0.4646814398181677)
(0, 0.41237910090949614)
(1, 0.8919769794959199)
(1, 0.8392800904835762)
(-1, -0.6508643900506899)
(-1, -0.41357923330412527)
(1, 0.2388779177069767)
(0, -0.024053641900546596)
(0, -0.003219944661504503)
(0, 0.015258190285841723)
