(-1, -0.2106805651272441)
(1, 0.7450431300525877)
(-1, -0.7274563099144189)
(0, -0.15788237501582322)
(1, 0.5809807993499337)
(-1, -0.8143908418641587)
(0, 0.015254473848749927)
(-1, -0.8083098490044248)
(-1, -0.6054580552374476)
(0, -0.09086909827644982)
(1, 0.8700521739278766)
(1, 0.6425827702935163)
(1, 0.7325557356077864)
(1, 0.30076992895326055)
(0, 0.05592854890041232)
(0, 0.00713730164193381)
(0, 0.021834288931997875)
(0, 0.041023449468896696)
(0, 0.03530285729314432)
(1, 0.2721736000026369)
(0, 0.011269660456401431)
(1, 0.4605820443433837)
(-1, -0.4873432632076128)
(0, -0.10089939430661746)
(0, 0.14827438821162608)
(-1, -0.49584394672361165)
(0, -0.012628208748118902)
(-1, -0.6100830711437695)
(0, -0.1433063511116051)
(0, -0.08640019411396908)
(-1, -0.8475671199628115)
(1, 0.292108744281676)
(-1, -0.7364583533247375)
(-1, -0.20985136033937546)
(0, 0.014305981750611443)
(0, 0.421657754807513)
(0, 0.016726538548403596)
(0, 0.2359592373526343)
(0, 0.043853955702628074)
(1, 0.9737087147837353)
(-1, -0.7799473606907527)
(0, 0.02202827605197693)
(1, 0.2054950559314434)
(1, 0.19422054150846518)
(1, 0.7311428733966518)
(-1, -0.1337662055347012)
(-1, -0.31793111716868183)
(-1, -0.886292166476419)
(1, 0.35897741081092543)
(-1, -0.8519993927786776)
(0, -0.0415870121842286)
(-1, -0.8192038553367589)
(1, 0.996039529308674)
(0, 0.12468694070501485)
(0, -0.2008340944334792)
(-1, -0.13738063695260372)
(0, 0.10360885517504911)
(-1, -0.007696076841658406)
(1, 0.5439227095540891)
(-1, -0.4800848856566504)
(1, 0.04363487387863585)
(-1, -0.926020290584576)
(-1, -0.8646572293764677)
(-1, -0.41870358142532926)
(-1, -0.082962700355314)
(0, 0.04354558160673372)
(-1, -0.3261274112534878)
(0, -0.024053641900546596)
(0, -0.009531759264194797)
(0, 0.06143861601579989)
