(1, 0.16979656293112394)
(0, 0.14126833268798678)
(0, -0.33608570648712954)
(1, 0.7471251468510873)
(1, 0.32330625153936315)
(0, 0.02207782113020533)
(-1, -0.7666644426324053)
(1, 0.7600344286101334)
(1, 0.4404974477086651)
(1, 0.8993449118312627)
(0, -0.32791461528447013)
(-1, -0.9543550944992165)
(0, 0.02198392814912053)
(0, -0.026324502436517877)
(-1, -0.7551565172086454)
(0, 0.20746559253745023)
(0, 0.11296798838861011)
(0, -0.31255506689314555)
(-1, -0.24846166644184398)
(0, 0.0536503285961564)
(0, -0.03748901932606366)
(0, -0.0059736432923984985)
(0, -0.30719718481498465)
(-1, -0.7441068064272481)
(1, 0.8887966333187612)
(0, 0.14713468857622364)
(1, 0.9352257451764584)
(0, 0.13854284705736195)
(0, -0.09815195055285092)
(0, -6.436603729784045e-05)
(-1, -0.4288910371075761)
