(1, 0.9690789092185325)
(-1, -0.90762953620518)
(-1, -0.9421247787687094)
(-1, -0.999491364487399)
(0, -0.030456836789919922)
(0, -0.047707512870750965)
(-1, -0.715379959573338)
(-1, -0.7456851833543854)
(1, 0.9710199829834477)
(-1, -0.5678326567576713)
(-1, -0.9960425871742644)
(-1, -0.3048083264861568)
(-1, -0.985660131934599)
(0, 0.12667233600638206)
(-1, -0.3915757472472946)
(-1, -0.9350977391296161)
(-1, -0.967742544577691)
(-1, -0.7036760058403189)
(-1, -0.5216883522305867)
(0, 0.07592762288019633)
(1, 0.03328713106295628)
(1, 0.9291076140337122)
(1, 0.9088260147456824)
(0, -0.1115365147080822)
(-1, -0.21852728002113786)
(-1, -0.6662745965537251)
(-1, -0.7459048398780886)
(1, 0.37298212169868017)
(-1, -0.023677628026479547)
(0, 0.04130608885886271)
(0, -0.2809603839451952)
(0, -0.22493048951493047)
(-1, -0.4828571248810331)
(-1, -0.3922789339828552)
(1, 0.716295865004478)
(-1, -0.9784898485271107)
(-1, -0.8718063273702338)
(0, -0.2575139436085647)
(-1, -0.9218230983815107)
(0, -0.023872072553843764)
(0, -0.06765460210613114)
