(1, 0.999303529632868)
(1, 0.4264205511265492)
(1, 0.38939965233533275)
(0, -0.2121430374728549)
(0, 0.03712381795834868)
(-1, -0.6509423327597742)
(-1, -0.03230135981300064)
(1, 0.9387237825291838)
(1, 0.8511161185539536)
(0, -0.08745534071847438)
(1, 0.2568603052471802)
(-1, -0.6733885822839097)
(-1, -0.8768793364874145)
(-1, -0.9090784959463247)
(1, 0.856948610025871)
(-1, -0.6529730911864173)
(0, 0.30752015270874683)
(-1, -0.6655691676172485)
(-1, -0.9597411958814357)
(1, 0.8638372818493841)
(0, -0.0757110157430193)
(0, 0.012114645829552295)
(1, 0.8143701562288002)
(0, -0.03962729301137728)
(0, 0.029982969853830185)
(1, 0.28212699651840967)
(0, -0.22374013641604715)
(1, 0.2568603052471802)
(-1, -0.2645463324532185)
(-1, -0.8903415695285193)
(-1, -0.20653986995172463)
(1, 0.5275558340580987)
(0, -0.07074442471807682)
(0, 0.021756798869322663)
