(1, 0.6997756790121068)
(-1, -0.386861940205898)
(1, 0.4241917574809372)
(0, 0.13550119871291216)
(-1, -0.5737222943533326)
(0, 0.4187853069390525)
(0, -0.11529610390845837)
(0, -0.19390273306554012)
(1, 0.9639470725530483)
(-1, -0.0006797049106666564)
(0, -0.08951847360194137)
(1, 0.9702855132788742)
(0, -0.012107509829673818)
(0, -0.08821644776115423)
(1, 0.26436445288911103)
(1, 0.8945195002030911)
(0, 0.007151057398733465)
(0, -0.06900800643929193)
(0, 0.005153523895315135)
(0, -0.04685972928799843)
(-1, -0.7188835067300109)
(0, -0.2061856109344336)
(1, 0.43513135801901703)
(0, 0.04657875697029218)
(0, 0.18420227232153194)
(1, 0.8530759557726049)
(0, -0.11454097641372023)
(-1, -0.5958321630311931)
(-1, -0.7306519451238611)
(-1, -0.913301837155147)
(1, 0.8944295959414079)
(1, 0.7965591447449052)
(1, 0.7567782377480223)
(-1, -0.41618921819208743)
(1, 0.747467676870224)
(-1, -0.9952872041837414)
(1, 0.6668511418446578)
