(1, 0.9980231932952222)
(0, -0.023075447201953453)
(1, 0.5057899014970094)
(1, 0.5214587969761394)
(-1, -0.592601735027687)
(0, -0.06984878320233284)
(0, -0.3171920678438589)
(1, 0.2127583585423654)
(1, 0.6170276947182004)
(-1, -0.23845844501651625)
(0, -0.101510359404745)
(1, 0.9305734794158131)
(0, -0.04669402869684108)
(-1, -0.5002952542994568)
(-1, -0.10155485141523757)
(1, 0.4373663736784655)
(1, 0.9862242140299783)
(0, -0.06084416257479841)
(-1, -0.16832605371594678)
(-1, -0.8744945295209858)
(-1, -0.9546037313131344)
(-1, -0.8593516295576631)
(-1, -0.38601466209469637)
(0, -0.05567640651647815)
(1, 0.22796771795298232)
(-1, -0.15464244594589754)
(0, -0.325211837051196)
