(-1, -0.3874650692810452)
(0, 0.0599492504790749)
(1, 0.6490982268393867)
(1, 0.09663518663129994)
(1, 0.7263937936586978)
(1, 0.45187760342670946)
(0, 0.2454110370505736)
(0, 0.04911075890609745)
(0, 0.018013375632709095)
(0, 0.02264398328339748)
(1, 0.465564969812064)
(0, -0.025907638707482125)
(0, 0.04926034948813781)
(0, 0.12638925380575253)
(0, 0.1077860001296736)
(0, -0.11472003685178014)
(0, 0.07509467358145666)
(0, 0.09818981068400204)
(1, 0.9351153631730161)
(0, -0.016702927555143923)
(1, 0.7919535452119755)
(0, 0.07533858026716704)
(1, 0.9904933241623044)
(-1, -0.3802596912771009)
(0, 0.09068109593931897)
(1, 0.7631916273997847)
(0, 0.005430490944987501)
(0, -0.011730715587829565)
(-1, -0.535734350076574)
(0, -0.212243804025899)
(1, 0.7393583015578234)
(1, 0.9628202840881394)
(0, -0.3067219237484031)
(0, -0.15933942108140886)
(1, 0.9703277874331572)
(-1, -0.5762882594616126)
(0, 0.014375888405940417)
(1, 0.8959060400909553)
(-1, -0.6894575518595372)
(1, 0.5699017022325562)
(-1, -0.4792495622195534)
(-1, -0.6048939848458675)
(0, 0.015031917162699696)
(1, 0.9147248742775267)
(-1, -0.4151248478816981)
(-1, -0.8570123780480782)
(1, 0.7159637076346352)
(1, 0.20139659318488648)
(-1, -0.8596511795034757)
(-1, -0.563318154299481)
(0, -0.01007116484783551)
(1, 0.36012955550879444)
(0, -0.26543730163341284)
(1, 0.8787187829145521)
