(1, 0.7367838309274138)
(0, -0.045981197834173725)
(0, 0.13493170387174724)
(0, 0.04165272976098287)
(0, -0.3798165859448024)
(-1, -0.325887647698774)
(0, -0.06519247497158233)
(1, 0.4029987697626905)
(0, -0.027736620276456955)
(1, 0.9333254532970235)
(1, 0.5175346942711782)
(1, 0.6496438321031823)
(1, 0.8345330122744666)
(1, 0.5543509216701215)
(0, 0.008685204389435885)
(0, -0.12109380456195765)
(0, -0.14472180014648833)
(0, -0.005043094804525406)
(0, -0.1307852221081701)
(0, 0.0062077777771163516)
(0, 0.3096641669621529)
(0, 0.02173200979796226)
(0, 0.024461927035476283)
(0, -0.038775315507264346)
(1, 0.6207895413261211)
(0, 0.26446606043593807)
(0, 0.2138421576951856)
(0, -0.0032102046033641654)
(0, -0.0021945073465282)
(0, -0.01276179919743027)
(0, -0.34659198822444487)
(-1, -0.3687877691893233)
(0, 0.005921139383775234)
(0, 0.0009937428945462588)
(0, -0.10491051067629142)
(0, -0.07890915077920466)
(-1, -0.6309818782607088)
(0, -0.3047010305490732)
(0, -0.07455264491528998)
(-1, -0.29003520183514053)
(-1, -0.3838241975636457)
(0, -0.03565288314345762)
(1, 0.8596764971843052)
(1, 0.46722221461113117)
(0, 0.08734530337570053)
(1, 0.5163268520801967)
(1, 0.6338040746843661)
(1, 0.4302445471335027)
(0, 0.09357878922848711)
(1, 0.5339355855620116)
(0, 0.10619737000162809)
(0, -0.04224895734258835)
(1, 0.24065559238711687)
(1, 0.522342129022947)
(1, 0.4260549112558334)
(0, 0.011717795232925576)
(1, 0.7473900679506332)
(1, 0.8633819534898246)
(0, 0.19846933752173865)
(-1, -0.673514977708168)
(1, 0.5374845625923894)
(1, 0.5531021666527876)
(1, 0.3360626320479023)
