(1, 0.5665920102796941)
(1, 0.632539560630291)
(0, 0.026566928191259408)
(0, 0.21717157910033863)
(0, 0.34540860862366624)
(0, 0.00041694138685338666)
(-1, -0.7804519896108545)
(-1, -0.37481710217360553)
(0, 0.02553118635795748)
(1, 0.9878721617222833)
(1, 0.6946886657061009)
(0, 0.057590317349988894)
(0, 0.022503865660708527)
(1, 0.4856894584588827)
(-1, -0.7477076093517001)
(1, 0.39357082013537337)
(-1, -0.8500340236718108)
(-1, -0.9715471969852505)
(0, 0.13776937593891253)
(1, 0.2394677197889613)
(0, 0.00962679275268824)
(1, 0.1704532267092197)
(0, -0.06865326913290648)
(1, 0.1974243429268706)
(1, 0.7104101667495167)
(-1, -0.9418518694649921)
(1, 0.9928949050153887)
(0, -0.35616694606770105)
(0, -0.32202792566521526)
(0, 0.035309229496695196)
(0, -0.039174477072498715)
(0, -0.12959363666800522)
(0, -0.1912489579142582)
(0, 0.14741072110208078)
(1, 0.6253508910560841)
(-1, -0.4772701624793796)
(0, -0.11507220583325684)
(0, -0.14693923200452327)
(1, 0.5980215323924443)
(1, 0.8218699294763948)
(-1, -0.04770830858903741)
(0, -0.2635257520224537)
(0, 0.001659862271202175)
(0, -0.015562758768872323)
