(1, 0.9715767644071234)
(-1, -0.26610453554425206)
(-1, -0.7073923671799905)
(-1, -0.3797442906475178)
(1, 0.6626263486064294)
(1, 0.5781598266008924)
(-1, -0.25698339092940536)
(-1, -0.8738356320536124)
(-1, -0.6917896574468715)
(1, 0.07740198324127212)
(-1, -0.6223148954121652)
(1, 0.6004048505436699)
(0, -0.17848140683817848)
(1, 0.5593182573244404)
(1, 0.45749721279681904)
(-1, -0.6983242987128927)
(1, 0.7784326068229774)
(-1, -0.990859576810691)
(1, 0.7199502315064477)
(1, 0.7963315337839074)
(1, 0.6812854660061948)
(-1, -0.8440043523175668)
(1, 0.9907546805924247)
(1, 0.8121271125455962)
(-1, -0.4264276184757656)
(-1, -0.6033261911767644)
(-1, -0.7203657987350195)
(-1, -0.36550546322411703)
