(1, 0.4404285155210139)
(0, 0.06910462264267184)
(1, 0.990302460460654)
(0, 0.001980193916567237)
(0, 0.011634416923034012)
(0, 0.14235554867183947)
(0, -0.08559640841471533)
(0, 0.15295527477507162)
(1, 0.48195123369330833)
(1, 0.13975357116435982)
(1, 0.39089146210979053)
(1, 0.8770584032940243)
(1, 0.30261576137829516)
(-1, -0.2509507730295125)
(1, 0.7652503965735045)
(0, 0.004716870113892684)
(0, 0.14683764624269693)
(-1, -0.2328325314353406)
(1, 0.8277574334890134)
(1, 0.7052462192989101)
(1, 0.5152678351515957)
(1, 0.38571418447306627)
(0, 0.25474568222863964)
(0, -0.06755068006456239)
(0, 0.32944303783208895)
(-1, -0.33117847463744765)
(0, 0.0486934717909463)
(1, 0.4500888277421585)
(0, 0.014248710760437405)
(0, 0.0014638432165387759)
(0, 0.04454338209927623)
(1, 0.8134991979850495)
(0, -0.030506461246880563)
(0, 0.041964916614406045)
(0, -0.0626229822620625)
(1, 0.6607582709804982)
(1, 0.7599593408421326)
(0, -0.14876033162987085)
(0, -0.031353833362332786)
(0, 0.016611929284160026)
(0, 0.0812839414298945)
(0, -0.0013335443818927768)
(-1, -0.12693224578944606)
(-1, -0.196039636669536)
(1, 0.6146546649505177)
(1, 0.7723313292341031)
(1, 0.3620328586694482)
(1, 0.38689654046713845)
(0, -0.027608424429170407)
