(0, -0.11604556824800608)
(0, -0.34261582178426)
(0, -0.1876210578309162)
(0, -0.07475953268147212)
(1, 0.9376504818314569)
(1, 0.26397046616203496)
(-1, -0.6375440654396146)
(-1, -0.7184386179648693)
(1, 0.9719213193569587)
(1, 0.602684756837049)
(-1, -0.38574982939384805)
(1, 0.7438981282994894)
(0, -0.1792396920059696)
(-1, -0.432233407239397)
(1, 0.1956716611530872)
(1, 0.8645853946407575)
(1, 0.23174660576457035)
(-1, -0.8703196245177575)
(0, 0.13309263144789368)
(1, 0.24755461917601643)
(1, 0.6980387631476387)
(-1, -0.10217617335776513)
(-1, -0.9132075924377723)
(0, 0.004396196356481419)
(1, 0.20649014650423547)
(0, 0.007726117294566598)
(-1, -0.4489319287536788)
(0, 0.1858600746444801)
(-1, -0.8142482528273769)
(1, 0.7260218788315561)
(0, 0.011994722187074619)
(-1, -0.7157404853049348)
(0, -0.2603433273228186)
(0, 0.0027922226352013746)
(0, -0.2122523027540614)
(1, 0.4924065981092055)
(0, -0.3371758071531584)
(-1, -0.5322882639405866)
(-1, -0.06281075424165256)
(0, 0.008737869756568633)
