(-1, -0.38428810645722145)
(1, 0.12707069508768937)
(-1, -0.869600581495361)
(-1, -0.7546108173200189)
(0, 0.04996892876970663)
(0, 0.0080294387577963)
(1, 0.4246999470037769)
(-1, -0.8903476919855047)
(-1, -0.6889209543601207)
(0, 0.0998119295656842)
(1, 0.5908272543255819)
(0, 0.15952998815090288)
(1, 0.6709428371386204)
(-1, -0.47576964620149775)
(-1, -0.01647976884301583)
(0, -0.4191574095262847)
(0, -0.19919143843409243)
(0, -0.1929964160722038)
(0, -0.0147271782421829)
(1, 0.416453135136797)
(1, 0.9479932706709492)
(0, -0.040816807933234306)
(1, 0.08733221247260525)
(0, -0.012936841688359183)
(-1, -0.30804075206469983)
(0, -0.046186438009106476)
(0, -0.2427815255088572)
(1, 0.5852305007659857)
(-1, -0.44920927976192476)
(0, 0.006513528300888652)
(0, 0.00525304743595232)
(0, -0.07613133306630263)
