(1, 0.5632634778440196)
(-1, -0.35890268174654305)
(-1, -0.612715227368542)
(0, -0.28637019576586953)
(0, -0.2248744516572146)
(-1, -0.0423039333726099)
(1, 0.59625344737168)
(1, 0.4324102244136463)
(1, 0.15436059951859493)
(0, 0.14216875507589755)
(1, 0.4405249931638048)
(1, 0.9943763819347242)
(1, 0.46086900879348885)
(1, 0.40054362360686846)
(0, -0.09078608325075793)
(1, 0.42234497674943267)
(-1, -0.13579946013949573)
(-1, -0.05851593010776013)
(0, 0.16969349458100358)
(-1, -0.8921847877033452)
(-1, -0.4957897656605675)
(0, -0.06560798502967992)
(-1, -0.13250750558186497)
(1, 0.5351611994235068)
(0, -0.04921728557454927)
(0, -0.0921967817865604)
(0, -0.3213470130372478)
(-1, -0.004562765903515453)
(0, -0.19620439953667232)
(0, -0.16160000345301212)
(0, -0.2664784300983572)
(-1, -0.18012451126882162)
(-1, -0.6505035245679279)
(-1, -0.9828174194652083)
(-1, -0.26521087421609)
(-1, -0.9029201106351515)
(0, -0.26236322314199295)
(0, -0.023665508898976895)
(-1, -0.9032224520922645)
(-1, -0.620858864859245)
(0, 0.006340023787518967)
(-1, -0.21636549478046146)
(-1, -0.5422084225323511)
(1, 0.7271979967295094)
(-1, -0.53958960276663)
