(1, 0.4658414502256435)
(0, 0.12278409482056202)
(0, -0.30725080636170604)
(-1, -0.6660433939838459)
(-1, -0.5404538605012416)
(-1, -0.4097382242389754)
(1, 0.33586405703929384)
(0, -0.023205809806461725)
(0, 0.020842418492411557)
(1, 0.8683001323842753)
(1, 0.8482999493199073)
(0, -0.15918583832688032)
(0, 0.07743301304887533)
(0, 0.01817634643620251)
(0, 0.00288599640769132)
(0, 0.09119647082744187)
(0, -0.15623156168046287)
(0, 0.11472424931245409)
(0, 0.007399298591134232)
(0, 0.4267911402334996)
(0, -0.03954645628394435)
(1, 0.627802161278231)
(0, 0.321235152505664)
(0, -0.2270187341872183)
(-1, -0.8286416419901532)
(-1, -0.4460674487185692)
(-1, -0.3250981257280061)
(0, -0.16758359418893465)
(0, 0.11472424931245409)
(-1, -0.8487441209154891)
(0, 0.19590699708765438)
(1, 0.2917936188563259)
(0, -0.0426426487104513)
(-1, -0.9388122203823741)
(0, 0.2623792832441564)
(-1, -0.6919392026201505)
(-1, -0.8958003753259329)
(0, -0.20784787123910073)
(0, 0.027579055346742987)
(1, 0.3146000284350269)
(0, -0.3193683217850991)
(0, -0.04902378238875699)
(1, 0.7154059890919212)
(-1, -0.616935587897599)
(-1, -0.6037635164660509)
(-1, -0.8429827405504144)
(-1, -0.49106092105383403)
(0, 0.10778184280608766)
(0, -0.017940300922102387)
(1, 0.9507624487273795)
(0, -0.15183269617303136)
(0, 0.18487917758036787)
(-1, -0.09342627027266981)
(-1, -0.6723626300930029)
(1, 0.7077378286568629)
(-1, -0.9298451411496503)
(0, 0.042466847288768685)
(-1, -0.4948598341069267)
(0, -0.061949392138331894)
(-1, -0.7295806022221081)
(-1, -0.7374930144967777)
(-1, -0.9810998018643553)
(0, 0.04831237340298225)
