(0, 0.33663063348850025)
(0, 0.10839815572341444)
(1, 0.9956984606959068)
(0, 0.2937230075716886)
(1, 0.5762854720636241)
(0, 0.017021041929640553)
(0, -0.019100354798926467)
(1, 0.16832117581534842)
(0, -0.35962377736239265)
(-1, -0.47078501571773124)
(0, -0.22058002884700145)
(-1, -0.8929718797783731)
(-1, -0.42195591822676165)
(-1, -0.7874729945317065)
(-1, -0.84346452242122)
(-1, -0.5404542127791554)
(-1, -0.8609686288274149)
(-1, -0.9083996612336649)
(-1, -0.2558332921245403)
(-1, -0.20159416058222973)
(1, 0.52455710196774)
(1, 0.20138833614417778)
(-1, -0.5225086345957348)
(0, 0.005563682492570171)
(0, -0.09420376425941077)
(-1, -0.8368223047912382)
(-1, -0.15896346122628127)
(-1, -0.5475785427578785)
(0, -0.003340286071601084)
(-1, -0.9102551345786869)
(-1, -0.7319882695871632)
(1, 0.14105160355763685)
(-1, -0.7898756096720125)
(0, 0.06368351800587907)
(0, 0.0713665552184124)
(1, 0.7069637919746303)
(1, 0.47534482177741877)
(1, 0.3119297099177838)
(-1, -0.26848320283004495)
(-1, -0.7988580330148336)
(-1, -0.6245201177748846)
(0, -0.14013966947088222)
(-1, -0.5043904630769207)
(0, 0.07007789479255375)
(1, 0.5402616256631555)
(1, 0.04144576035390107)
(0, -0.15684528694145397)
(-1, -0.810822634026293)
(1, 0.41142393900406815)
(-1, -0.6560137383552177)
(-1, -0.34821657867471717)
(-1, -0.38972422981678767)
(-1, -0.8649415049477949)
(0, 0.14681221793345023)
(0, 0.003711635934996578)
(1, 0.8305583839829804)
(-1, -0.838151568484043)
(1, 0.6709119190575892)
(-1, -0.5538669741962016)
(1, 0.38992002361632605)
(-1, -0.9299094925042778)
(0, -0.11643598819551787)
(0, -0.06765460210613114)
