(0, 0.022953277994513008)
(0, -0.02087729089553087)
(0, -0.09150634943386082)
(0, -0.2589978087987147)
(0, 0.13685005801032885)
(1, 0.3814362196966873)
(1, 0.6869758946494647)
(0, 0.2649103430760045)
(-1, -0.12732594828166405)
(1, 0.8687721425954038)
(1, 0.15658112073196395)
(-1, -0.072713622961665)
(-1, -0.7074995993478547)
(1, 0.06021274164473889)
(-1, -0.058949087304743686)
(0, 0.17831407511961866)
(1, 0.5385302545903743)
(0, 0.174687585580812)
(1, 0.8129816027256865)
(0, 0.08493215522607364)
(1, 0.6533504778300105)
(1, 0.6262174729684699)
(0, 0.12652083270544087)
(1, 0.7789306779670658)
(-1, -0.3243162645149943)
(1, 0.6169338374529567)
(1, 0.6154386147009578)
(0, 0.10148518245774824)
(0, 0.15276175313377416)
(0, 0.0369623592242314)
(0, 0.38670393018220667)
(1, 0.3467310260326942)
(-1, -0.26329799765681244)
(0, 0.023119769228888233)
(0, -0.02258459681654191)
(0, -0.009683107099484806)
(0, 0.17570041452795188)
(0, 0.049014591646690565)
(1, 0.631771185365031)
(0, 0.03053287768002047)
(0, -0.04221888745184307)
(0, 0.07230341277756397)
(0, 0.41031736947619046)
