(1, 0.6206212691611468)
(1, 0.7910372857409286)
(0, 0.06177085662689112)
(1, 0.7072062594663989)
(0, -0.05705209728596246)
(1, 0.923397919684844)
(1, 0.407365104290049)
(-1, -0.7165544054865697)
(0, -0.08513020365577538)
(1, 0.5303005007843926)
(1, 0.9753646919231417)
(0, 0.303172410782459)
(1, 0.6300991929518998)
(1, 0.2572653651253469)
(-1, -0.6233825391929203)
(-1, -0.6694473499535226)
(1, 0.9954626305153246)
(-1, -0.1985525855764511)
(1, 0.5752892427217366)
(0, -0.17929813086520863)
(0, -0.06442095002976117)
(0, 0.04390111636793534)
(0, -0.02567511249056567)
(-1, -0.41775732120683495)
(0, -0.08225230585240875)
(1, 0.9041759246148493)
(-1, -0.617004468717854)
(0, 0.0044322548121703)
(1, 0.3864050808633599)
(1, 0.29835502706152633)
(1, 0.4110875542379353)
(-1, -0.2578922252054364)
(-1, -0.035320376753239346)
(-1, -0.6006525360946734)
(0, -0.0829070864903132)
(-1, -0.6198103299719874)
(1, 0.4173242799332106)
(-1, -0.9754545190728537)
(-1, -0.2068493368721851)
(0, -0.42080117223661717)
(-1, -0.6463172712677252)
(-1, -0.7374313924611804)
(-1, -0.9514567389400622)
(-1, -0.4889279910193069)
(-1, -0.6438970217935118)
(1, 0.012345377343800645)
(-1, -0.3082133709562664)
(0, 0.051748438802970476)
(-1, -0.9277992536508038)
(-1, -0.753459353550122)
(-1, -0.17958107358335157)
(-1, -0.4851021764061092)
(-1, -0.9605088829764142)
(-1, -0.4707650239236443)
(-1, -0.8761021923049962)
(-1, -0.8740794515826241)
(0, -0.23256394626393417)
(0, -0.06765460210613114)
(-1, -0.3304018505446082)
(-1, -0.6208396007361187)
(1, 0.486599298531311)
(0, 0.0011046759995469832)
(1, 0.09272906671003361)
(0, 0.06530546883132068)
(0, -0.18868393155263136)
