(-1, -0.9494857100623877)
(-1, -0.36265584680570817)
(-1, -0.9604737887069115)
(-1, -0.4968001274757109)
(1, 0.16343517804105606)
(0, -0.1439087083573612)
(0, -0.16953261537919795)
(-1, -0.7907952989091179)
(-1, -0.5830499002429486)
(-1, -0.7627766431187291)
(0, 0.17871675099203282)
(-1, -0.6086557018514508)
(-1, -0.8617408669886317)
(-1, -0.9301551819547008)
(-1, -0.9195351840930976)
(-1, -0.28740032715142444)
(-1, -0.5838535006039551)
(0, -0.13955990128505166)
(-1, -0.36234856210061034)
(-1, -0.5869883970431155)
(-1, -0.7157216049547214)
(0, -0.015319973099170409)
(1, 0.3777331121405429)
(0, -0.39651181017327825)
(-1, -0.5324477280069501)
(0, -0.2986413671226035)
(-1, -0.291157933374116)
(-1, -0.7858897589781851)
(-1, -0.5874255812700452)
(-1, -0.7569289461748872)
(-1, -0.24367500765776795)
(-1, -0.8714441538824057)
(-1, -0.3811089325222786)
(-1, -0.7289082824315658)
(0, -0.04052074828568036)
(0, -0.2910486791075842)
(-1, -0.8911547009123876)
(-1, -0.9169153108743454)
(-1, -0.607273233219548)
(-1, -0.7248454994047766)
(0, 0.05697936207553117)
(-1, -0.553254885745872)
(-1, -0.548690443858856)
(-1, -0.12897299318226013)
(-1, -0.47017404468171226)
(-1, -0.7464475561022121)
(-1, -0.6689748058176287)
