(1, 0.5480109157248357)
(0, -0.24721797376824003)
(1, 0.6038618009445695)
(-1, -0.024234347470263484)
(1, 0.3055180757439275)
(0, 0.09227090292478599)
(-1, -0.8775498603174199)
(-1, -0.9537443748734782)
(0, -0.09908421648972937)
(0, 0.15675278656756952)
(0, 0.03795124223489793)
(0, 0.16347711935840292)
(-1, -0.1474393663850384)
(-1, -0.6579859246747806)
(1, 0.3929151244172928)
(1, 0.7626891825657838)
(0, 0.048447296331549865)
(1, 0.5079530031322548)
(0, 0.15325127031071245)
(1, 0.45873452698603334)
(0, 0.04364912853965322)
(1, 0.6812986930351377)
(-1, -0.6351574630835914)
(-1, -0.0998689754635394)
(1, 0.24675703641079183)
(0, 0.3818220100025401)
(-1, -0.0989722637205796)
(1, 0.36612527959124724)
(1, 0.9316605629927494)
(1, 0.7855255838799401)
(0, -0.03433669537763578)
(1, 0.7054047155333076)
(-1, -0.9304921567812903)
(-1, -0.7962991728988198)
(-1, -0.898825449028831)
(1, 0.6570941657694872)
(1, 0.7961235784347314)
(1, 0.5867226035452413)
(1, 0.05679618397528974)
(0, 0.10013513063327892)
(-1, -0.9511916145626422)
(1, 0.016565906926087226)
(0, 0.24323870536853628)
(-1, -0.6260043385785847)
(0, -0.017813567869983574)
(0, -0.002771471183573876)
