(0, 0.018649196846096172)
(0, 0.374502533699756)
(1, 0.7855325321128511)
(0, 0.005250643606194441)
(1, 0.8190664102687973)
(1, 0.40000895306329287)
(0, -0.2433958292003302)
(0, 0.06143340767396466)
(1, 0.7430674210443927)
(-1, -0.6792663854718235)
(0, -0.025750639334810643)
(1, 0.7637794943961448)
(1, 0.6777614440861239)
(1, 0.9390154255414348)
(0, 0.0657135209618913)
(1, 0.8937200162784601)
(1, 0.5884637213096079)
(0, 0.020913732504903464)
(-1, -0.154972888980952)
(0, 0.06133175965725607)
(1, 0.6456898363562388)
(-1, -0.46455256000454553)
(-1, -0.7823832654958658)
(-1, -0.05707888430511299)
(0, -0.17335489459194564)
(-1, -0.43341094320818613)
(1, 0.9990496307403092)
(1, 0.8550599101478724)
(1, 0.9523243082010849)
(1, 0.21979915983741566)
(1, 0.7883445708924747)
(1, 0.1646348916510954)
(1, 0.6059433644777892)
(1, 0.5407423751559639)
(1, 0.7098545234875131)
(0, -0.06411146337226986)
(-1, -0.11691090015132605)
(0, 0.2199480166338324)
(-1, -0.5409903725277023)
(1, 0.5050902621566814)
(1, 0.8856849303024164)
(-1, -0.9206567365177345)
(1, 0.03377939092776677)
(1, 0.8564845477256741)
(1, 0.0361354970634567)
(0, 0.013041555808103955)
(0, 0.09261679432565509)
(1, 0.4662860343205228)
(1, 0.5822586040956362)
(0, 0.18402757890340307)
(1, 0.9982467449019868)
(0, 0.4717269490064862)
(1, 0.8107928392661531)
(1, 0.4778170388917026)
(-1, -0.37976423236649487)
(1, 0.9275897786134557)
(0, -0.11976437425341256)
(1, 0.9941571307928849)
(0, 0.0924343911565248)
(0, 0.2864833337118536)
(1, 0.6525273868282225)
(0, 0.12672164254918772)
(0, 0.4035581551495915)
(-1, -0.25054512704202425)
(1, 0.5986478393640032)
(0, 0.012412560620247065)
(1, 0.6126577843136031)
(0, 0.1901400805654153)
(0, 0.44822504740072106)
(0, 0.05934364195316605)
(1, 0.40709766778011225)
(1, 0.5468850284646716)
(1, 0.8342542711809418)
(1, 0.44685400358772687)
(1, 0.9818932256525545)
(0, 0.021756798869322663)
