(1, 0.004858089931222664)
(1, 0.9425347738429525)
(-1, -0.06662499417100104)
(1, 0.23535275125753896)
(-1, -0.2428264291929081)
(0, 0.18765693595141816)
(0, -0.29453598308691864)
(-1, -0.025720566771937514)
(-1, -0.04053371707805348)
(-1, -0.8882596705734205)
(-1, -0.9646505684545125)
(-1, -0.738038010813444)
(-1, -0.9785653773635592)
(-1, -0.7777165064375126)
(-1, -0.3936911152902407)
(0, 0.23634831708135537)
(0, -0.026898213194035153)
(-1, -0.8652923411852433)
(0, -0.3290301906843224)
(0, -0.0629725311577475)
(0, -0.4282507194133898)
(-1, -0.16585227335900796)
(-1, -0.5314977485308595)
(1, 0.7198794682707595)
(-1, -0.2502852051182529)
(0, 0.08669540797347322)
(1, 0.8158531699226685)
(-1, -0.7014566842929785)
(-1, -0.25144980158252356)
(-1, -0.4209148292413678)
(-1, -0.7976776795091953)
(0, -0.16427990797578948)
(-1, -0.9421669655110236)
(1, 0.3444000903915533)
(1, 0.28848862561672195)
(-1, -0.6181955890710168)
(1, 0.37429121969476936)
(1, 0.7715998302344719)
(-1, -0.24109082068771043)
(-1, -0.9844502985269551)
(-1, -0.43523698123849686)
(1, 0.22273511792977768)
(0, 0.006830689195912521)
(0, -0.003844512213000806)
