(1, 0.7922029747571341)
(1, 0.6506497631793532)
(-1, -0.30082653544172283)
(-1, -0.022661927903977863)
(0, -0.06765460210613114)
(0, -0.3355170690989372)
(-1, -0.9264399069802961)
(-1, -0.6579553052999523)
(-1, -0.9592292490204201)
(1, 0.28903561403657385)
(1, 0.8801667854281227)
(1, 0.7817187451064892)
(1, 0.9438380842118995)
(1, 0.870639199976429)
(-1, -0.9903150524553899)
(1, 0.6088007655287119)
(-1, -0.5377541901071138)
(-1, -0.400686402964486)
(1, 0.2419924978846929)
(1, 0.7482222456875077)
(1, 0.6382243219238491)
(1, 0.7687024317514608)
(-1, -0.21983630655811676)
(0, -0.0941796427604133)
(1, 0.8474249399189715)
(0, 0.25012791879079005)
(0, -0.18203400781441842)
(-1, -0.7699692354510318)
(-1, -0.354964071981491)
(-1, -0.6420790247335021)
(-1, -0.6264949997135246)
(1, 0.4102037974690921)
(-1, -0.6712016063141483)
(1, 0.09118054889751603)
(1, 0.5185995466207097)
(-1, -0.5270283012745935)
(0, -0.02351073429859174)
(-1, -0.21956960504864326)
(-1, -0.4570925161979979)
(-1, -0.21626598716907278)
(-1, -0.29346128119965303)
(1, 0.8208818548250527)
(-1, -0.5612170024680128)
(1, 0.10318367605327122)
(0, 0.029851138007167932)
(1, 0.4771231915903469)
(1, 0.3664613221532942)
(0, -0.021393076936597005)
(-1, -0.17491348272060117)
(0, -0.08330538523072073)
(-1, -0.2250015045133436)
(-1, -0.33414347908049463)
(0, -0.08015318785854206)
(0, 0.03283607064731847)
(1, 0.38062305568290183)
(0, 0.03817219035567186)
(0, -0.08950295961154836)
(1, 0.25003815467424473)
(1, 0.648762281194826)
(1, 0.8114136138817134)
(-1, -0.11723779121822187)
(0, 0.0630616813999178)
(0, -0.030320694251019117)
(-1, -0.07371179943643041)
(-1, -0.7683637084407503)
(1, 0.8813205426897426)
(1, 0.8319512672235195)
(-1, -0.1376204287052501)
(-1, -0.9638877502741082)
(1, 0.5550611112446542)
(1, 0.3031226873190256)
(1, 0.5374643539630929)
(1, 0.7981487458233485)
(1, 0.11646220147281844)
(1, 0.5683764428095124)
(-1, -0.7822427055092414)
(1, 0.9463161957241893)
(0, 0.23939071274139295)
(1, 0.8730860533756584)
(-1, -0.5350464704414515)
(1, 0.9772159625497523)
(0, 0.10159130734718302)
(0, -0.37534945823000254)
(-1, -0.8235100664312073)
(-1, -0.5469851589318739)
(-1, -0.8201030409361619)
(1, 0.8480639656839187)
(-1, -0.9120547656205978)
(0, -0.276182020704583)
(1, 0.4055812478307634)
(1, 0.3396357144700801)
(-1, -0.2883104094438702)
(1, 0.9122984751542096)
(0, 0.007333525819633424)
(1, 0.5107535218669335)
(0, 0.4630986541038516)
(1, 0.99998129800554)
