(0, -0.1054524967869176)
(0, -0.04795385894269549)
(-1, -0.6703956483664835)
(-1, -0.3293337503443)
(1, 0.7110155005873939)
(0, -0.11069823056152067)
(1, 0.8036251912709915)
(0, -0.04686252675604724)
(1, 0.4393768478669361)
(-1, -0.3616372951925574)
(0, 0.07716734843183716)
(-1, -0.5480506114397312)
(0, -0.13702549190940053)
(-1, -0.8072277640321909)
(1, 0.6513678765529354)
(1, 0.9512947722781143)
(1, 0.8514604843759613)
(-1, -0.13202934268073896)
(0, -0.22986751959078972)
(0, 0.08342775823853027)
(0, -0.20758701966089915)
(0, -0.03054637678593615)
(0, 0.06480506188545287)
(0, -0.06800843295455489)
(-1, -0.8099789146150873)
(1, 0.8804926904469772)
(-1, -0.9966244148953021)
(-1, -0.8996533449079414)
(0, 0.052129435176510586)
(-1, -0.2767934806779997)
(0, -0.009141902360820617)
(0, -0.03869122383828624)
(1, 0.7564353277645495)
(1, 0.24367220099741657)
(-1, -0.251368656944415)
(1, 0.19945407944713267)
(-1, -0.7463442127872448)
(-1, -0.9796023511098085)
(-1, -0.2713530976500239)
(0, 0.10154768694856395)
(-1, -0.4406712580249763)
(0, -0.22429034350143084)
(0, 0.07047732571331566)
(0, -0.21550576756041734)
(0, -0.18531302661078186)
(1, 0.9048051874720802)
(0, -0.006342796052616895)
(0, -0.14451950057571675)
(1, 0.9890117657607108)
(0, -0.0707176601507104)
(0, -0.1231528686224414)
(1, 0.33764412704424585)
(0, 0.07379148428509474)
(0, 0.08299006542692797)
(-1, -0.44206156595197565)
(0, -0.14347375754499758)
(0, -0.0023644334261471098)
(1, 0.578764382187595)
(0, -0.027128845255458944)
(-1, -0.5815255493941186)
(-1, -0.14494909153143687)
(0, -0.04958954890757625)
(0, -0.13353223823928917)
(0, -0.012388628340932684)
(0, 0.14085938826374741)
(0, 0.007401371543836077)
(0, -0.12541946589134922)
(1, 0.8342277259048316)
(0, 0.012627559549886314)
(0, 0.007608467621428737)
(0, -0.07726183319935939)
(-1, -0.05663995619410428)
(0, 0.332725728879033)
(-1, -0.6108318415958142)
(-1, -0.8091399591524887)
(0, 0.038434883795383346)
(0, 0.06920611828405439)
(0, 0.11257973150139192)
(0, 0.014566572960752644)
(-1, -0.9217270086514101)
(0, -0.08024497691875548)
(0, -0.12291268117252685)
(0, 0.054689745970464915)
(0, 0.07659057008607673)
(0, 0.10480895518966571)
(0, 0.21470944246813545)
(1, 0.6494932887631182)
(-1, -0.17396110819272764)
(1, 0.26361874013574993)
(1, 0.3185305662741531)
(1, 0.7130774214534337)
(-1, -0.38730005708477666)
(-1, -0.9990931878606599)
(-1, -0.3400397990616236)
(-1, -0.5823720361115438)
(-1, -0.23171660340615724)
(-1, -0.5943184041116096)
(1, 0.36834715975882437)
(1, 0.6972067811645053)
(0, 0.0926104764587182)
(1, 0.7538098571851535)
(0, -0.05692364021216159)
(1, 0.9842768654399996)
(-1, -0.6618382122748652)
(0, 0.08741715809422798)
(-1, -0.8142995383798184)
(-1, -0.8059828456041765)
(0, -0.3126643696247252)
(0, -0.2126202879174604)
(-1, -0.20722725498262187)
(1, 0.22161867315188982)
(-1, -0.6873565004198967)
(-1, -0.3286963610377755)
(0, 0.05978225702809212)
(0, -0.005423686860525694)
(-1, -0.5350456304402204)
(-1, -0.5640253651574173)
(-1, -0.3151369210090512)
(1, 0.3484950698191321)
(0, 0.09230222395343272)
(-1, -0.09580122365018684)
(-1, -0.6214398123162383)
(0, -0.07836504672640618)
(1, 0.42500767255285743)
(-1, -0.453997352825686)
(-1, -0.713751239601771)
(-1, -0.6719869913978569)
(-1, -0.3652314269527591)
(0, -0.21382349963794262)
(0, -0.4109461755404211)
(-1, -0.41644699467911933)
(-1, -0.4815628664163074)
(0, 0.12958296447626594)
(0, -0.03778380973814929)
(1, 0.43977722381042494)
(1, 0.29812442813135653)
(0, -0.3382282450966893)
(0, -0.14230603127625374)
