(-1, -0.8369682549038175)
(1, 0.34575470974749145)
(-1, -0.9079091162907145)
(-1, -0.5245465139457745)
(-1, -0.761189690844477)
(0, 0.010140922864393444)
(0, -0.026439582374587017)
(0, 0.05126440163592274)
(1, 0.4438391017328153)
(1, 0.1505762744852165)
(0, -0.03357661790302875)
(0, -0.06950221812909564)
(-1, -0.7326072420565081)
(-1, -0.3425350558639016)
(-1, -0.3346572213805874)
(1, 0.8811043570638519)
(0, -0.11028789656984904)
(-1, -0.46691986507198974)
(-1, -0.48889185223211246)
(1, 0.7256971618468516)
(-1, -0.2888312394136528)
(1, 0.3810974555616242)
(0, 0.11940066917267927)
(0, 0.020342042959066994)
(0, -0.0070909336947035054)
(0, 0.09631806990409937)
(1, 0.6241904124436818)
(0, 0.10244522106161294)
(1, 0.8377408015685708)
(1, 0.329138441895624)
(1, 0.9759422744024291)
(1, 0.8878113431464014)
(0, 0.07105394219771095)
(0, -0.05629463036050972)
(-1, -0.9427586061403717)
(-1, -0.822886030611077)
(0, 0.14891497878306692)
(-1, -0.4988209104577363)
(0, 0.3912738553488399)
(1, 0.9801654264384623)
(0, -0.1443643082773422)
(1, 0.9251410128620688)
(1, 0.9041891913404191)
(1, 0.9773811390890031)
(1, 0.8974574220641739)
(1, 0.5469381209052185)
(1, 0.9926299796285075)
(0, 0.2256878581435463)
(0, 0.025755462220769382)
(0, 0.07171493738030855)
(1, 0.6369057715894817)
(-1, -0.5266963904413743)
(0, -0.014752879453794915)
(1, 0.006790467783329479)
(1, 0.7854466839441744)
(1, 0.9911753365411983)
(1, 0.9895191977240879)
(1, 0.5144095552047501)
(1, 0.5409052300210746)
(1, 0.42620751287814357)
(1, 0.21302827040801453)
(1, 0.4849216908800357)
(1, 0.9500341553287507)
(1, 0.39241442669857307)
(0, -0.014574200652777312)
(1, 0.36065997093025604)
(0, -0.06626950452863689)
(0, 0.04665496880873232)
(1, 0.6377937254981174)
(0, 0.2676970686787027)
(0, 0.2676576548850924)
(0, 0.023725721911068146)
(0, 0.13703728642287663)
(1, 0.4601898853610902)
(0, 0.0007482804601316062)
(1, 0.23692263625706012)
(0, -0.4617545788331011)
(1, 0.055286885447583256)
(0, 0.10164593102999461)
(-1, -0.18489609447603916)
(1, 0.8290373382539393)
(-1, -0.3750532344857755)
(0, 0.21495442895008007)
(1, 0.017655476969097306)
(-1, -0.40657340859126023)
(1, 0.7133534287467559)
(1, 0.8519385224879539)
(1, 0.8462017812918402)
(0, 0.13371301867507138)
(1, 0.8513052273028249)
(1, 0.24480241831518057)
(-1, -0.26744160951086754)
(1, 0.4878099773386465)
(0, -0.03410569401050714)
(0, 0.11553385544965455)
(-1, -0.09117446997866357)
(1, 0.7939969973687231)
(1, 0.4936285115751441)
(-1, -0.27090745756014534)
(0, -0.17914301881356726)
(0, -0.04074136917792065)
(1, 0.8264479952869634)
(0, 0.051299683646570345)
(-1, -0.8006598407227875)
(-1, -0.947504116647862)
(-1, -0.9369833454428969)
(-1, -0.997979802650179)
(0, -0.27326959560162556)
(1, 0.024053764016758183)
(0, 0.1677094491477998)
(-1, -0.9803406608016725)
(-1, -0.8024792326690269)
(1, 0.9870410090967235)
(0, -0.2200831073172841)
(0, -0.005057540474383809)
(1, 0.5394600896244308)
(-1, -0.8619437250241861)
(0, -0.000801038810497241)
(1, 0.6828330281297874)
(-1, -0.518972382761643)
(-1, -0.9760357974332037)
(-1, -0.6994814925518777)
(-1, -0.4035048149530275)
(0, -0.04437973541977128)
(1, 0.6818721975080035)
(-1, -0.29873616890137417)
(1, 0.826504291908429)
(1, 0.600498800849341)
(-1, -0.9815054944156631)
