(1, 0.7148788282747268)
(0, -0.08913982470944187)
(-1, -0.0030791533011639283)
(0, 0.1204183639504152)
(0, 0.039788493285610266)
(0, 0.07429289375619866)
(0, 0.022613520179315977)
(0, 0.3336612272062544)
(0, -0.02003394079549066)
(1, 0.7870953671544558)
(0, -0.10666465691460095)
(0, 0.19938080896161994)
(0, 0.06481314820285589)
(0, 0.012138994288381616)
(0, 0.10319010610989568)
(0, 0.21182530476718142)
(0, -0.0018330010947183728)
(-1, -0.6743027967318919)
(1, 0.5770070788562064)
(1, 0.9907209925783483)
(1, 0.5530888441116368)
(0, 0.09957334443082053)
(-1, -0.7554101372431352)
(1, 0.7662402928128249)
(0, 0.027906583738295368)
(0, -0.16557901824758947)
(0, -0.04650580002641206)
(-1, -0.5821250331058986)
(0, -0.2431351236229466)
(0, -0.02291696533496299)
(0, 0.198674327395338)
(0, 0.37424058411287664)
(0, -0.19162178051183704)
(0, 0.007971127140751252)
(0, -0.06138252921946565)
(0, -0.07243146155441488)
(1, 0.7978154973201609)
(0, 0.04464436287241361)
(0, -0.03141552837828436)
(-1, -0.7430143160303592)
(1, 0.6622535100752177)
(0, -0.00873216042756976)
(1, 0.9611502284180028)
(0, 0.05063288549784571)
(1, 0.6521983084460651)
(0, -0.08768328950364487)
(0, -0.0159119049693483)
(1, 0.9263783299798496)
(-1, -0.2917697392764662)
(0, 0.017629474414761814)
(0, -0.18672407965708737)
(0, -0.03809515073746844)
(0, -0.028926146942952174)
(0, -0.08845769091558842)
(0, -0.0019184886009607771)
(-1, -0.6362637085833086)
(1, 0.3337959623463263)
(1, 0.6114799791836577)
(-1, -0.2663087918580776)
(-1, -0.2503776209182912)
(-1, -0.04713396963385641)
(1, 0.9214431967710901)
(1, 0.5914908115508805)
(1, 0.25520929708356704)
(1, 0.9099018270867608)
(0, 0.19456711456826287)
(1, 0.9156763152669581)
(1, 0.6133892599713838)
(0, 0.21214656703609275)
(0, -0.07380013089233114)
(1, 0.6185079288198893)
(1, 0.8547239482690911)
(0, -0.39123246802789535)
(0, 0.01858281706965266)
(1, 0.18882586593424938)
(-1, -0.9436441361503469)
(-1, -0.28014720712476604)
(0, -0.12500129245703612)
(-1, -0.8655429379832745)
(-1, -0.8306253861877353)
(-1, -0.7695178160161734)
(1, 0.438339680378278)
(-1, -0.8031069526674091)
(-1, -0.918932815131206)
(-1, -0.9060984544828625)
(0, -0.09961913286502325)
(1, 0.4251215758265886)
(-1, -0.4447652691289964)
(1, 0.0883542605262253)
(0, -0.05643335282277295)
(0, -0.06787664186889242)
(-1, -0.48288063485489274)
(-1, -0.4869964841881975)
(0, -0.45079353257756866)
(-1, -0.39243412774636727)
(0, -0.00674848299203748)
(0, 0.04831237340298225)
