(1, 0.9843582015935057)
(1, 0.9482575193521786)
(-1, -0.5952406108036614)
(-1, -0.3287601272220749)
(-1, -0.4402691749640882)
(0, 0.012024418353885097)
(-1, -0.5614944589017334)
(1, 0.9943793455871598)
(0, 0.42046458621512)
(0, -0.0405443865137326)
(0, 0.02019426488481378)
(0, 0.008547126137205624)
(-1, -0.10198720596540606)
(0, -0.14084106101045168)
(0, 0.038405139399754956)
(-1, -0.9349853828544155)
(-1, -0.9389935389010216)
(-1, -0.9054356845106641)
(0, 0.0032937788464313944)
(0, -0.0030774409517771288)
(-1, -0.4118255685875696)
(0, 0.022039889093955434)
(0, 0.03188410673518128)
(1, 0.3165982224086681)
(1, 0.603320846740984)
(0, 0.10892382095482961)
(1, 0.83770132401256)
(-1, -0.7937980298482384)
(1, 0.8435225584930081)
(-1, -0.461929095623773)
(0, 0.0017008457601838667)
(0, 0.048017284088824455)
(0, 0.27522418712469776)
(0, 0.20337984374322401)
(1, 0.9052511067536612)
(1, 0.056088567464759986)
(-1, -0.2837246063730099)
(-1, -0.9410156030516647)
(-1, -0.8159014111163759)
(1, 0.35302806237538364)
(-1, -0.22744737076382465)
(1, 0.3769931752842497)
(-1, -0.941407431454295)
(-1, -0.7598078380568152)
(0, -0.0932058658975369)
(-1, -0.17894962272327802)
(0, 0.09396708977525428)
(0, 0.011152309665300023)
(0, 0.02140409292986767)
(1, 0.5291462281709327)
(-1, -0.5991429313461236)
(1, 0.6116606571914253)
(0, 0.26376354473348873)
(0, -0.23754723103616257)
(-1, -0.28883530997713436)
(0, 0.09768039754043403)
(0, -0.035114562923608234)
(0, 0.19836985623109524)
(0, -0.10262457823110722)
(0, -0.07887695239002393)
(-1, -0.20323936200854212)
(0, -0.17213831945523517)
(0, -0.07521496513024564)
(-1, -0.3611944248923891)
(0, -0.15096350735048522)
(-1, -0.7494657536067316)
(-1, -0.4985946220035501)
(-1, -0.6997845857294704)
(-1, -0.6742447743515825)
(0, -0.1570486720220588)
(1, 0.48204915352161243)
(-1, -0.3663386115493899)
(-1, -0.8005500220129593)
(1, 0.5282038704141131)
(1, 0.3150386431636256)
(1, 0.5987277837623788)
(-1, -0.8369387030448469)
(0, 0.07638693350403819)
(-1, -0.2876798542068233)
(0, -0.35285178707573367)
(-1, -0.7840377766472737)
(1, 0.76556472774829)
(0, -0.08872132863076893)
(-1, -0.8340281860587249)
(0, 0.1064701195918914)
(0, -0.12638175452057682)
(0, -0.19147235001514532)
(-1, -0.5942643642994576)
(1, 0.030980168717008427)
(0, -0.04310236339638879)
(-1, -0.45985412373565643)
(0, 0.14540860926307628)
(0, -0.22235818117981446)
(-1, -0.6841522797493592)
(-1, -0.9805868151707587)
(0, -0.36882010696247425)
(-1, -0.801170266968985)
(-1, -0.5657680856633758)
(-1, -0.5630392788320671)
(-1, -0.3271263211319568)
(0, 0.2210461084563255)
(1, 0.4249126224588687)
(0, 0.055624068807925524)
(1, 0.4880395004331062)
(0, 0.013817546642312821)
(0, -0.001697214280149878)
(1, 0.8909930501070541)
(1, 0.7675370151031864)
(0, 0.33826627650630403)
(0, -0.030989318167901615)
