(1, 0.9266741253966654)
(0, -0.1348704548925228)
(-1, -0.8026380659383829)
(-1, -0.5855692969845339)
(1, 0.40123272373823693)
(-1, -0.8296843289978495)
(1, 0.9652649950973311)
(-1, -0.44526768864215593)
(1, 0.6330631336465958)
(-1, -0.46098854157212554)
(0, -0.05244709608612617)
(1, 0.6527910602404702)
(-1, -0.42623253877365774)
(0, -0.009700885612244858)
(-1, -0.5631242269771474)
(-1, -0.1759741313586748)
(0, -0.06929653151195847)
(-1, -0.7194590503571504)
(-1, -0.9634160408872002)
(-1, -0.7631109069669426)
(0, -0.06763271117966213)
(-1, -0.2168507458518414)
(-1, -0.5936539256852748)
(0, 0.00525304743595232)
(0, -0.07613133306630263)
