(1, 0.010680895688432168)
(-1, -0.9144920599898062)
(1, 0.9073185364289563)
(1, 0.8785294796469634)
(0, -0.026838786442318074)
(1, 0.14255386062760073)
(1, 0.7613163894879718)
(1, 0.1898760029345687)
(1, 0.5960959573465638)
(1, 0.9339362552149318)
(-1, -0.8129697022145185)
(1, 0.6628739681126056)
(1, 0.5019095194580891)
(0, 0.1125104468292169)
(1, 0.5324691797287354)
(-1, -0.9754090016519397)
(0, -0.04595982407999849)
(-1, -0.7562852954285334)
(1, 0.400600179701612)
(-1, -0.9729347737406152)
(-1, -0.64834910735002)
(-1, -0.9375688796063744)
(0, 0.02278598497188894)
(1, 0.8664521363864209)
(-1, -0.21696730496115607)
(1, 0.6992784365839286)
(-1, -0.2668986345959172)
(0, 0.08606785301202641)
(-1, -0.5650266804469318)
(-1, -0.8270433238710618)
(1, 0.4702025367433702)
(0, -0.0070421559400134365)
(-1, -0.809854501256284)
(1, 0.6460478118029553)
(-1, -0.864277542512678)
(0, 0.15167912854245202)
(1, 0.45818271901775337)
(1, 0.41667051617338524)
(-1, -0.7669330806274006)
(0, -0.022277193012962354)
