(1, 0.5998187450946626)
(0, 0.039035430574921856)
(0, 0.011038722074409936)
(0, -0.02502990890491899)
(0, -0.11259770381960815)
(1, 0.30206648238061673)
(0, -0.08667951486704717)
(1, 0.7419048786912447)
(-1, -0.6647896189379147)
(-1, -0.7781151989851705)
(-1, -0.5301927453004177)
(1, 0.23704510803172332)
(-1, -0.8538953111669776)
(-1, -0.527745735315941)
(-1, -0.005401897910254139)
(0, 0.04780014447430944)
(0, 0.15999893737704252)
(-1, -0.5046930903930349)
(0, 0.13511337985818384)
(0, -0.44437765959132325)
(0, 0.12483613592903568)
(1, 0.384583381115099)
(-1, -0.2968080415839955)
(1, 0.9101123010810931)
(0, 0.20394974399665494)
(-1, -0.607835856842176)
(1, 0.39916500730526777)
(-1, -0.12022393551001942)
(1, 0.8352368674587972)
(0, 0.142692838601327)
(-1, -0.04263750090936691)
(1, 0.3324182417132783)
(-1, -0.9185305856546582)
(1, 0.041838058015092106)
(-1, -0.8147271109336709)
(1, 0.15034012266377633)
(-1, -0.1303095208446488)
(-1, -0.9988080942588753)
