(1, 0.09344033864819107)
(1, 0.08101262884039157)
(-1, -0.2650288577182878)
(0, -0.21341023478750148)
(0, -0.10464069289221149)
(0, -0.20329161273580504)
(0, 0.018079956795080288)
(-1, -0.7541152442409261)
(0, -0.21459700323233075)
(0, -0.01710557598326396)
(-1, -0.18717457300116613)
(-1, -0.4376338492630767)
(-1, -0.25236558938804143)
(-1, -0.5871359952050851)
(-1, -0.6865156997477317)
(-1, -0.6866069150648804)
(-1, -0.4262765042608859)
(0, -0.16052833979534972)
(0, -0.09564142774652139)
(0, -0.34416463882026294)
(0, 0.00037985867667683637)
(1, 0.4546697669175461)
(0, -0.2212146977736613)
(0, -0.04395415348559463)
(0, -0.019302863077838142)
(0, -0.04521443164781147)
(0, -0.19612655517268449)
(0, -0.2016650975732289)
(-1, -0.8003811111317394)
(0, 0.20957400109505556)
(-1, -0.935951075935735)
(-1, -0.8312556483123386)
(0, -0.03455989440354579)
(0, 0.011755603300933549)
(-1, -0.3317776741484136)
(1, 0.8627771654514503)
(0, -0.1905796365955572)
(-1, -0.6049920458099745)
(1, 0.2472815451548155)
(-1, -0.6828389093998024)
(1, 0.8534897774379671)
(-1, -0.25658851912053227)
(0, 0.12914675720758861)
(0, 0.07600089451543798)
(0, -0.29215820058491704)
(-1, -0.6414324555494132)
(0, 0.004231090894363453)
(-1, -0.6366256359976288)
(0, -0.033864705939891604)
(0, 0.07618534305736427)
(0, -0.028653915453879235)
(0, 0.05233132294422657)
(0, -0.07873923874128178)
(1, 0.9696350941023814)
(1, 0.4854901082889861)
(1, 0.7584730493034126)
(0, 0.2894640203182317)
(0, -0.14804638856807978)
(0, 0.1272696452621802)
(1, 0.8401706305255094)
(1, 0.708081680736687)
(1, 0.24768901999056808)
(0, -0.017557021449065416)
(0, -0.24392165808258315)
(0, 0.054481724301150794)
(1, 0.2319926780505573)
(1, 0.3863735858211595)
(-1, -0.4230766634024694)
(-1, -0.8076148244716289)
(-1, -0.3876766325884054)
(-1, -0.3949454214337)
(0, -0.08309433713154055)
(1, 0.5295432730960372)
(0, -0.018607397678121917)
(-1, -0.24042514153090383)
(0, -0.278242977805495)
(-1, -0.5108518760684831)
(-1, -0.5053830422529985)
(1, 0.023855666467844483)
(-1, -0.19476325276194378)
(0, 0.0007723058842021568)
(1, 0.003410794731674882)
(0, 0.0792265666405877)
(0, -0.022504607061601074)
(0, 0.06581360982057563)
