(0, 0.28333394722442423)
(1, 0.8562630208199746)
(1, 0.3037125889005756)
(1, 0.4100118662627208)
(1, 0.4947852005184561)
(0, 0.28019985274229414)
(0, 0.22600453537589027)
(0, 0.009009027323023673)
(0, 0.2102760778006069)
(0, 0.3193263140489366)
(-1, -0.23311599415486045)
(1, 0.24379409773917016)
(-1, -0.09570208591584417)
(-1, -0.15282752380626363)
(1, 0.3104903273189518)
(-1, -0.6026507245883921)
(0, 0.00804448274842648)
(1, 0.48671591162995786)
(1, 0.5734202530790894)
(1, 0.24868603228020822)
(0, 0.14892221572951642)
(0, 0.1057025274994452)
(-1, -0.22678600149905878)
(-1, -0.9147403075514)
(-1, -0.7685487851253444)
(-1, -0.9861720156440964)
(-1, -0.65522055809739)
(0, -0.10744992724445124)
(-1, -0.4140874561626825)
(-1, -0.6381494289302061)
(-1, -0.8978387189748123)
(0, 0.059403600985998534)
(-1, -0.7963167512378807)
(-1, -0.999910474265623)
(-1, -0.4367647420018797)
(0, -0.19983800784645336)
(0, -0.1192294311785688)
(1, 0.0241513490820377)
(-1, -0.8700756080082741)
(0, 0.15065397691649282)
(1, 0.6992544816384794)
(-1, -0.32307110616612056)
(0, -0.05248197548610123)
(0, -0.1626102713584305)
(0, 0.025396970922338735)
(0, 0.12393035248368212)
(0, 0.16757616124118715)
(0, 0.02433401591352352)
(1, 0.2903667010117011)
(0, 0.07385210682294926)
(0, -0.12916327060931593)
(0, 0.30863243174953436)
(0, -0.18774134526207062)
(0, 0.03636980807926186)
(0, -0.07359021729874482)
(0, -0.10691848866135888)
(-1, -0.9037484888861768)
(-1, -0.646154158703544)
(1, 0.42996202710730774)
(0, 0.00898392889874456)
(1, 0.6708242814919905)
(0, -0.02504327056180973)
