(0, 0.27312800195258274)
(0, -0.001302369020169003)
(0, 0.06150085186544357)
(1, 0.39857765858517)
(-1, -0.24809772072862696)
(0, -0.03374939956555287)
(-1, -0.9972709496566757)
(-1, -0.35698758525922125)
(0, 0.13743614410277782)
(1, 0.645176231111961)
(-1, -0.16373081026325859)
(-1, -0.8430520033872277)
(1, 0.6749614860883288)
(0, -0.3315088224363344)
(1, 0.854157455474372)
(-1, -0.9430695661186184)
(0, -0.006985188791114816)
(-1, -0.6700464168965315)
(1, 0.650043488850333)
(1, 0.36592317958816545)
(1, 0.8820225986838786)
(0, 0.041318712204112734)
(0, -0.004446511187436497)
(0, -0.05093676833730409)
(1, 0.7010674303866536)
(-1, -0.3416894506732246)
(-1, -0.9530921033383092)
(-1, -0.7760570195562759)
(0, -0.271859144082466)
(-1, -0.09597307983900433)
(-1, -0.9701928701311672)
(1, 0.23066547621487948)
(1, 0.3752529748068846)
(1, 0.46965368284930914)
(0, 0.11958800045163068)
(-1, -0.8970075498645205)
(-1, -0.021112032725324248)
(-1, -0.6418055381951429)
(-1, -0.9878948133672053)
(-1, -0.49550186799031337)
(-1, -0.9864288890262665)
(-1, -0.6752285973952721)
(-1, -0.8727141789514998)
(1, 0.4993967640777108)
(-1, -0.8334409463647716)
(-1, -0.7662155516038203)
(-1, -0.1529729724882597)
(1, 0.825852542568218)
(-1, -0.825234624958046)
(-1, -0.2609478092843552)
(1, 0.2483145082306654)
(1, 0.3855769609779558)
