(-1, -0.8545961294546618)
(0, -0.1807279616206295)
(0, 0.05510652795489533)
(0, 0.20098569292835478)
(0, 0.04280018795995308)
(-1, -0.6143859656228441)
(0, 0.04619386668884459)
(0, -0.06544309947689585)
(0, -0.1313027466593202)
(1, 0.773901132375164)
(-1, -0.33692075859015064)
(-1, -0.4837983367179865)
(-1, -0.8865314126410065)
(1, 0.6704421635319852)
(-1, -0.24291761326368988)
(1, 0.9918571232830462)
(-1, -0.8304239697284641)
(1, 0.6662505719520383)
(-1, -0.05463940825712832)
(-1, -0.5831355019088516)
(0, -0.21973957347944695)
(0, 0.2006746830854973)
(0, 0.09302747490354692)
(-1, -0.016072487470589925)
(-1, -0.6116396642578202)
(1, 0.9268246478581714)
(0, -0.00041430751619868627)
