(0, 0.01382941398635618)
(0, -0.036358264428816206)
(0, -0.14262332524891735)
(1, 0.9951663531282725)
(0, 0.23203354865902528)
(1, 0.49733596406605135)
(1, 0.8530194079850622)
(1, 0.1843494043422768)
(0, -0.0012525366837200513)
(-1, -0.3695782560834522)
(0, -0.22566420776355095)
(-1, -0.3166493712981453)
(1, 0.9736025263729983)
(1, 0.30996980725379397)
(0, 0.2841614617498867)
(0, -0.03213823359442396)
(0, -0.04205701030557462)
(0, -0.00995066154632241)
(0, 0.06895946719916625)
(0, -0.03900403140172359)
(0, 0.3370612843183092)
(0, -0.03230160331476521)
(0, 0.0658841573963862)
(0, -0.013833789011211933)
(1, 0.023540658918764834)
(-1, -0.5849373229508789)
(0, -0.17138787032109337)
(0, 0.02398452052782518)
