(-1, -0.8953484113949222)
(1, 0.5835778349275431)
(1, 0.6706643082525781)
(-1, -0.5746591448812706)
(0, -0.19485240906446233)
(1, 0.5609652983504424)
(1, 0.4360014033095531)
(0, -0.10519326298993506)
(0, -0.013083545121822908)
(0, 0.05510645749927848)
(-1, -0.4877139754093788)
(-1, -0.9987487689271434)
(-1, -0.5951855994987867)
(1, 0.30542863374204765)
(-1, -0.9855786006541876)
(0, -0.12107215739482233)
(-1, -0.9525116173674276)
(-1, -0.9092683028723062)
(1, 0.0484293534368308)
(1, 0.9413436436807863)
(1, 0.7413231477959623)
(0, 0.011265027589030613)
