(1, 0.9485564478181169)
(-1, -0.9260095811639578)
(-1, -0.733040682742854)
(1, 0.5779596460474276)
(0, -0.0942699692530311)
(-1, -0.9686269563375396)
(1, 0.7390767398425446)
(0, -0.42213281612311426)
(0, -0.25914508357741695)
(1, 0.33694267607026435)
(-1, -0.5061871738037645)
(-1, -0.8175155191862495)
(0, 0.029137442897901544)
(0, 0.05561776037432916)
(0, -0.1590789715668774)
(1, 0.7459411455760883)
(0, -0.05085500439734658)
(1, 0.9805627890049865)
(1, 0.8397596282263192)
(1, 0.5732356504919869)
(-1, -0.23543220566254064)
(1, 0.3439010216084172)
(-1, -0.6665211014757683)
(0, 0.013224548427785698)
(0, 0.09106114629967471)
(-1, -0.7681212600326413)
(0, -0.21999799312420634)
(1, 0.7036623035977263)
(0, -0.04850518530448185)
(0, -0.243170737877819)
(0, -0.010619798378798166)
