(1, 0.9037543346375965)
(-1, -0.5693035677810563)
(-1, -0.1278327446992092)
(0, -0.1529426426120905)
(0, 0.30170164860175663)
(1, 0.6555888912145001)
(0, 0.30831869596332245)
(-1, -0.5843269117740651)
(0, -0.041878008502478914)
(0, 0.06119679918295397)
(1, 0.9545456984408299)
(1, 0.001055362639059254)
(1, 0.05894317557331524)
(1, 0.40978431892512435)
(-1, -0.844352081684785)
(0, -0.00820255848399161)
(0, 0.03983885708013668)
(1, 0.6100075233928595)
(-1, -0.06564159254220436)
(1, 0.6000089412003363)
(0, 0.12798304806893415)
(-1, -0.11526555961288215)
(-1, -0.20738402868457823)
(1, 0.5944847040471795)
(-1, -0.5667742454078442)
(-1, -0.7783282379312545)
(-1, -0.126822592451107)
(-1, -0.5738831800990309)
(-1, -0.045279919779317945)
(1, 0.45360851258567686)
(-1, -0.1361711334611595)
(1, 0.6031635476804192)
(0, 0.022532465644972244)
(0, 0.20545392067734922)
(0, -0.03320219891571771)
