(1, 0.6698820131090919)
(-1, -0.5331753495337844)
(1, 0.6521244673732631)
(-1, -0.20749010665698317)
(-1, -0.1598735716333341)
(1, 0.6354996310659035)
(1, 0.5910971994780134)
(-1, -0.8798639491249702)
(-1, -0.6737722901840553)
(1, 0.7648747362354991)
(1, 0.3353794671984152)
(1, 0.8978819978140478)
(-1, -0.9099481807086224)
(0, 0.3898685586979684)
(0, 0.027146407350152498)
(0, 0.03538156726266764)
(1, 0.5232214344032121)
(0, 0.2026539518476723)
(1, 0.6609012468783401)
(1, 0.3908146028633499)
(0, 0.15407591706581997)
(0, 0.055949555846171395)
(0, 0.0008120742195025267)
(0, 0.07559445404873869)
(0, -0.009406723084857849)
(1, 0.7621338004402644)
(0, 0.3532337597410178)
(0, -0.03347292482833356)
(0, 0.15130141345188342)
(1, 0.45061435928485155)
(-1, -0.5876023879028027)
(1, 0.8618858208912163)
(1, 0.5702205886182705)
(1, 0.5703830501152161)
(1, 0.7324334329076766)
(1, 0.25477839213943415)
(0, -0.0294659555208186)
(1, 0.41284198193813126)
(-1, -0.8680809133915396)
(0, -0.027317377717105726)
(-1, -0.22317597638039044)
(0, 0.22267763258510553)
(-1, -0.29602152346488875)
(-1, -0.34299658967545454)
(1, 0.2839541327448891)
(-1, -0.4336330199242737)
(1, 0.29451234524222747)
(1, 0.8149009836342688)
(-1, -0.03432867789109001)
(-1, -0.5692784632720895)
(0, 0.10379927954820838)
(0, 0.020108454958363796)
(1, 0.05680459875903865)
(0, 0.04963592254131221)
