(1, 0.9455287419203336)
(1, 0.901567929563037)
(1, 0.9613611486778445)
(0, 0.17340088944162307)
(1, 0.3510096289560801)
(-1, -0.07530243224662497)
(1, 0.01822520853605708)
(0, -0.061120231067437)
(1, 0.20001481251959868)
(1, 0.53706530044445)
(1, 0.7940711369525129)
(-1, -0.40323749743841275)
(0, -0.045265944315342685)
(1, 0.9485219342399145)
(0, 0.06406288038323402)
(-1, -0.17869618529660197)
(1, 0.2789524720287192)
(-1, -0.0037045365924857077)
(0, 0.12439197284141312)
(0, -0.028341958933999004)
(1, 0.21783517496828406)
(-1, -0.973754636386042)
(-1, -0.8719886394436984)
(-1, -0.7619225085727093)
(1, 0.5332838063116763)
(0, 0.11884931150466065)
(-1, -0.23589417583194483)
(-1, -0.8149274456655036)
(1, 0.6289080066283124)
(-1, -0.9290332584006584)
(-1, -0.5172030219317586)
(1, 0.4210133191120622)
(0, 0.01749523453216517)
(0, -0.07851537160068303)
(0, 0.21716824012193128)
(0, -0.017853249713982264)
(-1, -0.9956871164079543)
(0, -0.012475917166375)
(0, -0.014114838412157618)
(1, 0.9293230750831656)
(1, 0.6076956676224841)
(1, 0.5181299586581143)
(1, 0.825868474272264)
(1, 0.4322701937677388)
(0, 0.02420639629852883)
(-1, -0.5285315665644965)
(0, 0.15491924535328894)
(0, 0.09616445770837585)
(-1, -0.4357385194786457)
(-1, -0.9205278100549106)
(0, -0.1167050770209693)
(1, 0.6353486370370977)
(1, 0.31752530227459963)
(-1, -0.8543330436028875)
(-1, -0.18520279010002733)
(-1, -0.861844887083085)
(1, 0.09188813669034362)
(-1, -0.12047916030658179)
(-1, -0.9480801548616854)
(1, 0.5800776339159616)
(0, -0.0006276695026200714)
(0, -0.024053641900546596)
