(1, 0.3322625975101258)
(0, -0.3054094109588859)
(0, -0.09717947956209921)
(0, -0.07770208150348201)
(-1, -0.5978313058715344)
(0, -0.11934179393077103)
(0, -0.10665653511616438)
(1, 0.8362669401030579)
(1, 0.8077762169809558)
(0, -0.024053641900546596)
(0, -0.17391909989646798)
(1, 0.9740075535616026)
(1, 0.565390124309193)
(0, 0.003412732548137869)
(0, 0.17932004778645838)
(-1, -0.4785852010708562)
(0, 0.0048683259692652026)
(0, -0.07235948927444963)
(0, 0.025346993014608465)
(1, 0.42915209973308516)
(-1, -0.278233036586555)
(0, -0.0675146269069877)
(0, -0.19912057907171335)
(0, 0.022174885587096085)
(0, -0.3812144214960375)
(0, 0.08306591391643603)
(0, -0.03945226700490246)
(1, 0.5626255079790268)
(-1, -0.9050531314596301)
(0, 0.011391314330257887)
(1, 0.9430856303813434)
(1, 0.933645843212691)
(1, 0.6218762901054217)
