(0, -0.010195694594304971)
(-1, -0.0985978780566667)
(1, 0.35531799524711005)
(-1, -0.8244262135936685)
(-1, -0.224266664913986)
(1, 0.31197144653941833)
(0, 0.1391323344565774)
(-1, -0.7482039431748903)
(-1, -0.15568790102522356)
(-1, -0.47159335635552596)
(-1, -0.5883659207338604)
(1, 0.5899275062833634)
(1, 0.05563945246144564)
(1, 0.6540585754497551)
(1, 0.30834230067822566)
(0, 0.09985910198394944)
(-1, -0.22303569540920648)
(-1, -0.25410858153605587)
(-1, -0.8448206352140519)
(-1, -0.36209447099561515)
(-1, -0.7141258523028353)
(-1, -0.03683949472971104)
(0, 0.15453927869436146)
(0, -0.003403747851874306)
(0, -0.017528539836485287)
(0, -0.03944033737978131)
(-1, -0.038314149686578924)
(1, 0.23910558902888218)
(0, -0.06473573958381261)
(0, -0.010428681035873133)
(0, -0.08205463262036007)
(-1, -0.7433498251983013)
(-1, -0.27295258686515994)
(1, 0.14551922521452304)
(0, -0.11889652274072277)
(0, -0.1364725424091235)
(1, 0.7527227008146206)
(-1, -0.5797846163370235)
(1, 0.3155074672453434)
(1, 0.0864793098178967)
(0, 0.054336804600337435)
(-1, -0.3763469405234184)
(0, -0.2579716393919362)
(1, 0.45027161281232675)
(0, -0.30008420845477574)
(-1, -0.5668261690310239)
(0, -0.1884432096505733)
(0, -0.21538698806557866)
(1, 0.31894625651251607)
(0, 0.23395608936963164)
(0, -0.1942738950372515)
(-1, -0.8482200813712929)
(0, 0.12699393423127733)
(0, 0.0034036668032632585)
(0, 0.0040017881952395355)
