(0, 0.039059562148548235)
(0, -0.2285635958668824)
(1, 0.9154542108395334)
(-1, -0.9022506984948682)
(-1, -0.9389613154132608)
(-1, -0.9996216181307646)
(0, -0.030456836789919922)
(0, -0.047707512870750965)
(-1, -0.715379959573338)
(-1, -0.4138597601531824)
(1, 0.9710199829834477)
(-1, -0.5678326567576713)
(-1, -0.9960425871742644)
(-1, -0.3048083264861568)
(-1, -0.985660131934599)
(0, 0.12667233600638206)
(-1, -0.3915757472472946)
(-1, -0.9350977391296161)
(-1, -0.967742544577691)
(-1, -0.7036760058403189)
(-1, -0.5216883522305867)
(0, 0.07592762288019633)
(0, -0.014056832512348863)
(0, 0.15576866982110163)
(-1, -0.5554925097276724)
(0, 0.008550578806984989)
(0, -0.05952510407480188)
(1, 0.03328713106295628)
(1, 0.9291076140337122)
(1, 0.9088260147456824)
(0, -0.1115365147080822)
(-1, -0.21852728002113786)
(-1, -0.6662745965537251)
(-1, -0.7459048398780886)
(1, 0.37298212169868017)
(-1, -0.023677628026479547)
(0, 0.04130608885886271)
(0, -0.2809603839451952)
(0, -0.22493048951493047)
(-1, -0.4828571248810331)
(-1, -0.5825875553405164)
(1, 0.6731932843923174)
(1, 0.75486959622309)
(1, 0.9275724331959115)
(1, 0.5929774942308109)
(1, 0.14589540353331248)
(0, -0.03899361888277844)
(-1, -0.13990146623480376)
(-1, -0.8813109893164813)
(-1, -0.8722765397960806)
(-1, -0.9789167389425013)
(-1, -0.9784898485271107)
(-1, -0.792825340244002)
(-1, -0.9218230983815107)
(-1, -0.8049980243293751)
(-1, -0.5725762259310632)
(-1, -0.8923124070113113)
(-1, -0.9990081597860757)
(0, -0.2575139436085647)
(-1, -0.7103311180964276)
(0, -0.023872072553843764)
(0, -0.003913291316125713)
