(1, 0.8508299393881003)
(0, 0.04077235546481736)
(0, 0.09366000543442676)
(0, -0.3161953014143051)
(-1, -0.4089510183127977)
(-1, -0.5522779861383131)
(0, -0.016122095915703988)
(0, -0.04983013858134144)
(0, 0.2162099774189295)
(0, 0.20936813731763187)
(0, 0.23667069699886817)
(1, 0.4004209385035281)
(1, 0.8691173318995848)
(0, -0.004907188832307591)
(0, -0.11086781321968536)
(0, 0.18051617438131665)
(1, 0.2281959103346669)
(1, 0.5145120078815596)
(-1, -0.9221040819052682)
(1, 0.4494757349844127)
(1, 0.5641536919893071)
(1, 0.35095624071606796)
(-1, -0.15980659628531824)
(1, 0.9545860330791518)
(0, -0.10018214432911948)
(0, 0.10509159712507403)
(-1, -0.009890340986595303)
(1, 0.7844275563785496)
(0, 0.03552004840848273)
(1, 0.3993510656114753)
(-1, -0.3415852068760201)
(0, -0.0374065573089791)
(1, 0.039467265260410944)
(1, 0.20265705321791938)
(1, 0.8102207138495718)
(1, 0.2684562540668299)
(0, -0.13529890512575793)
(0, -0.028846802309151917)
(1, 0.9997175083668917)
(1, 0.9031306820318755)
(0, -0.005933335631381542)
(0, 0.2314124890613)
(-1, -0.9623631898594373)
(0, 0.12945812370376936)
(1, 0.793450362929881)
(1, 0.780486971423539)
(1, 0.11171382639059596)
(-1, -0.4885248514888755)
(0, 0.3975965962978665)
(1, 0.511165165901764)
(1, 0.9482456777531707)
(0, -0.022970868938311358)
(0, -0.17019937242392633)
(0, -0.14700989948448054)
(-1, -0.0440973821532506)
(-1, -0.4296606630998652)
(0, -0.007923776718158783)
(0, 0.0015597952180929076)
(1, 0.6798861262206733)
(1, 0.9814138913422422)
(0, 0.002320124041746977)
(0, 0.3930294077684485)
(1, 0.2513833176549557)
(0, -0.12008885060415449)
(0, 0.028119273992460947)
(0, -0.012724569812730353)
(0, 0.14240832506528492)
(1, 0.47764681800281744)
(0, 0.008057043788230606)
(-1, -0.11266735122458982)
(-1, -0.34302179968583757)
(-1, -0.27645398532720694)
(0, 0.06017003066849366)
(1, 0.3338443102066461)
(0, -0.028333541142674515)
(1, 0.9881272272831344)
(1, 0.06676734633275594)
(0, 0.10277674385199542)
(1, 0.9461715264100409)
(0, 0.014402487645242448)
(0, 0.10797300030266371)
(0, 0.37984195754057304)
(0, 0.020347978697317387)
(0, -0.27332913644953616)
(1, 0.11019231800612728)
(0, 0.0005188772284505823)
(1, 0.8096595631119998)
(0, 0.22017344076210726)
(0, 0.3433691362181244)
(-1, -0.23012165994562622)
(0, -0.3792298613998749)
(-1, -0.3053573518971638)
(-1, -0.6192946033108648)
(1, 0.6143433935487279)
(0, 0.08626804682477413)
(-1, -0.9029879399913263)
(0, -0.08516392918305024)
(1, 0.6471223523176632)
(1, 0.39765132646696266)
(1, 0.7849837982907942)
(1, 0.2409287139574705)
(1, 0.23993056113867148)
(1, 0.9499599241391168)
(0, 0.25338731072066867)
(0, -0.11074639286884616)
(0, 0.03305757247000213)
(-1, -0.6986879312792222)
(1, 0.8251136584368675)
(0, -0.2763093760929648)
(1, 0.903351044171709)
(-1, -0.726013098930538)
(0, 0.00522011482615764)
(1, 0.9771336358041449)
(1, 0.2203974783551283)
(0, 0.34366300698788643)
(-1, -0.6663191583901765)
(1, 0.5792717914636218)
(1, 0.6676143971627697)
(0, 0.11392914997903085)
(1, 0.8861319021323906)
(1, 0.5545173627929239)
(0, -0.021635577212133217)
(0, 0.2548008020248275)
(-1, -0.6793484990373377)
(0, 0.18321578937542404)
(1, 0.9768143338101124)
(0, 0.2917453685390381)
(1, 0.8499744480330704)
(-1, -0.07243786367953098)
(-1, -0.5142030052583342)
(0, -0.08485083241077676)
(0, -0.0722900111683161)
(0, -0.039020037677461594)
(0, 0.09517814664834884)
(0, -0.0994257100560457)
(0, 0.10913403899887815)
(0, 0.22446598010688304)
(1, 0.8231578725892192)
(0, -0.05001999587936029)
(1, 0.8277039383965132)
(0, -0.014782234408946882)
(0, -0.011952166443862572)
(1, 0.461615397081965)
(1, 0.707245504093611)
(0, 0.06709771644339477)
(1, 0.9946448268935909)
(0, 0.10340883166663792)
(0, 0.39751915300320906)
(1, 0.048491766504158706)
(0, 0.465260177867508)
(0, 0.27236302138566226)
(0, 0.2770153881927746)
(1, 0.8543915222168783)
(0, 0.01612937757765706)
(1, 0.7492823971236812)
