(0, 0.09817288880038026)
(-1, -0.5241461002259566)
(1, 0.13323321308980085)
(1, 0.7327873170464503)
(1, 0.942062361013676)
(0, -0.30992373161565934)
(-1, -0.7260083128918136)
(-1, -0.04154316612467085)
(-1, -0.035274188046638844)
(-1, -0.8925486270385379)
(1, 0.1538077502312626)
(-1, -0.7927470488954924)
(1, 0.5104246882137825)
(1, 0.34243984329923005)
(-1, -0.051325100734077034)
(-1, -0.3723980248255748)
(0, 0.01659050797543682)
(-1, -0.4367875292960232)
(0, 0.170211218002115)
(0, -0.021041382123630187)
(-1, -0.6872782303482772)
(-1, -0.915173081918232)
(0, 0.01236900115314657)
(1, 0.8786043065382503)
(0, -0.2820475149130979)
(-1, -0.6724422550878212)
(1, 0.4036804171863074)
(1, 0.8111675223422499)
(1, 0.2980665050844317)
(1, 0.9750297388034628)
(-1, -0.13322770348515234)
(-1, -0.5793916766226236)
(0, -0.16761826836457802)
(0, 0.3174469843385113)
(1, 0.6869452713801959)
(-1, -0.7793891472923217)
(1, 0.5069944963723836)
(-1, -0.4825439985151009)
(0, -0.15040842480676717)
(0, -0.3211266285610012)
(0, -0.018120603188976736)
(0, 0.08842476935830618)
(1, 0.8203546226486541)
(1, 0.8606729670527563)
(-1, -0.18106679103421344)
(-1, -0.6836190920077337)
(-1, -0.6898628703720413)
(-1, -0.7890692357307999)
(-1, -0.28811103656688536)
(1, 0.15104939815224447)
(1, 0.6076540611843946)
(-1, -0.9351549125950028)
(0, 0.10825098593649354)
(-1, -0.4827323895638249)
(1, 0.8703674370989515)
(0, -0.18165609952956147)
(1, 0.9531161311313842)
(-1, -0.5578379527896566)
(-1, -0.5827692083860092)
(0, 0.09929089015830353)
(0, 0.0028668480735315888)
(1, 0.9689356401704379)
(0, 0.01449189668484957)
(0, -0.30403781415057)
(-1, -0.3673847347113962)
(-1, -0.43028379260577765)
(-1, -0.7354725865848118)
(0, 0.05574623797911438)
(0, 0.019414392523018353)
(0, 0.0001755340993671885)
(1, 0.6218762901054217)
