(-1, -0.796041914787372)
(1, 0.9609178974004325)
(0, 0.13302960270312386)
(0, -0.011671614513275752)
(1, 0.3680227900246219)
(-1, -0.7497146078215748)
(-1, -0.7332241009311352)
(0, -0.22231140468365373)
(0, -0.09902785503407349)
(0, -0.06765460210613114)
(0, -0.0406766602246207)
(0, -0.06765460210613114)
(-1, -0.02332513397435343)
(-1, -0.9148662055686266)
(1, 0.7009714237972187)
(1, 0.36785216839818297)
(0, 0.005529335774976694)
(1, 0.8014775719822618)
(-1, -0.42570914296394236)
(0, -0.3517896553541492)
(0, -0.21669370417147713)
(-1, -0.8510277080397133)
(0, -0.18133517196614915)
(-1, -0.8322373735501888)
(0, 0.0858434257249939)
(0, -0.1208802061473094)
(0, 0.15686218559261741)
(1, 0.12902921582719712)
(-1, -0.4077109414711783)
(1, 0.314854836323675)
(1, 0.10406351565038796)
(0, 0.02713667666564265)
(-1, -0.5998013852761286)
(0, 0.06165687776034068)
(1, 0.8056177575007323)
(-1, -0.40772085395474905)
(1, 0.6680742455921584)
(1, 0.9981436324780744)
(0, 0.09577476229635734)
(1, 0.1913022345905096)
(0, 0.09506965260407538)
(0, -0.09972003461658184)
(0, -0.3344387223640792)
(0, -0.0017379757183873844)
(0, 0.015157973471969899)
(0, 0.008072751148866464)
(-1, -0.9502266064919239)
(-1, -0.47260484054973045)
(-1, -0.704850962977229)
(0, -0.2757143087515199)
(0, 0.018184314915145237)
(1, 0.4503591917252018)
(0, -0.06765460210613114)
(-1, -0.6252870098448801)
(-1, -0.6951657421882228)
(0, -0.06765460210613114)
(0, 0.22610286973475013)
(1, 0.3974998878263214)
(0, -0.11734212301241648)
(1, 0.24330206558155326)
(0, 0.19951144599628928)
(0, -0.06765460210613114)
(1, 0.8529998135601637)
(-1, -0.41300401045349433)
(1, 0.7303247456840452)
(1, 0.9621226053523046)
(1, 0.11415076734159657)
