(0, 0.09360527778738109)
(1, 0.7006679327917682)
(0, 0.32863755159404395)
(0, 0.1459513720472676)
(0, 0.35049918729046625)
(0, 0.2904665173239277)
(0, 0.15776935620335095)
(1, 0.9851053290693761)
(0, -0.06899871689194323)
(0, 0.20932179126098654)
(-1, -0.9378417885268384)
(-1, -0.6817218921444094)
(-1, -0.7307229766362823)
(-1, -0.7576174016117622)
(0, 0.20679375969187294)
(1, 0.4154311081914356)
(0, -0.0214183737293875)
(1, 0.6396746282372376)
(0, 0.24286975699338856)
(1, 0.002974660588362543)
(1, 0.6849836072030647)
(-1, -0.9975263770335288)
(0, -0.060653501372432694)
(-1, -0.3462032710157248)
(-1, -0.2684569459252736)
(0, -0.09803407050579323)
(1, 0.5313224569864482)
(-1, -0.9117953128765032)
(0, -0.1287284591695286)
(0, -0.2519766401111735)
(-1, -0.8570851016305291)
(0, 0.033611936597748054)
(-1, -0.10566738050419822)
(0, -0.030150415470941355)
(-1, -0.4440561712249886)
(1, 0.6533255247175569)
(0, -0.27374903006442447)
(-1, -0.22962932514674922)
(-1, -0.7353544701331106)
(0, -0.03813236758402912)
(-1, -0.9056803157194753)
(-1, -0.5109295133342793)
(-1, -0.8118228423498467)
(1, 0.6874283948791671)
(0, -0.02811015220284327)
(0, -0.1611228509289132)
