(0, -0.03557432888688367)
(-1, -0.9276621216763695)
(0, 0.03657774618517786)
(0, 0.10939411329329951)
(-1, -0.9819077478784078)
(1, 0.602747523592837)
(0, -0.06038968608068714)
(0, 0.17882299921792333)
(1, 0.9543226743779288)
(-1, -0.4287969357113088)
(1, 0.4682201216184406)
(1, 0.2302415102416825)
(1, 0.9246783397523433)
(-1, -0.9646164366959517)
(-1, -0.7434027568187407)
(-1, -0.6682454360187726)
(-1, -0.9013374094610817)
(-1, -0.7611526779758422)
(0, -0.2058980863215255)
(-1, -0.29884343480838826)
(-1, -0.9240773496998952)
(0, 0.26969774154428694)
(1, 0.8867142752592956)
(1, 0.9944226138109943)
(0, 0.2476437166249497)
(0, 0.011514979558235317)
(0, 0.012178081508755805)
(-1, -0.6014120854205123)
(0, -0.23146638175829937)
(0, -0.07287610008811411)
(0, -0.021514075900328777)
(1, 0.9027715241258981)
(0, 0.019901214347679375)
(0, 0.006219267150957316)
