(1, 0.5749124609601572)
(1, 0.594327088832234)
(1, 0.9398568334401011)
(1, 0.714391420167001)
(0, 0.30770277003216806)
(1, 0.6769105542166459)
(1, 0.791669782044423)
(0, 0.01733765825670881)
(0, 0.4471456935433878)
(1, 0.9994272224441068)
(-1, -0.7956506629505775)
(-1, -0.25473225883803763)
(0, 0.2264987295757225)
(0, 0.25752613157116894)
(0, 0.03955399809852862)
(0, 0.04787358778559389)
(-1, -0.2753338066493457)
(1, 0.8855899225262628)
(-1, -0.3809084677925879)
(0, 0.37417031150794966)
(-1, -0.8403310541123924)
(0, -0.03136894468551169)
(0, -0.14270853846822507)
(0, 0.010406686662794762)
(1, 0.5573769864733916)
(1, 0.7134622574297383)
(0, 0.02267402573230126)
(1, 0.20381433666393806)
(0, -0.07928712296571364)
(1, 0.9002878446562952)
(1, 0.6341904994586344)
(0, -0.03257743172674291)
(0, 0.04006341557150544)
(-1, -0.35509077669859496)
(-1, -0.7440096495477223)
(0, 0.1003707237359184)
(0, 0.08030646818949197)
(1, 0.6933117569649415)
(-1, -0.47561559236750267)
(1, 0.51552542206105)
(0, 0.13566585092204092)
(-1, -0.3387395458469366)
(0, -0.0026996586572201296)
