(0, -0.10519514064575694)
(-1, -0.8220670850748351)
(0, -0.11582382628757862)
(1, 0.729886129400667)
(0, 0.00041578340114739945)
(1, 0.9950387079002052)
(1, 0.8521771903291631)
(1, 0.9620095736874469)
(1, 0.3596701180267875)
(-1, -0.7383735968862021)
(1, 0.7103815555559813)
(0, -0.003031156960035926)
(-1, -0.1609037293208992)
(-1, -0.7388235961457505)
(0, 0.1460754884096511)
(1, 0.7124238717721257)
(0, -0.19686936987609874)
(1, 0.714873099755717)
(1, 0.5376458199842448)
(1, 0.8532542401380394)
(0, -0.2515589651009187)
(1, 0.958683516414457)
(1, 0.5303752887371654)
(1, 0.9868200484129765)
(1, 0.8067560236352487)
(1, 0.5945368068203031)
(0, 0.4153026983976272)
(-1, -0.41928850999087236)
(0, -0.3076481465144404)
(1, 0.5764931273210274)
(1, 0.9642690589193965)
(-1, -0.7374359704420798)
(1, 0.7747408266083848)
(0, 0.001038735951743433)
(-1, -0.5170130063702332)
(0, -0.06052314084510814)
(0, -0.04009101494282566)
(0, -0.027398848783704202)
