(1, 0.1482825191805347)
(0, -0.002251306537687691)
(-1, -0.21446425075712283)
(1, 0.5040622322296329)
(0, -0.27207959484589483)
(0, 0.08478569378673444)
(1, 0.7165718281494688)
(0, -0.14333264844604574)
(0, 0.0381060880147371)
(1, 0.6204167989065663)
(1, 0.7114688008678642)
(0, 0.10519835366617813)
(1, 0.1235326233168097)
(0, 0.005447900062000882)
(1, 0.6226549029189102)
(1, 0.8805211279461013)
(0, 0.4022479226507892)
(-1, -0.08515200566378173)
(0, 0.13727172971419388)
(0, -0.10176355904821124)
(-1, -0.3275107151780059)
(-1, -0.6460924687000488)
(0, 0.08078742088007662)
(0, 0.04210778913725686)
(0, 0.11552648193149773)
(0, 0.023591885986882583)
(0, -0.10005424525920392)
(1, 0.597661130626962)
(0, 0.15201952282315667)
(1, 0.5777935367446653)
(-1, -0.38225799995548115)
(-1, -0.35954947686120553)
(-1, -0.9238774878163666)
(-1, -0.10868972921820658)
(-1, -0.39406038870874377)
(0, 0.07993499370857685)
(1, 0.8726777041391738)
(0, 0.025136083346795304)
