(-1, -0.8887741793130549)
(0, -0.3315503376326529)
(0, 0.03153486173514689)
(0, 0.0745954254968047)
(0, -0.10635686120959581)
(1, 0.5172391104984716)
(0, -0.06377770076735374)
(-1, -0.8892362172879603)
(-1, -0.10625535944298503)
(0, 0.06338546391183167)
(1, 0.8205603855969371)
(-1, -0.5939779518702167)
(0, -0.15897393479906854)
(1, 0.3179256443039908)
(0, -0.1744988536432514)
(-1, -0.9078652050395395)
(0, -0.06765460210613114)
(0, -0.36373439747555547)
(0, -0.14483738781149882)
(1, 0.301834194453496)
(-1, -0.7759875156193401)
(0, -0.059673252306834845)
(0, -0.31907789516991014)
(0, -0.014180721419090735)
(0, -0.05304133991226348)
(-1, -0.5560074285473061)
(1, 0.7001509839069847)
(-1, -0.7033417829537678)
(1, 0.8088100920278445)
(1, 0.3984509037738575)
(0, 0.059102817303140084)
(0, -0.3914950625414104)
(0, -0.16192743579519625)
(0, 0.06848637325351425)
(1, 0.6687794294478749)
(1, 0.06339901388843044)
(1, 0.47540674894403534)
(0, -0.05930051392668123)
