(-1, -0.9791963140929383)
(0, -0.05723956133922241)
(0, 0.15897039708701544)
(0, -0.040109690150539515)
(0, -0.015654360349031303)
(-1, -0.5746824313363563)
(-1, -0.42051059935445606)
(1, 0.9859217880625292)
(-1, -0.8484523564584554)
(1, 0.5485063208499861)
(0, 0.07685303056273632)
(1, 0.4778196670931577)
(-1, -0.49160969415654265)
(-1, -0.3002475683383378)
(0, -0.3259503297046596)
(-1, -0.054149879689192104)
(0, 0.3043244902669048)
(1, 0.7825122163612416)
(1, 0.9104307157583589)
(-1, -0.3012081250128469)
(-1, -0.7213152251813555)
(-1, -0.0551242264570323)
(-1, -0.47784666267663095)
(1, 0.1629213925816333)
(-1, -0.0477380472760664)
(0, -0.2821653827358269)
(-1, -0.30029462236674676)
(-1, -0.28896771369818114)
(0, 0.0948233992434756)
(1, 0.8521933366165825)
(0, 0.07668804996522958)
(0, -0.048355519837683936)
(1, 0.43277287017450805)
(1, 0.7834624975617233)
(-1, -0.9928679134379392)
