(1, 0.3078483265831294)
(0, 0.08526805202220966)
(0, -0.045357818367232516)
(-1, -0.9032317984952286)
(1, 0.5742039096907088)
(0, 0.053859958003368465)
(-1, -0.5992005367977711)
(0, -0.304368273226199)
(0, 0.013461129324217003)
(-1, -0.7841959545041705)
(-1, -0.4631440470045996)
(0, 0.29333680188459316)
(0, 0.12342985971948914)
(1, 0.5482564053766624)
(0, -0.07873609346802246)
(0, -0.026506427502630082)
(1, 0.7728169123831804)
(0, -0.19216752840461593)
(1, 0.6598265873607381)
(-1, -0.6698008088354879)
(0, 0.3757607630836562)
(0, -0.030405924318810423)
(1, 0.11689636239204187)
(1, 0.350114803763734)
(1, 0.608318274685645)
(1, 0.4187839695251673)
(-1, -0.32751419292398465)
(0, 0.10650727790360376)
(1, 0.9606325524517596)
(0, -0.07406748671881942)
(1, 0.6435532030804433)
(1, 0.6389392992840904)
(0, -0.0630064196985029)
(0, 0.11344532294565604)
(-1, -0.6929638270931515)
(-1, -0.3874957895992524)
(1, 0.9212986086850978)
(1, 0.47735759739666284)
(-1, -0.09164669595042146)
(0, -0.06473914784647536)
(-1, -0.5265184550487164)
(0, -0.26975706018293544)
(-1, -0.8208536170834886)
(0, 0.012890484958640758)
(0, 0.0008786692836534578)
(0, -0.008509359209677703)
(0, -0.05579734800842989)
(0, -0.014576330978566854)
