(0, -0.018578602078533624)
(0, -0.017872404528046306)
(0, -0.07568080521553161)
(0, -0.0002799050294612327)
(-1, -0.46412603867999686)
(-1, -0.51033275192354)
(0, -0.2929071694495493)
(-1, -0.9192944978377792)
(-1, -0.4387198219904146)
(-1, -0.20094112351156437)
(-1, -0.8372765418769165)
(0, -0.2740313423372276)
(0, -0.24674003792079757)
(-1, -0.3878779657921129)
(-1, -0.88475038238301)
(0, -0.11668309864246797)
(-1, -0.3970957002938689)
(0, -0.14479410027573497)
(0, -0.247827344105082)
(-1, -0.15482161686188858)
(-1, -0.678522767261016)
(-1, -0.5926803533563281)
(-1, -0.9467017065506066)
(-1, -0.5238013084027726)
(-1, -0.7807983744255169)
(0, -0.09711916613046961)
(-1, -0.03516929673251523)
(-1, -0.4637804480908274)
(0, -0.3517916254719393)
(0, 0.009875938033615632)
(0, 0.12757283045504078)
(0, -0.41631729777634224)
(-1, -0.8377702097371992)
(0, -0.1635571983117803)
(0, -0.13495270423808278)
(-1, -0.24234273984023452)
(-1, -0.9416585194744413)
(0, -0.053874025752016566)
(1, 0.7173960082156193)
(-1, -0.5944239511212746)
(-1, -0.9161920075495827)
(1, 0.8154342360702829)
(-1, -0.23658589858339676)
(1, 0.2561868173145868)
(0, 0.05794619614879844)
(0, -0.30546926927193585)
(1, 0.20085515221956746)
(0, 0.0027609410481985175)
(1, 0.5897608995040339)
(0, -0.005030798112220569)
(0, 0.0018015920652831967)
(0, -0.02333463826201499)
