(1, 0.6858644929509837)
(0, -0.014295664717532929)
(-1, -0.7500850521964404)
(1, 0.688775572864156)
(0, -0.26577912851416696)
(1, 0.5519185636088022)
(-1, -0.9606298657730249)
(0, -0.15059043544746087)
(1, 0.28702514766163517)
(-1, -0.8689905997690334)
(0, -0.281464135389889)
(0, 0.022356590663173692)
(-1, -0.9564006343096135)
(1, 0.556278201849543)
(-1, -0.9498665730011991)
(-1, -0.5677177089509482)
(-1, -0.9231526187776272)
(0, -0.03396897086579018)
(-1, -0.7521841467018017)
(-1, -0.7454756747632932)
(0, -0.017221729727100718)
(-1, -0.4581571236909211)
(-1, -0.8268488395670696)
(-1, -0.782953695437787)
(1, 0.784868895287176)
(1, 0.5994937136403158)
(0, 0.014491491422116573)
(0, -0.09640335880476827)
(1, 0.5758698324348958)
(-1, -0.7122120407033294)
(0, 0.02199189164018478)
(1, 0.6144492828351374)
(0, 0.03025040390576303)
(0, 0.018820729441805514)
(0, 0.1448203458127745)
(-1, -0.9461072606532847)
(0, -0.13860352925608654)
(-1, -0.8668269175924398)
(-1, -0.49396682539437947)
(1, 0.9965786947920225)
(-1, -0.8390578881175542)
(0, 0.27572441890329175)
(0, 0.06578657545559125)
(0, -0.061783688358148736)
