(0, 0.25400701620455923)
(0, 0.32850571128351275)
(0, 0.11420430717338502)
(1, 0.9241483572759568)
(1, 0.9362918385174905)
(1, 0.9842196994902058)
(0, 0.10842828051122053)
(1, 0.8515224222071451)
(1, 0.3361841586337073)
(1, 0.8204458437190966)
(0, -0.14438102592915003)
(0, -0.06868885810906496)
(0, -0.029600145254989885)
(0, -0.036700491078876143)
(-1, -0.82631350909138)
(1, 0.7675984649458577)
(1, 0.9235552937293325)
(1, 0.4171957111988538)
(1, 0.8724834809135535)
(1, 0.9869131068950788)
(1, 0.38293176480927904)
(0, 0.06298678839635363)
(0, 0.1640721141612459)
(0, 0.05031275895961168)
(-1, -0.9264591813780187)
(0, -0.21002839503745016)
(0, -0.030823351779727004)
(-1, -0.8836810248858495)
(1, 0.6179262949476644)
(-1, -0.580280362195558)
(-1, -0.5514128211528042)
(0, 0.014965231045575879)
(1, 0.9828091578950561)
(1, 0.6416391502580578)
(1, 0.4558189781798698)
(0, -0.06765460210613114)
