(0, -0.3418095472759908)
(-1, -0.6152768560263994)
(-1, -0.16420187799205016)
(1, 0.9334427651571107)
(0, -0.01564352723675074)
(0, 0.05314452964865468)
(0, -0.0963446339869832)
(0, 0.12899342419571483)
(0, 0.0740863169430618)
(0, 0.06459460528860207)
(0, -0.1270236046282769)
(0, -0.14677006499748846)
(0, -0.19218048528112697)
(0, -0.18774134526207062)
(1, 0.558095323279439)
(-1, -0.17644125674373423)
(-1, -0.3119107753981228)
(1, 0.8012354197915301)
(0, -0.024920615052221748)
(0, -0.24392656520939346)
(0, -0.06093286689398312)
(0, -0.13055485565774932)
(-1, -0.20408335741932374)
(0, 0.12468757392161355)
(0, 0.04011770527827507)
(0, -0.04631728174258817)
(0, 0.01599830956755363)
(1, 0.6372399987740466)
(0, -0.01696992559184611)
(1, 0.7876970507280036)
(-1, -0.43701664998628126)
(0, -0.14441237806323948)
(1, 0.34697148163524133)
(1, 0.4846822593442074)
(0, 0.3750231836033202)
(0, 0.0016612780785642128)
(0, 0.1367186582861501)
(1, 0.7727313246408274)
(-1, -0.5370237615807535)
(0, -0.004511550468995984)
(0, -0.2599227187152952)
(0, 0.0852680120401615)
(1, 0.5045725144766974)
(0, -0.1340770491886411)
(0, -0.03785843282386234)
(0, -0.053001102262127585)
(0, -0.2376293731062093)
(0, 0.044576854428039214)
(0, -0.004717658364836008)
(1, 0.33716258077913885)
(0, -0.027955765838965557)
(0, 0.10298765937275392)
(0, 0.06381239486926615)
(0, -0.0919597171440475)
(0, -0.2617969130418507)
(1, 0.8419092296116325)
(0, -0.11797106739376245)
(1, 0.2670290031754175)
(0, 0.06119755090150447)
(1, 0.4013301498871983)
(1, 0.9770340380124066)
(0, -0.033359169707229686)
(0, -0.03549465822565134)
(-1, -0.5299369223753562)
(0, 0.2500619632337591)
(0, -0.04244460033160792)
(1, 0.8420579594084968)
(1, 0.9623332491354445)
(1, 0.38505445370202396)
(0, -0.06765460210613114)
(1, 0.28369502397680557)
(0, 0.010649955142075965)
