(1, 0.18846498466296946)
(1, 0.8156389134706469)
(-1, -0.37790376424474076)
(0, 0.002333265121123732)
(0, 0.02972553517580746)
(0, 0.06484388680614417)
(0, 0.17012724257783335)
(0, 0.021966054930861872)
(1, 0.5202709387227071)
(0, 0.13036803219340898)
(0, 0.15484342274269092)
(0, 0.023304452803747863)
(1, 0.4142583749030079)
(0, -0.018616386767061913)
(0, 0.15717454131996766)
(0, 0.0267912927418838)
(0, 0.1825372635687237)
(1, 0.9258125567161669)
(-1, -0.42328218032808196)
(1, 0.46471300357910805)
(1, 0.991059262159251)
(0, -0.16454574983726636)
(0, 0.02683672998099873)
(0, -0.1407409772709961)
(1, 0.750744296810298)
(0, 0.0605381127422127)
(0, 0.20010788974871238)
(0, 0.10072394851742097)
(-1, -0.49346493977403216)
(0, 0.03472947863094929)
(-1, -0.4455856196302007)
(0, -0.028435872524813915)
(-1, -0.9743146213201519)
(0, -0.07284447399237783)
(-1, -0.5274863312905506)
(1, 0.31083692089167625)
(0, 0.0020599044033633718)
(1, 0.09072015208133272)
(0, 0.3123441430363066)
(1, 0.5321439920387024)
(0, 0.009607351443231604)
(1, 0.4732410062362292)
(1, 0.39822290824161005)
(1, 0.7453454552755405)
(-1, -0.37884498671379424)
(1, 0.7399196496999019)
(-1, -0.42625985200691174)
(1, 0.3363429611584108)
(0, 0.22704191782744707)
(0, 0.2376160678397536)
(1, 0.08451572877529578)
(-1, -0.42529615907388985)
(-1, -0.4738681368423485)
(-1, -0.32610322576515405)
(-1, -0.09968987729313322)
(0, -0.0016616894076681744)
(0, -0.1200805400081319)
(0, -0.1194901688619264)
(-1, -0.7792003902259844)
(0, -0.04921569495056245)
(1, 0.7852512568227724)
(1, 0.5729335194129349)
(-1, -0.4033306341010966)
(1, 0.4797285649410775)
(0, 0.1674743827320307)
(0, -0.2263415370545634)
(1, 0.9498837418510231)
(1, 0.9142558141184185)
(0, 0.12140977290418249)
(1, 0.9921309221486314)
(1, 0.9895751062800364)
(1, 0.40892426184767977)
(0, -0.359350054878198)
(0, 0.2455976088004272)
(1, 0.7498189467660905)
(1, 0.3311151658745049)
(-1, -0.6932221725029043)
(0, -0.06765460210613114)
(1, 0.932808593427966)
(-1, -0.47652292698688614)
(0, 0.3473719975823371)
(0, 0.08035115419196989)
