(1, 0.8320068930205201)
(1, 0.8639331123767114)
(1, 0.9852577888936005)
(-1, -0.2743126326434122)
(-1, -0.32273765090867834)
(1, 0.8091846764807241)
(1, 0.5708677110592368)
(1, 0.9338760572618362)
(0, 0.4606727122227197)
(0, 0.012227742501419434)
(0, -0.026615910095713236)
(-1, -0.2041253874993198)
(1, 0.9997086667031627)
(1, 0.8050972706898352)
(-1, -0.5016423265328885)
(-1, -0.6434499242885792)
(0, 0.054700180568436396)
(1, 0.32939359686769576)
(-1, -0.7852468400541458)
(0, 0.20722920968976008)
