(1, 0.7340180432432147)
(0, -0.012094571435342871)
(1, 0.9437417146053447)
(-1, -0.33745755791119353)
(-1, -0.3155512553743291)
(0, 0.1513693549215603)
(0, 0.22771176429562143)
(1, 0.9350167224029324)
(1, 0.595869793750509)
(1, 0.9708250152616905)
(1, 0.8086081495545866)
(-1, -0.7554521921611991)
(1, 0.21847685468241845)
(0, -0.16599391557710574)
(0, -0.003928240715842635)
(0, 0.007500471974354883)
(1, 0.4738247986414601)
(0, 0.035794008536235475)
(0, -0.4512413403064238)
(-1, -0.41182520505132)
(0, 0.006232327974239754)
(-1, -0.4840702689109776)
(-1, -0.7016901248724827)
(-1, -0.8238866700017029)
(-1, -0.6989003369341718)
(-1, -0.7211372208151469)
(1, 0.3820994469040433)
(0, -0.2378397653215636)
(0, -0.2253503923745565)
(1, 0.7442187687954557)
(-1, -0.44769488416148695)
(1, 0.11880643787107609)
(1, 0.214563963832283)
(1, 0.6244931793191808)
(0, -0.3049630351021081)
(-1, -0.8630532355085845)
(1, 0.5171933686112345)
(1, 0.9525272705253098)
(-1, -0.8311078399128063)
(1, 0.06145581225542063)
(-1, -0.9667623670456761)
(-1, -0.27711390429798155)
(-1, -0.27333257548603895)
(-1, -0.43446568706415867)
(-1, -0.6748928685812794)
(-1, -0.976365812988214)
(1, 0.35652030478577906)
(-1, -0.7895077609189952)
(0, -0.013039302295752085)
(-1, -0.3630733296083192)
(1, 0.9623210308384594)
(-1, -0.9843610225713149)
(-1, -0.22061604118599476)
(1, 0.49820277167182214)
(-1, -0.9471877046071995)
(1, 0.02554034620678952)
(-1, -0.16896838061194835)
(1, 0.07029515972178024)
(1, 0.9759441126877293)
(-1, -0.10866369718969227)
