(-1, -0.44778716623938897)
(1, 0.8246827989708831)
(1, 0.4196815393953364)
(1, 0.9186433081528349)
(0, 0.2231342494534136)
(1, 0.5018148295657722)
(-1, -0.8542416556756155)
(-1, -0.9917510821785892)
(1, 0.7545182642752798)
(0, -0.009533210379164256)
(-1, -0.9604621856486765)
(1, 0.7660944544434208)
(1, 0.7766704308905416)
(1, 0.05758827463137661)
(-1, -0.25608998097347124)
(1, 0.1700299169301699)
(1, 0.8621204235799316)
(0, 0.0826561959290951)
(0, -0.012363039108116123)
(0, -0.001850730203264146)
(1, 0.9513235949796703)
(0, -0.10626564781051223)
(0, -0.06765460210613114)
