(1, 0.40253076620164163)
(1, 0.8122205223614967)
(1, 0.8080116330120377)
(1, 0.9675616993378937)
(-1, -0.8103007040981136)
(1, 0.5469829730274698)
(1, 0.8388486999060348)
(0, -0.07446746692641512)
(-1, -0.7958135247126178)
(0, -0.047237554685648664)
(1, 0.930276127835711)
(1, 0.8684362036588291)
(1, 0.7222509332473505)
(1, 0.9582975991054883)
(-1, -0.17650666800142867)
(0, -0.05170415396243894)
(0, 0.16070240295241434)
(1, 0.6433625815056793)
(0, -0.010329984677004148)
(1, 0.11528578104448839)
(1, 0.9869473268073241)
(1, 0.5760151085872937)
(1, 0.9683691555478069)
(0, 0.4191204908636465)
(-1, -0.7967891298137917)
(0, 0.2169903240741278)
(-1, -0.7396776958565774)
(0, 0.08742434911253638)
(1, 0.9490192275140996)
(-1, -0.1083241710090011)
(0, 0.00525304743595232)
(0, -0.07613133306630263)
