(1, 0.020544989501695476)
(1, 0.22322659476734003)
(1, 0.9786446590903582)
(1, 0.6972666761883054)
(1, 0.9530545252695289)
(1, 0.9875534421097127)
(0, 0.046922151268983414)
(0, -0.07027183641943993)
(-1, -0.2635121660537442)
(1, 0.6085878117762284)
(1, 0.5624625890462528)
(0, 0.07915185606596234)
(1, 0.9840510645072383)
(0, 0.0337795893230133)
(0, 0.00016847246921399933)
(0, 0.35185484898690955)
(1, 0.3354791151586948)
(0, 0.10249732410984899)
(0, 0.14394608620261157)
(-1, -0.4611865381840659)
(1, 0.06223888290385282)
(-1, -0.07261140764176383)
(1, 0.9265730690760641)
(1, 0.6706146582138952)
(1, 0.5976986828370963)
(1, 0.993082114734784)
(-1, -0.9771182373789399)
(1, 0.0832378085031259)
(0, -0.07218590562809574)
(1, 0.9047185102136238)
(0, -0.14293870505500247)
(-1, -0.44725681223353986)
(1, 0.789367938361842)
(-1, -0.25952716797257624)
(0, -0.3021981029367593)
(0, 0.2507795277428744)
(0, 0.23091634846400827)
(0, 0.0057497352865625365)
(-1, -0.2303922894844168)
(0, 0.22811597169339373)
(-1, -0.9778746158579759)
(0, -0.04681447543534793)
(1, 0.7647915114442108)
(1, 0.709115115669369)
(1, 0.7518988798653193)
(1, 0.7905413423234688)
(1, 0.4469120003472636)
(1, 0.10393615767546927)
(0, -0.01224525414294042)
(-1, -0.5497141361209678)
(1, 0.7648290796090612)
(1, 0.598153520762706)
(1, 0.8490366299976825)
(1, 0.424682417542265)
(0, 0.45395684128215985)
(1, 0.25048457625153087)
(0, 0.033400118231067685)
(1, 0.2700812881090804)
(1, 0.33240773534380347)
(0, 0.17580414216953322)
(-1, -0.7650303489211351)
(1, 0.9610440269527665)
(1, 0.6121919890334058)
(-1, -0.4490006739278418)
(-1, -0.8675752043543079)
(1, 0.4679155255179871)
(0, -0.3551875730084366)
(0, 0.20736651900084824)
(1, 0.8885789979045287)
(1, 0.8116174384024675)
(0, -0.07873564968821503)
(0, 0.14982491750845411)
(1, 0.9542708083973747)
(1, 0.32394100735589304)
(0, 0.17637345204581517)
(1, 0.3448598183644553)
(1, 0.027966253922414863)
(0, 0.08417643562441829)
(0, 0.13963097556116247)
(1, 0.892713261990064)
(-1, -0.4902761824227628)
(0, -0.1595100844258713)
(0, -0.15453071519311096)
(0, -0.38345238008140003)
(1, 0.69880648344457)
(0, -0.25560379942446343)
(-1, -0.7805404272574021)
(1, 0.3854630463085875)
(0, -0.1216539589209828)
(1, 0.5518850628486007)
(1, 0.3793682080405891)
(1, 0.44725667165405414)
(1, 0.27093292030687)
(-1, -0.13270526243044461)
(1, 0.6641518914725426)
(-1, -0.39632271853480927)
(1, 0.9996149494985039)
(1, 0.6424839728876132)
(1, 0.31437555891846386)
(1, 0.9593494298501067)
(1, 0.8028049403518484)
(1, 0.7320420088257586)
(1, 0.9096767772600938)
(0, 0.007468852074005827)
(0, 0.016272524206100897)
(1, 0.11407394588427361)
(1, 0.27307381289014243)
(1, 0.3774895537706758)
(0, 0.16540873339884077)
(-1, -0.5494326733465295)
(-1, -0.9236736889990614)
(1, 0.11630502604617943)
(-1, -0.800463728159002)
(0, -0.28699841224270345)
(-1, -0.464115847553142)
(-1, -0.4202847457188465)
(-1, -0.15431930019830498)
(-1, -0.6052453571838893)
(1, 0.44718650697009066)
(0, -0.14345783952690327)
(-1, -0.12690362238758424)
(1, 0.48608250335028097)
(0, -0.05199626991228723)
(1, 0.327760446824517)
(1, 0.4568614160117075)
(0, 0.08437221292565956)
(1, 0.5493647643191277)
(-1, -0.03992136239179589)
(0, 0.18760955253402734)
(0, 0.011241994232991687)
(1, 0.7320991824325341)
(1, 0.44723326325732304)
(1, 0.458044582717358)
(-1, -0.42631808973272184)
(1, 0.8304582203523468)
(-1, -0.508400186135298)
(0, 0.3374531313356586)
(1, 0.7546834787720934)
(0, -0.25990541864348216)
(0, 0.18755086361942128)
(1, 0.5004578313376288)
(0, 0.0030634716753815266)
(-1, -0.4968986527033198)
(1, 0.9439422773645905)
(1, 0.9967596803285278)
(1, 0.4727554594034993)
(1, 0.7629050207949247)
(1, 0.39797176226591263)
(0, 0.0037473380758546414)
(1, 0.6107406089804219)
(1, 0.49775831243954466)
(0, -0.4217196956535641)
(1, 0.9205994243781647)
(1, 0.4054896198030807)
(1, 0.5959879695686534)
(1, 0.5233356931429309)
(1, 0.828433471825224)
(1, 0.952366322844973)
(-1, -0.020586848794687806)
(1, 0.512665779029255)
(1, 0.9699901428774638)
(1, 0.48169297820748536)
(0, 0.07378919760407551)
(1, 0.1325868826012892)
(0, -0.09040651976912534)
(1, 0.5818190142867871)
(1, 0.7584356738014989)
(1, 0.41483184390429617)
(0, 0.07236673958311121)
(0, 0.4150806265424736)
(1, 0.9663921748341058)
(1, 0.26488946425742693)
(1, 0.47119098980835655)
(1, 0.6321641431332035)
(1, 0.473135629028638)
(-1, -0.28496840200334933)
(1, 0.538298925218276)
(0, 0.32494143550922294)
(-1, -0.4817873679502962)
(-1, -0.7179002054458213)
(1, 0.5111131637380765)
(-1, -0.6969850563978774)
(-1, -0.4658627675792674)
(1, 0.961286281687389)
(-1, -0.2113524314777917)
(0, -0.09041654821399706)
(0, -0.21924300659063473)
(0, 0.1287165035075)
(1, 0.3917138704051155)
(-1, -0.17141929316019422)
(1, 0.8891102875227208)
(1, 0.6594277560264594)
(-1, -0.006777724074858493)
(-1, -0.37308311073945216)
(1, 0.5660090091174237)
(1, 0.7416248597080676)
(1, 0.05367873550481711)
(1, 0.41907884835753206)
(0, 0.004053246654447562)
(-1, -0.8982025509255962)
(1, 0.3438078519045488)
(-1, -0.4852158396965319)
(-1, -0.9644079881471247)
(0, -0.04426423180758647)
(-1, -0.952694250633978)
(-1, -0.025769692979302317)
(1, 0.17225224768117364)
(0, -0.09781450497134173)
(-1, -0.3111655829080883)
(0, -0.34052787003453183)
(-1, -0.7226608097605304)
(1, 0.7264761822707863)
(1, 0.5559970136721034)
(-1, -0.3951968448902775)
(0, -0.17189196992411157)
(0, -0.04325922220685155)
(1, 0.689654753123477)
(-1, -0.5067972743470315)
(-1, -0.283118184037773)
(0, -0.11461335027296723)
(0, 0.015606759527873632)
(1, 0.9203731982820772)
(1, 0.9925289697528004)
(0, 0.2770577279923362)
(0, -0.01587569416570589)
(0, 0.032197654334650314)
(1, 0.8886906166694951)
(0, 0.06993888127225502)
(0, 0.18280592188927194)
(1, 0.5106770337359703)
(-1, -0.20642683584916813)
(0, -0.31059341357886444)
(0, -0.2292235794496845)
(1, 0.5116902344910558)
(1, 0.2808622880355201)
(1, 0.7598208424821006)
(0, -0.025119454654026332)
(0, 0.24104426648607225)
(0, -0.06179064882085741)
(-1, -0.5169228710179486)
(0, 0.22167417264666422)
(0, 0.011197716281302048)
(0, 0.20813918534415526)
(0, -0.034850969946170485)
(-1, -0.4575240626203679)
(1, 0.4295648135966854)
(1, 0.5421973122515484)
(0, 0.12590294700283766)
(1, 0.7114524590693477)
(1, 0.6537771844649654)
(0, 0.07428910125835933)
(1, 0.8665143145462483)
(0, -0.3618930997070645)
(0, 0.11251801963551875)
(0, 0.39562491695103785)
(1, 0.44048929155967453)
(0, 0.154364689499497)
(0, 0.014973375097443509)
(0, 0.1940326745909129)
(1, 0.371931413885056)
(1, 0.5594248656912477)
(0, -0.11734212301241648)
(0, -0.3085231526660078)
(1, 0.3224842240916439)
(0, 0.0703642214791814)
(0, 0.04509248615752752)
(1, 0.8740025838783645)
(0, 0.03788519770605103)
(-1, -0.016627724619205864)
(0, -0.06294525736906056)
(-1, -0.35465403023619146)
(1, 0.32201921414220963)
(0, 0.008831802764438394)
(0, -0.16911803092684988)
(-1, -0.4520719756039877)
(1, 0.8107505310715777)
(0, 0.4455186273800162)
(1, 0.6702835090844772)
(1, 0.6075797277093828)
(0, 0.05160266917257311)
(0, 0.39046380227178545)
(0, 0.196742729637418)
(1, 0.938719775316087)
(0, 0.24526981150071567)
(1, 0.9324463111782338)
(0, 0.39046380227178545)
(1, 0.2452760245776221)
(0, 0.07359622139187648)
(-1, -0.45983768272708636)
(0, -0.2584043880612049)
(0, 0.11412193656398381)
(0, -0.411320111427595)
(-1, -0.6626058460378829)
(0, 0.032683727664633386)
(0, 0.2500700325098389)
(-1, -0.5379087177435699)
(0, -0.06764035880498728)
(-1, -0.9408041893068023)
(-1, -0.48164702914229734)
(0, 0.015098115952349694)
(1, 0.90316860040977)
(1, 0.48435819695095494)
(1, 0.923921111344627)
(1, 0.49076534097680635)
(1, 0.4349453351951811)
(0, 0.1947956878757445)
(1, 0.48186030065164437)
(1, 0.18950518070428524)
(1, 0.08321246624408318)
(1, 0.9232600573798677)
(1, 0.34835477261234693)
(1, 0.7499338968688763)
(0, -0.037098563929806365)
(0, 0.2401966863211517)
(1, 0.1781135046980084)
(1, 0.754847924185385)
(0, 0.2186797922280084)
(1, 0.9351569980340829)
(0, -0.12533613806485852)
(0, 0.02032139799527652)
(-1, -0.8962724806250428)
(0, 0.1261204430171581)
(0, -0.13665495283866003)
(0, -0.026521758076909988)
(-1, -0.2022647469620999)
(-1, -0.8393865923182876)
(1, 0.24989270499487998)
(1, 0.8810335461385596)
(1, 0.4783242983465439)
(1, 0.766106531992016)
(1, 0.9110292966622944)
(0, -0.05676467770719218)
(1, 0.832910417054511)
(1, 0.7792886673182113)
(1, 0.9368364567403364)
(1, 0.3565327974897706)
(-1, -0.7127087253873133)
(0, 0.03670101892046762)
(1, 0.5851965153182226)
(-1, -0.9398652123456257)
(1, 0.5218414489972697)
(-1, -0.6709386863675053)
(1, 0.953005815006841)
(-1, -0.14691806116157702)
(-1, -0.5071657153423907)
(1, 0.8094272715332718)
(0, -0.05606528601703302)
(1, 0.9012257745368588)
(0, 0.19045070969624756)
(0, 0.25792503466891686)
(1, 0.9875686388866525)
(0, 0.0038177738295410053)
(1, 0.9893590616071741)
(0, -0.13304650351131464)
(0, 0.09887462461620328)
(1, 0.6311644078252037)
(1, 0.29451313934270584)
(0, -0.0006220031407280363)
(0, 0.28486823075398315)
(0, 0.1967573784365788)
(0, 0.07274563586725966)
(0, 0.12833936809540433)
(0, -0.32601717631059857)
(0, -0.2414975182515039)
(0, 0.07364010360109569)
(0, 0.03945739387650465)
(0, -0.019194546402301976)
(1, 0.5472300047375972)
(1, 0.22022473037602913)
(1, 0.8430671170250233)
(1, 0.9441817068936704)
(1, 0.6684944756437363)
(1, 0.46810201221564773)
(1, 0.9469460836006209)
(0, -0.46502399047318893)
(0, 0.13428796361026857)
(0, -0.11961495976987967)
(-1, -0.485959190168338)
(-1, -0.5015548876935997)
(1, 0.25568445089596825)
(1, 0.23977869498098076)
(0, -0.05112997327656954)
(1, 0.9587661071925343)
(1, 0.4580870365916029)
(1, 0.5272077284605309)
(1, 0.7957671710555504)
(-1, -0.32563181229318555)
(0, 0.04933498536357988)
(0, 0.13430396279233614)
(1, 0.8669700695738092)
(0, 0.2274545297716988)
(1, 0.6358392152053962)
(0, 0.15398131058661968)
(1, 0.8578005317522464)
(1, 0.7690603957230984)
(0, 0.06942615764889042)
(0, 0.3195122043267795)
(1, 0.945666283990812)
(1, 0.0902133964682244)
(1, 0.9216445807094739)
(-1, -0.7378125870235527)
(1, 0.6353954587739674)
(1, 0.539946250707114)
(0, 0.16261548258065647)
(1, 0.25418365411604815)
(1, 0.07860525384607969)
(0, -0.06061233124280213)
(0, 0.18226839035455308)
(1, 0.6344868421254914)
(1, 0.7243107191002017)
(1, 0.10200744002542045)
(1, 0.4664768487448745)
(1, 0.2272698814896941)
(1, 0.7895758699758613)
(-1, -0.15544744694181095)
(-1, -0.629471096142322)
