(0, -0.014682701818604038)
(1, 0.7462399059511193)
(0, 0.052144478491119056)
(0, 0.024802247684788763)
(0, 0.16704536921591748)
(-1, -0.33803849516005324)
(1, 0.5946761322282941)
(0, -0.20107795783317656)
(1, 0.7953949470832764)
(0, 0.23382152870249606)
(1, 0.0028986753592918912)
(0, -0.07389821105843868)
(0, -0.1382820059363263)
(0, 0.24938073073493516)
(0, 0.07463392179481987)
(0, -0.33431538454084375)
(0, 0.29936560525533673)
(0, -0.08380178208952947)
(0, 0.018144073924583476)
(0, 0.0360423455076931)
(1, 0.49593476683578575)
(-1, -0.06532811285081624)
(-1, -0.7429509518697976)
(0, 0.028976489465921934)
(0, 0.0032579786102454045)
(1, 0.8056762914424954)
(0, 0.27522167016317184)
(1, 0.012719657105296323)
(0, 0.23127123116208503)
(1, 0.7630693386647781)
(1, 0.519584845978638)
(1, 0.5484188127530558)
(-1, -0.6424594257890562)
(0, -0.05123439817197978)
(0, -0.09877274073951389)
(0, -0.004230291043593876)
