(0, 0.03532045494063713)
(0, -0.009282428154433137)
(-1, -0.8455007005086539)
(-1, -0.7148747810043317)
(0, 0.026070477667625686)
(0, 0.12078949411337626)
(0, -0.1648711983681881)
(0, -0.06765460210613114)
(0, 0.09826681854196327)
(-1, -0.7778788130785718)
(-1, -0.6854799022346422)
(1, 0.4321300079764741)
(1, 0.4391275394889702)
(0, -0.024053641900546596)
(-1, -0.32863708045291007)
(-1, -0.6954102303399381)
(-1, -0.6736021008808469)
(0, -0.01879677494472423)
(-1, -0.624773978179558)
(0, 0.2882782712420542)
(0, 0.0057771294990724)
(-1, -0.8366606378699737)
(0, -0.13159706578638714)
(-1, -0.6357945177599742)
(1, 0.36160517155844885)
(-1, -0.8457488012414461)
(-1, -0.9620020644440813)
(0, -0.17084157680081818)
(1, 0.5316533918408992)
(0, -0.17422510425406595)
(0, -0.14882862990762363)
(0, -0.013985710605185678)
(0, 0.0034530776374890604)
(-1, -0.5226124809117956)
(0, 0.030849828414709325)
(0, -0.07612416925743307)
(1, 0.6881752721481234)
(0, -0.09675302648823715)
(-1, -0.6645500678981595)
(-1, -0.9106466411562801)
(0, -0.35991033335766903)
(-1, -0.8758386317486666)
(0, 0.19225716824866013)
(0, -0.029497425485583616)
(0, -0.0631818631255304)
(0, -0.13475509831942079)
(0, -0.13822045532885166)
(-1, -0.4279086966325437)
(-1, -0.5064800499266362)
(0, -0.43962812215988706)
(-1, -0.40892196391057356)
(0, -0.3264558256901889)
(0, -0.030265016495677144)
(-1, -0.5553652482373188)
(0, -0.03634591044503928)
(0, 0.013104023192637315)
(-1, -0.896434185265903)
(-1, -0.9916786218961084)
(-1, -0.6188105716412682)
(1, 0.46059276392715315)
(0, -0.14040063234361028)
(1, 0.3019125571429491)
(0, -0.17667378312370963)
(-1, -0.8582816710698347)
(1, 0.7046929413073609)
(0, -0.06864678823505044)
(-1, -0.7784897503968735)
(-1, -0.9466069664996173)
(-1, -0.5444650884627587)
(0, -0.09591709254251135)
(-1, -0.06694634351779133)
(0, 0.004944140041669098)
(1, 0.1902195491835003)
(0, -0.05645063403541786)
(0, 0.37787361126628743)
(-1, -0.8531995732780951)
(0, -0.04549242426042656)
(-1, -0.23910428446438398)
(-1, -0.9196431873654235)
(-1, -0.6617902530569264)
(-1, -0.9078939079572201)
(0, 0.08283838984429814)
(0, -0.0658244405049313)
(1, 0.4676745000646444)
(0, 0.004898077969010456)
(0, 0.004022066453288698)
(-1, -0.8920066368609447)
(0, -0.11969390523249368)
(0, -0.008786617013439246)
(0, -0.3480541433552399)
(-1, -0.5184920597658724)
(1, 0.8516618314290137)
(-1, -0.49906103105499644)
(1, 0.903633894581723)
(0, -0.10093519785224166)
(-1, -0.9072976397033868)
(-1, -0.9527988065959699)
(-1, -0.6244644955323069)
(1, 0.3997515073721239)
(-1, -0.01024725794382203)
(1, 0.4070401676585927)
(-1, -0.12372221950428663)
(-1, -0.6710946573083307)
(0, 0.01713529548152265)
(0, 0.0075796630152976)
(0, -0.07864359379144098)
(0, -0.10259140338753626)
(0, 0.04913199780424446)
