(1, 0.8824511785868352)
(-1, -0.19596221700857397)
(0, 0.014419268499365208)
(0, 0.02687908431601506)
(0, 0.2700662688660896)
(0, 0.05392697925202445)
(0, 0.059139205835767455)
(0, 0.049999649530827514)
(0, 0.21786419999833115)
(1, 0.7423555568523402)
(1, 0.9221797047894843)
(0, 0.01749289782320008)
(-1, -0.01789971520339423)
(1, 0.6378346864208916)
(1, 0.2706183817780648)
(0, -0.010550680839510884)
(0, -0.07211270792130928)
(0, -0.003962078618223078)
(0, 0.13616064413517542)
(1, 0.5684055379996169)
(1, 0.12181536959582018)
(0, -0.09758127035086916)
(1, 0.8992324104120436)
(1, 0.9869557713620338)
(1, 0.8521066014587355)
(0, 7.640034476133484e-05)
(1, 0.25877455221642065)
(1, 0.7312956603993707)
(1, 0.7806534838067056)
(-1, -0.28621487285157)
(-1, -0.08765980038198856)
(1, 0.8931009572697717)
(-1, -0.7928424793608861)
(1, 0.03949911524173322)
(0, -0.053881105164465454)
(1, 0.9975180287623733)
(1, 0.7473225904738556)
(1, 0.255069372595066)
(-1, -0.6236518796391717)
(1, 0.49534978798618423)
(0, 0.19568639268559646)
(1, 0.720966516431622)
(1, 0.6219690946753965)
(1, 0.4215654842868797)
(1, 0.19412654384147682)
(-1, -0.6028658400006227)
(-1, -0.095262739282582)
(1, 0.9237081147166555)
(0, -0.028495819295590544)
(0, -0.30063721018325784)
(-1, -0.14711344440066798)
(1, 0.1937376864371737)
(1, 0.9802448925553433)
(0, -0.07524427207068846)
(-1, -0.7469709439318983)
(1, 0.5225366892798791)
(1, 0.2609456813118652)
(0, -0.05990854538152683)
(1, 0.9766464270310319)
(-1, -0.7465577267630689)
(0, -0.0625862989581493)
(0, -0.277520541125817)
(1, 0.5966739451388413)
(1, 0.8268155887725724)
(0, 0.1716355124063882)
(1, 0.18183285246070585)
(-1, -0.6412583522994715)
(1, 0.7638984664189077)
(-1, -0.6426793421032497)
(1, 0.2954110828865821)
(1, 0.6580664423749285)
(1, 0.9787089595057112)
(0, -0.08439114430368683)
(0, 0.25761647562463535)
(1, 0.060852911760439055)
(0, -0.13013838768428132)
