(1, 0.9924388510976218)
(-1, -0.8227031187136304)
(0, -0.18850365406718994)
(0, -0.09753804835578854)
(1, 0.19219718246653972)
(-1, -0.9039665636047362)
(1, 0.9761897176569585)
(1, 0.45531418895715914)
(1, 0.9979897258796199)
(0, 0.1811710741612546)
(1, 0.8570370240718735)
(0, -0.13685248699800492)
(1, 0.588632624889726)
(1, 0.882977032675039)
(0, 0.0011184156474149526)
(1, 0.2978235575615864)
(1, 0.8147074061016922)
(1, 0.07890448708407566)
(0, 0.04718632890479553)
(1, 0.17311064003405285)
(1, 0.9418075143185685)
(-1, -0.6749585898383552)
(1, 0.3715204533513899)
(1, 0.9458245054751244)
(1, 0.3841878110659135)
(-1, -0.17747070041477647)
(1, 0.3540119346027511)
(-1, -0.3908382030478388)
(1, 0.529840221225518)
(1, 0.7951080146861614)
(0, -0.14814478840171375)
(-1, -0.4783403748913742)
(0, -0.10288309750545215)
(-1, -0.31489457943334676)
(1, 0.677255523161553)
(1, 0.9066828733550827)
(0, -0.011364561011871825)
(1, 0.42562989784141503)
(1, 0.8595412605249589)
(0, 0.10408638286653914)
(0, -0.03454386891703905)
(1, 0.5628107447220887)
(0, 0.01031452263758073)
(1, 0.9228223726163112)
(0, 0.08635073367628746)
(0, 0.0056571614900413295)
(0, 0.03207507568524024)
(0, -0.09095189564661192)
(1, 0.704733282495534)
(-1, -0.8731393269680058)
(1, 0.40842076965449636)
(1, 0.4594695150475157)
(-1, -0.6786301163302386)
(0, -0.10816241439193369)
(0, 0.17548831199215628)
(1, 0.5605058897911482)
(1, 0.11996753283545636)
(0, 0.029904928572168168)
(0, -0.03188243206862722)
(0, -0.007867151681560448)
(0, 0.055424293902864866)
(0, -0.08569246135938122)
(0, 0.09738833718649892)
(1, 0.07883051943526087)
(1, 0.8420352289540297)
(0, -0.028341552736889722)
(0, 0.3162270691996894)
(0, -0.17646489008830057)
(1, 0.3235624137825795)
(0, -0.0962731903400206)
(0, 0.45889027310258784)
(0, 0.014991711173226778)
(-1, -0.44958748730560705)
(1, 0.6732378757903243)
(-1, -0.9431773679300165)
(-1, -0.6079026251181431)
(0, -0.01795749076197095)
(0, 0.09306093343521496)
(0, 0.04855047716011)
(0, -0.006930544823835003)
(0, 0.058138793349437806)
(1, 0.11676766221023105)
(-1, -0.41678748145041195)
(0, -0.2095227008488073)
(0, -0.4270765864029528)
(1, 0.9365361296753076)
(-1, -0.07865923926235452)
(1, 0.17264915737420722)
(-1, -0.5678021437284568)
(1, 0.924656801559971)
(1, 0.997541644997358)
(1, 0.2657860686194542)
(0, -0.026842917770431962)
(1, 0.5636115153304755)
(-1, -0.16877008532248888)
(-1, -0.03268537198627508)
(-1, -0.3145223483493864)
(0, -0.3904761680424782)
(0, -0.3309644575192011)
(1, 0.6430310296642133)
(0, 0.2222030155338509)
(1, 0.46030167361141694)
(-1, -0.5304454323712707)
(1, 0.8618926693985118)
(1, 0.4203068430148376)
(-1, -0.3579658273518924)
(-1, -0.5284385210309327)
(1, 0.8687054669164165)
(-1, -0.7584011755006973)
(-1, -0.5947656260564819)
(1, 0.9808120278119982)
(0, 0.012357824706401593)
(0, -0.1373307560775757)
(0, -0.23904496950034043)
(1, 0.6866049849651881)
(0, 0.04278668339100752)
(1, 0.3535682144416506)
