(1, 0.13154379258268584)
(-1, -0.9111205467387442)
(1, 0.2904465392117339)
(-1, -0.9721290493178326)
(-1, -0.80244933208288)
(-1, -0.012743057463384999)
(1, 0.987682531865846)
(0, 0.07817728228502854)
(-1, -0.21696730496115607)
(1, 0.6992784365839286)
(-1, -0.9676704484269537)
(1, 0.9544082562084959)
(0, 0.03701383605192307)
(-1, -0.5863354107129172)
(0, 0.006338698213554747)
(-1, -0.8763919410997655)
(1, 0.6791624023427282)
(1, 0.8635564667909158)
(0, -0.20019175141071344)
(1, 0.9176338553593139)
(0, -0.31442250052955867)
(1, 0.43699282386210325)
(-1, -0.9899684952183586)
(-1, -0.7619986751529312)
(0, -0.03820221484662381)
(-1, -0.9604782025334907)
(1, 0.9626160413329858)
(1, 0.8561176574092684)
(-1, -0.9657635189076624)
(-1, -0.5949239373819482)
(-1, -0.7340415478797669)
(-1, -0.7402555642550481)
(-1, -0.8037324458486759)
(-1, -0.6879085398869376)
(-1, -0.9549841656496278)
(0, 0.056396677921211974)
(1, 0.6236646591948388)
(-1, -0.2668986345959172)
(0, -0.07049766432177637)
(1, 0.4476413361320309)
(1, 0.6943395437031721)
(-1, -0.5650266804469318)
(-1, -0.531796926520603)
(-1, -0.32290043018271314)
(-1, -0.8270433238710618)
(1, 0.4702025367433702)
(0, -0.04482841495655969)
