(1, 0.22673895123792182)
(1, 0.5481029406406539)
(-1, -0.6400253039549155)
(-1, -0.8026496511614714)
(0, 0.2414336465206799)
(0, 0.211019094784186)
(-1, -0.43134525585711236)
(-1, -0.8980982859376119)
(-1, -0.6579531945813304)
(1, 0.46259853324271927)
(0, 0.3555067460909734)
(0, -0.3112421298894902)
(1, 0.7856231697136039)
(-1, -0.8847118041458396)
(-1, -0.9933684141027779)
(-1, -0.5952323222167857)
(-1, -0.9246914216577246)
(1, 0.9672313780826407)
(0, 0.10460583239673393)
(-1, -0.9454611376359836)
(-1, -0.09891101718994177)
(0, 0.019360355192086398)
(-1, -0.8274679020956623)
(-1, -0.4036603986387723)
(-1, -0.7651661044673738)
(1, 0.06166567748867274)
(1, 0.05902921949728579)
(-1, -0.14526513374635647)
(0, -0.06189820398629542)
(0, -0.00025914231094410946)
