(-1, -0.05764272095995959)
(0, -0.011197024921052845)
(1, 0.7016456267147893)
(1, 0.701609274789443)
(-1, -0.9282195432755219)
(1, 0.6005927313679928)
(0, -0.13240704610040407)
(-1, -0.6261595466555703)
(1, 0.03419962783866082)
(1, 0.6607192617573513)
(-1, -0.8180023235520355)
(0, -0.021660964173083594)
(0, 0.2004715009035406)
(-1, -0.6217712077538188)
(1, 0.47468246473055037)
(1, 0.9405225125436639)
(0, 0.10205695829502774)
(0, 0.24992451272181387)
(0, 0.17943348749584856)
(1, 0.5908448063759665)
(1, 0.6924376666779565)
(-1, -0.07903100097166954)
(0, -0.08217754034876618)
(1, 0.20119957192146495)
(0, 0.13649139394993626)
(1, 0.1770864044880744)
(0, -0.05375547230701854)
(0, -0.2035600883857558)
(0, -0.15162084875209186)
(0, -0.2008170630094108)
(0, -0.030760121982441754)
(0, -0.18765983239570705)
(-1, -0.4725622319416982)
(-1, -0.9969701178112936)
(1, 0.8210856250142003)
(0, -0.3524628168521634)
(1, 0.7951762812192986)
(1, 0.9692905885254498)
(-1, -0.10691195690717287)
(1, 0.7321143162646981)
(0, 0.17520639967227575)
(1, 0.06320275336665654)
(0, -0.06765460210613114)
