(0, -0.05233616535995938)
(1, 0.4260911259859465)
(0, -0.40030313391961986)
(0, -0.3110823843529238)
(-1, -0.1253982651884245)
(0, -0.02975231386030916)
(0, 0.0015413244065170806)
(0, 0.006658554507922092)
(0, 0.00958725106288355)
(0, -0.1441775959916196)
(0, 0.1335777032001237)
(-1, -0.5018528322939013)
(0, 0.1987062923629183)
(0, -0.3469774257237664)
(-1, -0.5812320421446981)
(1, 0.2732724878081112)
(0, 0.01125760107227032)
(0, -0.05855833947207567)
(0, 0.02357879680166631)
(0, 0.4198771117991871)
(0, 0.06713098495638337)
(0, 0.3528337452192548)
(1, 0.9980610120775361)
(1, 0.7098490094331322)
(0, 0.13309378154823742)
(0, 0.0559544885668166)
(-1, -0.01671452609842633)
(1, 0.3305102079958979)
(1, 0.6099824170197805)
(1, 0.8722600223590233)
(0, 0.1720298611004748)
(0, 0.0872363169708123)
(0, -0.16138842218293717)
(0, 0.1221074555004005)
(1, 0.6454654434096945)
(0, -0.08162911526986097)
(1, 0.7519217436513216)
(0, 0.22078797179921777)
(0, 0.24062939451115045)
(-1, -0.7038186079899388)
(1, 0.4260036264007797)
(-1, -0.34716522064504834)
(0, 0.03983576515616227)
(0, -0.039915488618904586)
(0, -0.08953742334554882)
