(-1, -0.21475220366330655)
(0, 0.19710906333190814)
(0, 0.1005032821417443)
(1, 0.9083934802785014)
(0, -0.3863958292598797)
(0, -0.04748859071114536)
(0, 0.3621708963614615)
(0, 0.08298859404221791)
(1, 0.5633791132733286)
(-1, -0.2510346201631957)
(0, 0.4503317440696786)
(0, -0.05402095367977677)
(0, -0.06769981852688968)
(-1, -0.15645996544610258)
(0, -0.015765493787327285)
(0, 0.01472928120554235)
(0, 0.011287570799648587)
(0, -0.09176661409509403)
(0, 0.18403785551915386)
(0, 0.02748061764698715)
(0, 0.005225842250891268)
(0, -0.030670907974647776)
(0, 0.03577744568987869)
(0, -0.06085213654720277)
(0, -0.02094858193705845)
(0, -0.06289663319740665)
(0, 0.10425800815117511)
(0, -0.18852751151194594)
(1, 0.6038386910438893)
(1, 0.5969071401947837)
(0, -0.15500922069971984)
(0, 0.013319463549211348)
(0, 0.018892280243869304)
(-1, -0.6018580941672528)
(1, 0.8637055640687151)
(0, -0.022819175474672354)
(1, 0.1386851927433695)
(0, -0.0628450203268831)
(1, 0.6554723856719047)
(0, 0.01575937068022948)
(1, 0.23784873665444284)
(-1, -0.1681041845337079)
(1, 0.38837860844257416)
(1, 0.9285276829754124)
(0, 0.033771471814468934)
(0, 0.04831237340298225)
