(1, 0.128863358039423)
(0, 0.05765880140011238)
(-1, -0.9695874780280468)
(0, -0.06589070177911163)
(-1, -0.006494345769532672)
(1, 0.34786353986991747)
(-1, -0.5624359858648182)
(0, 0.2742601866469412)
(1, 0.6110315322818677)
(1, 0.9156803594309723)
(0, 0.007217851305776568)
(0, 0.042859999359375005)
(0, -0.10357715020373855)
(0, 0.10729205770900169)
(-1, -0.8931130383404526)
(1, 0.8798044984778026)
(0, 0.23635154549048906)
(1, 0.3002650243016749)
(0, -0.1535604311670248)
(1, 0.9678512935762142)
(0, 0.18843125500689742)
(0, 0.07631111785929591)
(0, -0.1356164597660431)
(-1, -0.38024154606833577)
(-1, -0.10627688771399818)
(0, -0.00024329244312113656)
