(1, 0.9686287379945755)
(1, 0.574059437212977)
(-1, -0.46024973058997887)
(1, 0.8051387688765084)
(0, -0.11434451513563346)
(0, 0.045107428595959634)
(0, 0.12983918982653153)
(1, 0.805887973575072)
(1, 0.7288451839165639)
(-1, -0.5794072114153456)
(0, -0.05166863253509457)
(-1, -0.515068325706759)
(1, 0.5225845332980896)
(-1, -0.8979656742443555)
(0, 0.06477361403369325)
(0, -0.059911614899830226)
(0, 0.3655830995099427)
(0, 0.014827147505804043)
(0, 0.09266055035006882)
(0, 0.015241752370961585)
(0, -0.030989318167901615)
