(0, -0.3466070657752671)
(1, 0.8106591630907276)
(1, 0.5773226933048066)
(-1, -0.021613466410121462)
(1, 0.9275759560686331)
(0, 0.05263285563911467)
(1, 0.34164469566595196)
(-1, -0.8452950232329609)
(-1, -0.11349147445256558)
(1, 0.930831596170587)
(1, 0.608965769732356)
(0, 0.2450428807481211)
(1, 0.25233953184341357)
(-1, -0.6809203680399902)
(-1, -0.5808956773566536)
(1, 0.35077224899857995)
(1, 0.4027342034278173)
(-1, -0.5497719976725881)
(-1, -0.932172113419273)
(0, -0.06305964338823963)
(-1, -0.7617442572546851)
(1, 0.4679864526799318)
(1, 0.780306228765935)
(-1, -0.9920149848124231)
