(1, 0.9093504212918784)
(1, 0.8967835405929935)
(0, 0.030073133573371227)
(1, 0.5002019399113263)
(-1, -0.8233414042479373)
(-1, -0.48123093362312475)
(1, 0.9944659052792385)
(-1, -0.6175862535600475)
(-1, -0.9637993139143941)
(-1, -0.6235638362184522)
(0, -0.09206522527286759)
(1, 0.7616618611788621)
(-1, -0.8884889665091079)
(-1, -0.12778422353912555)
(1, 0.6973780372077999)
(1, 0.9981980712338778)
(1, 0.4720612146372369)
(1, 0.9642212375177307)
(0, -0.01875790195381606)
(0, -0.14295018934348794)
(0, -0.034497678344234464)
(1, 0.8108907967407805)
(0, 0.18156609053671105)
(-1, -0.6259724243448072)
(-1, -0.4877108273381894)
(-1, -0.03084879580191413)
