(-1, -0.3135551712573227)
(0, 0.3400822103411638)
(1, 0.8547751875908722)
(-1, -0.429414063558758)
(1, 0.11614156669949721)
(-1, -0.2412095897053419)
(1, 0.42304846528764767)
(1, 0.6906521621087898)
(1, 0.9197599111657033)
(0, -0.33311408066668957)
(-1, -0.6976977593001914)
(1, 0.6176574057902408)
(-1, -0.6829048984427082)
(-1, -0.3591503158375277)
(0, -0.060526928742502185)
(-1, -0.3754919776294446)
(-1, -0.43303411355398425)
(1, 0.2890386741715768)
(1, 0.2666089097324306)
(-1, -0.7041174139020179)
(0, 0.0011866138304666464)
(-1, -0.9806954588074536)
(1, 0.876722612768456)
(1, 0.8632363547798224)
(-1, -0.21468149781599488)
(-1, -0.3318376254394523)
(0, -0.3020434662765631)
(-1, -0.26451601085565307)
(0, -0.1393688576519983)
(0, -0.029616806947551345)
(0, -0.10339403548825243)
(-1, -0.449567112555371)
(0, 0.006519107105847272)
(0, -0.13801064500684174)
(-1, -0.4870658317605066)
(-1, -0.3628777097601435)
(-1, -0.21138007093496258)
(0, 0.29878910894262023)
(0, 0.23112761557453815)
(-1, -0.2668071857895662)
(0, -0.17143233845259856)
(-1, -0.6809224121248562)
(1, 0.7613794596239618)
(-1, -0.7895376414126948)
(-1, -0.2162996497911211)
(-1, -0.910697241500551)
(-1, -0.5830748228715885)
(-1, -0.028271958809953257)
(1, 0.7223204989287539)
(1, 0.5196697323156227)
(-1, -0.8572912782630197)
(-1, -0.910885649838507)
(-1, -0.845664229205631)
(1, 0.7160940690715526)
(0, -0.1568552968443283)
(0, 0.0922203106396015)
(-1, -0.9019240094248043)
(0, -0.24697776522486467)
(1, 0.17088659480084906)
(1, 0.3231107348296804)
(-1, -0.7027846912137351)
(-1, -0.8903948122515882)
(1, 0.37181845447918005)
(0, -0.1753148568144492)
(0, 0.025589218924948746)
(-1, -0.8919178073025325)
(0, 0.19200119261786797)
(0, -0.05235133371058734)
(0, -0.19524013656270334)
(-1, -0.11305873749768491)
(-1, -0.891457423484437)
(0, 0.04863716836978554)
(0, 0.007132106184502628)
(0, 0.002476481592624434)
