(-1, -0.15939427180995602)
(1, 0.4550835738116772)
(0, -0.03882667803282987)
(1, 0.5323031293600039)
(0, -0.10257302167069884)
(0, -0.04057975293221632)
(1, 0.8409140869582986)
(1, 0.5251511639837071)
(-1, -0.9424345383609057)
(0, -0.3691209377929842)
(0, 0.033059426011841475)
(1, 0.2410914737197335)
(-1, -0.5115369467997227)
(0, 0.02070663430700992)
(-1, -0.29235553283682225)
(-1, -0.5010131996404625)
(-1, -0.21440721951365205)
(-1, -0.43762699659138304)
(-1, -0.1800268453688344)
(0, 0.11626411861222616)
(0, -0.020537130929819403)
(0, 0.04579760356515092)
(0, 0.0689186439503075)
(0, -0.14743586371950618)
(0, 0.22949698893254988)
(0, 0.2602559510110477)
(0, 0.05806099760522902)
(0, 0.05349091913359179)
(1, 0.3718491020391464)
(0, -0.13020117137026757)
(0, 0.08105604735727714)
(0, -0.074889017683969)
(0, 0.09981140136840108)
(0, 0.23654374228881092)
(1, 0.29781683145720206)
(0, 0.06772889645012911)
(1, 0.8659497547998724)
(0, 0.29715568701956163)
(0, 0.16920632666501828)
(-1, -0.07722476884033291)
(-1, -0.72095930579557)
(0, 0.004001719752872002)
(0, -0.1820551518835936)
(-1, -0.4902322295787624)
(0, 0.25309385579344945)
(1, 0.0884795965252016)
(-1, -0.3973581953609209)
(0, -0.12821897698238188)
(0, -0.21209867227122486)
(1, 0.5495445085487953)
(1, 0.36601827258693365)
