(1, 0.29433847947539865)
(1, 0.9206295608650585)
(1, 0.9982601810635878)
(1, 0.9999798784989213)
(-1, -0.4404303944934087)
(0, 0.15888704937532935)
(0, -0.019952656305847687)
(1, 0.5766625989594332)
(1, 0.9277852778222482)
(0, 0.05301525253208064)
(0, -0.004711259644062618)
(0, -0.1884665674312689)
(0, -0.18019937110159992)
(0, 0.0011353722513488262)
(-1, -0.4124659501868491)
(1, 0.5442235920193387)
(1, 0.9720724003217656)
(1, 0.5391346949964082)
(1, 0.9204916234222557)
(1, 0.9116045110252227)
(1, 0.9859878489016185)
(0, -0.04579762532781029)
(0, 0.07125926693241545)
(0, 0.09127220385847232)
(0, 0.046904643161024745)
(0, 0.01533282315621922)
(0, 0.024774831760589398)
(0, 0.04686317727856154)
(1, 0.3856721251827754)
(0, 0.032692599904244536)
(1, 0.7654778507048775)
(0, 0.0375949177600979)
(-1, -0.2762655129953092)
(1, 0.858003517715344)
(1, 0.9900655638018732)
(-1, -0.7075831156444272)
(0, -0.0035121124896719813)
