(1, 0.06745124882009285)
(1, 0.29681951187482575)
(-1, -0.3796065010651969)
(-1, -0.5765197233847049)
(-1, -0.5982157325619307)
(0, -0.24930085510482614)
(1, 0.8997653219176788)
(-1, -0.3775727005779424)
(-1, -0.015274552259270713)
(-1, -0.5956411588052342)
(0, -0.37045915258315576)
(0, 0.006203636027590373)
(0, 0.05207350718973754)
(0, -0.07661680179948652)
(0, 0.09795065513758769)
(0, 0.01213721974335609)
(-1, -0.7471269709590291)
(-1, -0.6200989808366797)
(0, 0.088144132038154)
(0, -0.03301345201191641)
(-1, -0.6741120980350471)
(-1, -0.8760069599699887)
(-1, -0.3953052883929417)
(0, -0.047255081745161354)
(1, 0.884990349703466)
(1, 0.6878027494210502)
(1, 0.763846080839373)
(-1, -0.0643121571202695)
(-1, -0.9613466220068756)
(1, 0.7056244074220095)
(0, -0.1395663754344003)
(0, 0.009204090965274359)
(0, -0.22497316321116123)
(-1, -0.2670935036319344)
(-1, -0.4709176026222813)
(0, -0.0866682445445313)
(0, -0.28294136127641084)
(1, 0.20925720611198462)
(1, 0.9034155309551141)
(1, 0.3195368770286971)
(-1, -0.20818589980605662)
(1, 0.983126480492073)
(-1, -0.5087682964586646)
(-1, -0.16933155650294074)
(0, 0.11269011563724585)
(-1, -0.15439023734584523)
(-1, -0.3572737536014983)
(-1, -0.47678715761423907)
(1, 0.725242410275694)
(0, 0.051077144755057646)
(-1, -0.07991906838741186)
(1, 0.60970543084583)
(-1, -0.9504525245004876)
(-1, -0.22475926812971297)
(1, 0.4552787187798162)
(-1, -0.3666885910608813)
(0, 0.00525304743595232)
(0, -0.07613133306630263)
