(1, 0.8480230657699763)
(-1, -0.9574229343643004)
(-1, -0.7863718596894949)
(0, -0.17261865117171607)
(0, -0.07841630989322157)
(1, 0.966837793516224)
(1, 0.9398697470602887)
(0, 0.1715725528614196)
(-1, -0.43898707903174533)
(-1, -0.5122791533770049)
(0, -0.20517759534354624)
(0, 0.00956339186927832)
(1, 0.7159675923739451)
(-1, -0.6048105205738142)
(0, 0.021367287133585496)
(0, 0.17043679494309374)
(0, 0.07405910308138189)
(1, 0.46644206580927816)
(0, 0.16906537137031993)
(-1, -0.6784992591820113)
(1, 0.9507975282548254)
(0, 0.04594883368192165)
(0, 0.152953191723183)
(1, 0.9262899827241271)
(1, 0.1638698850298687)
(-1, -0.3444241239666745)
(-1, -0.11088353364664766)
(0, 0.14717880726003577)
(1, 0.5372159478466731)
(0, 0.06145269010282576)
(0, 0.0029588155645179897)
(0, -0.05124844826678843)
(-1, -0.1114124221952918)
(0, -0.2250458716963384)
(0, 0.006352310643833282)
(-1, -0.3055924079111143)
(-1, -0.5577677960815793)
(0, 0.020415919572911015)
(1, 0.4306258417635162)
(1, 0.0946607781709089)
(-1, -0.6842033178002734)
(-1, -0.6620848091080983)
(-1, -0.6493606968637825)
(0, -0.024053641900546596)
(0, 0.08537651375799017)
(-1, -0.13161786717914165)
(0, 0.13752085792256002)
