(0, 0.009398804842167686)
(1, 0.6633803172973552)
(0, 0.022932792623259556)
(0, 0.05022252700031432)
(1, 0.6451980073844796)
(1, 0.9888576571170363)
(1, 0.7450148040120952)
(0, -0.047010538022054925)
(1, 0.46834469802194534)
(1, 0.09448656208486111)
(-1, -0.8113276487317941)
(0, 0.16340110636426775)
(1, 0.7869807030594146)
(1, 0.39389450142677573)
(1, 0.9456923217890499)
(-1, -0.4266337100136306)
(0, 0.1593148740739418)
(1, 0.7937150541104342)
(0, 0.17049847848460792)
(0, -0.03367716708876077)
(0, -0.06902790189221403)
(-1, -0.9206660604777042)
(-1, -0.9038888717755463)
(0, -0.20509227126569865)
(-1, -0.9403445916111363)
(0, 0.33028308014784286)
(1, 0.4766503887587506)
(0, -0.20412390598948446)
(-1, -0.35215663657639806)
(0, -0.06870473749026695)
(0, -0.12083866455604071)
(1, 0.30640001175317083)
(0, -0.03998376680333464)
(1, 0.6000082991346491)
(-1, -0.4913336588635743)
(0, 0.002055224025239777)
(0, -0.3744932508739499)
(-1, -0.6068689270571799)
(0, -0.11006699208837575)
(-1, -0.009318754647712035)
(0, -0.1611228509289132)
