(1, 0.9272504896242082)
(-1, -0.7443490390775016)
(0, -0.13231048592814385)
(1, 0.20246832594131453)
(-1, -0.9184771043660396)
(1, 0.2381499484368882)
(1, 0.18738509513620394)
(1, 0.923552540624)
(-1, -0.9977144548119745)
(0, -0.0543784079861426)
(0, 0.13959894751799307)
(1, 0.34308468891503036)
(-1, -0.7819584298423864)
(-1, -0.01695797393739812)
(-1, -0.645046182969019)
(-1, -0.34857445635942974)
(-1, -0.9959441146291521)
(-1, -0.5895932568265403)
(-1, -0.39031372244064544)
(-1, -0.3813360629394514)
(-1, -0.1181635151501404)
(0, 0.050737207920636795)
(0, -0.3206936108785386)
(-1, -0.09525545787275341)
(-1, -0.17585873512569472)
(0, 0.16726932726549631)
(0, -0.2548738319828501)
(-1, -0.9818285494451446)
(0, -0.4178772064827608)
(-1, -0.20689164157139034)
(1, 0.07834406869230737)
(0, 0.06415093257774257)
(1, 0.5076050301707579)
(1, 0.13800254227725034)
(0, -0.20626170819928183)
(-1, -0.6120375297371479)
(-1, -0.9937011439082483)
(0, -0.029343280537015404)
(0, 0.10503718717194738)
(1, 0.6593040389932624)
(0, -0.009896101157751983)
(0, -0.04657454579847713)
(0, -0.04173819634188092)
(1, 0.8657559748788761)
(-1, -0.6198430431288006)
(-1, -0.6141978601014223)
(-1, -0.9513411542435997)
(1, 0.8472446266957864)
(-1, -0.8768861406583348)
(0, -0.09535028024321876)
(0, -0.007551437349232928)
