(0, -0.22923583544139745)
(1, 0.4942349731551946)
(0, 0.10536405078213668)
(0, 0.038236149899988706)
(0, 0.3741390028394591)
(1, 0.38780719453991175)
(0, -0.21654669648838126)
(0, -0.03830086572421082)
(1, 0.27372133895176365)
(1, 0.6156234469018786)
(0, 0.006875134417387969)
(0, 0.012524579214351683)
(-1, -0.5920615437808168)
(0, 0.23341755733773015)
(0, -0.17982107028692415)
(0, -0.026796413918857627)
(1, 0.7088161045047825)
(0, 0.005970371188396967)
(0, 0.215631300460766)
(0, 0.06377826826965902)
(1, 0.4494184396769225)
(0, 0.25280121828631824)
(0, 0.07008756002706967)
(0, -0.004224663363512132)
(0, -0.11832071743088102)
(1, 0.9027484692981231)
(-1, -0.3386455566792976)
(0, 0.18943623030534146)
(0, 0.010387446623932178)
(0, 0.013416180955815135)
(0, -0.017615526573371402)
(0, -0.03161246784767707)
(0, -0.15700024598121198)
(1, 0.3079225865449819)
(-1, -0.47805658216240277)
(0, 0.01673641313266292)
(0, 0.2800186184580766)
(-1, -0.11234816608772846)
(-1, -0.19530694817958427)
(0, -0.06260488496497037)
(0, -0.15296121504268037)
(0, -0.042208854450514845)
