(1, 0.19611070275099135)
(0, -0.07558286637365413)
(1, 0.9785041094407073)
(0, 0.05882368868274915)
(1, 0.8903721541617255)
(0, 0.3543668568181334)
(1, 0.7191275427941489)
(0, 0.2860420932672681)
(1, 0.5109475117994265)
(0, 0.3556968455708354)
(-1, -0.3852786817723278)
(0, 0.018410088926763324)
(0, 0.3594931950598936)
(0, -0.3243336143939679)
(0, -0.01897637375085498)
(1, 0.17963592027697034)
(-1, -0.5988785824798724)
(1, 0.010411167661808218)
(0, -0.0027085588455843758)
(-1, -0.5955072582260779)
(-1, -0.918437997348774)
(0, 0.10532990812243047)
(1, 0.5631904630618734)
(0, -0.052281418462801876)
(1, 0.9954199721513092)
(0, 0.1264299943102643)
(0, 0.2273112311709496)
(-1, -0.3244466563218196)
(0, -0.08762234773134264)
(1, 0.9819370728859181)
(-1, -0.8117345858230937)
(0, -0.05638646414236688)
(0, -0.2933578991997002)
(-1, -0.07557227079755086)
(1, 0.38111179008300855)
(-1, -0.758697294376689)
(1, 0.3695388611614952)
(-1, -0.36393314739171223)
(1, 0.810029532700407)
(0, 0.01544023876749833)
(0, -0.16827284054888614)
(-1, -0.4531662598371696)
(0, -0.0770493416819639)
