(-1, -0.8393378722464176)
(-1, -0.022122811535646658)
(-1, -0.9466646373353439)
(0, 0.4008725946972557)
(0, -0.023448012808383184)
(0, 0.13030491610163117)
(-1, -0.6531882554431357)
(-1, -0.5754380116694325)
(1, 0.8704435214470089)
(-1, -0.6620999028562042)
(0, -0.13421423210818692)
(-1, -0.08161677303954284)
(0, -0.23811664085399917)
(1, 0.6818262878620814)
(-1, -0.4606042989478118)
(-1, -0.6170867547090989)
(0, -0.010162855322112061)
(0, -0.05317591791321885)
(-1, -0.11682643781774948)
(1, 0.9051477658447649)
(1, 0.8206468740857468)
(0, 0.3102347584041646)
(-1, -0.7099011020817804)
(0, 0.09658053524578643)
(1, 0.18999808118455436)
(1, 0.8706433366659296)
(1, 0.3321046145071217)
(-1, -0.7589634631751244)
(-1, -0.5179083919597315)
(-1, -0.31907447402372335)
(-1, -0.7068709658774152)
(1, 0.4759516655513574)
(0, -0.007568910268246354)
(-1, -0.6504932632089587)
(1, 0.8583664793950846)
(-1, -0.5024739597794025)
(0, -0.030989318167901615)
