(1, 0.6368620613435952)
(-1, -0.5215580053436976)
(0, -0.11853873742342858)
(1, 0.5818967516377899)
(-1, -0.3813968117753938)
(0, -0.10507737747260185)
(-1, -0.049337490463995215)
(-1, -0.37903148065195424)
(-1, -0.8711319780889568)
(-1, -0.21511683534369758)
(1, 0.3286442763255178)
(-1, -0.018210912055447726)
(-1, -0.6024628364581087)
(-1, -0.7848886212060626)
(-1, -0.8763545612225369)
(0, -0.25855294772122506)
(-1, -0.9577576503171195)
(0, -0.20488332244640692)
(1, 0.33028020450400325)
(-1, -0.19100879704663637)
(1, 0.4163386073425659)
(-1, -0.1153276312265748)
(-1, -0.5174313174940139)
(-1, -0.9887990808208621)
(0, -0.14598439236089916)
(-1, -0.2296728468967027)
(1, 0.731513865724552)
(0, -0.23427626596853807)
(1, 0.34713239235335547)
(-1, -0.9914374717053371)
(1, 0.950148038291694)
(-1, -0.941582344527999)
(-1, -0.6152665988735816)
(0, 0.011821553048526716)
(-1, -0.3020435132317368)
(1, 0.3797027964131676)
(-1, -0.263832111041854)
(0, 0.2085959978863482)
(0, -0.08470032181508003)
