(1, 0.744106940642314)
(-1, -0.9683975845338779)
(-1, -0.2568954389355004)
(0, -0.27857573033848543)
(-1, -0.9881591718127857)
(-1, -0.6142362930143986)
(-1, -0.891602279584315)
(0, -0.15709444412115076)
(-1, -0.8221074496393053)
(0, -0.026471514794897386)
(-1, -0.7930958584809159)
(-1, -0.635841868284946)
(0, -0.2961522927383124)
(-1, -0.8416443803755008)
(-1, -0.28157732273261504)
(-1, -0.7977648542429371)
(1, 0.297879433038641)
(1, 0.7619321392558165)
(0, -0.06745839426315015)
(-1, -0.20628190488871523)
(-1, -0.5582963850084168)
(1, 0.15600387446265346)
(-1, -0.7831925435941964)
(-1, -0.9009208612886035)
(-1, -0.94025583699869)
(1, 0.30566971806648807)
(1, 0.6541879947727447)
(0, 0.17920995623246913)
(0, -0.205378618277437)
(-1, -0.8333978720448378)
(-1, -0.5073069014057369)
(-1, -0.24074106936820627)
(1, 0.17960373181989536)
(0, -0.07074442471807682)
(0, 0.021756798869322663)
