(1, 0.03551272956342616)
(1, 0.5047059929748198)
(0, -0.10209699250024236)
(1, 0.47903863663566826)
(-1, -0.24966786559826787)
(1, 0.3662083735315271)
(1, 0.960792537653823)
(-1, -0.6641940799352993)
(0, 0.040299016399648134)
(-1, -0.27619393489795074)
(0, -0.1464394059283489)
(-1, -0.36750347825163054)
(-1, -0.29853255199192685)
(0, -0.13715089322178625)
(0, -0.001955902756751742)
(0, -0.19466985061703082)
(-1, -0.3652096821325828)
(0, -0.3598735714162954)
(0, 0.018426738524921143)
(0, -0.04778550111386454)
(0, 0.27676203670900634)
(-1, -0.6653394307370474)
(0, 0.02507669453967927)
(0, 0.10106880337884819)
(0, -0.111057570119724)
(1, 0.03916213625315984)
(0, 0.028739673918000946)
(-1, -0.8082422780313219)
(0, 0.0628466896850334)
(1, 0.5761922374854381)
(-1, -0.4568207112988305)
(0, -0.1386090150423283)
(1, 0.7889906891016402)
(0, -0.08283807660950093)
(0, -0.15816584530816877)
(-1, -0.36831479974976694)
(-1, -0.5797772632145642)
(1, 0.24160841397467725)
(0, -0.14717623209370995)
(-1, -0.6255319402910665)
(-1, -0.5876710179398079)
(1, 0.2694653007125298)
(0, -0.038571794669093634)
(0, -0.3542066400536123)
(1, 0.6427299181035521)
(0, -0.017630717972060117)
(0, -0.042916482698843)
(0, -0.02144739483746061)
(-1, -0.5678328230067535)
(0, 0.2722235210691813)
(0, 0.42291151450838615)
