(-1, -0.25378405850352265)
(0, -0.19235453430398447)
(1, 0.4723970108086923)
(-1, -0.9042960339317868)
(0, 0.05720021184651979)
(0, -0.46793879992553006)
(1, 0.7716212695691365)
(0, -0.32212621651094037)
(1, 0.98625577106848)
(-1, -0.47021368053673085)
(-1, -0.7049834845173547)
(1, 0.44382307790821407)
(-1, -0.5891517952797641)
(0, 0.08192174230484897)
(0, 0.3223502594774268)
(1, 0.878040635328571)
(-1, -0.5300696315277535)
(1, 0.9558572725549438)
(0, 0.10738586157986299)
(1, 0.961981653850463)
(-1, -0.040373003314851996)
(0, 0.014686307391441777)
(1, 0.7774042608309938)
(1, 0.6287462174728778)
(1, 0.22478054287842408)
(1, 0.9997209823219164)
(-1, -0.8137541260102298)
(0, -0.255656815955188)
(0, -0.09008371430229592)
(1, 0.7357818923999854)
(-1, -0.9079926786641234)
(1, 0.2625070562861568)
(-1, -0.37935290152973916)
(1, 0.08416747043289258)
(-1, -0.5455554674070469)
(1, 0.7869529961563739)
(1, 0.31272366297681004)
(1, 0.8900819053233944)
(1, 0.30995077302861906)
(-1, -0.8484959920491546)
(1, 0.4223422787944496)
(0, -0.1282343094723243)
(-1, -0.3827102288311638)
(-1, -0.4019989979783317)
(-1, -0.5766737955498265)
(1, 0.11827709707786271)
(-1, -0.7849069784001294)
(-1, -0.6627235014102466)
(-1, -0.7184525811347888)
(-1, -0.5606300309464658)
(0, -0.26436462543491746)
(-1, -0.8026204855365588)
(1, 0.9259378555923201)
(0, 0.11547638652747211)
(-1, -0.9138851533832334)
(-1, -0.4905244447580859)
(-1, -0.8734471658610694)
(1, 0.6871051301142702)
(-1, -0.8322797294739451)
(0, -0.32214400289692857)
(-1, -0.5770005758962786)
(0, 0.025570660390780656)
(-1, -0.1734205239269651)
(-1, -0.5852928446456805)
(0, -0.0006419995985990634)
