(-1, -0.05661354035126781)
(0, 0.2889409237050794)
(1, 0.9849155042422287)
(0, -0.029461919035145147)
(1, 0.09449108044626159)
(-1, -0.9870143586484219)
(-1, -0.7231819230681956)
(1, 0.690208804116136)
(-1, -0.03568142535615382)
(1, 0.8809360547712759)
(0, 0.2304562620382739)
(1, 0.6106897260538744)
(0, 0.26908000626886114)
(1, 0.9977665470950339)
(1, 0.6213256988360429)
(1, 0.7387486818979225)
(-1, -0.4450669440957398)
(-1, -0.7404867288502406)
(-1, -0.7836242051633389)
(1, 0.3486929775673614)
(0, -0.38724131571765036)
(1, 0.3393321116488276)
(1, 0.21093649648304447)
(-1, -0.8779940604329192)
(0, -0.19386036919959337)
