(-1, -0.7518777647875486)
(0, -0.011972933712569175)
(-1, -0.9231226912960624)
(-1, -0.06293303070777345)
(-1, -0.08324881679432089)
(-1, -0.6663123381681679)
(1, 0.931765467722146)
(1, 0.19322436459590736)
(1, 0.9094232617379966)
(1, 0.7352631470834569)
(1, 0.6404616689022842)
(-1, -0.9077393883698968)
(0, -0.38564784018242826)
(0, -0.014776444202452714)
(0, 0.019517140109088227)
(1, 0.7537240810914213)
(-1, -0.6618741190195558)
(-1, -0.7010249456472408)
(0, -0.1457042787763087)
(-1, -0.4167818349119881)
(-1, -0.9354318190195038)
(-1, -0.7382947898259805)
(1, 0.4758578191470026)
(1, 0.7707107595951476)
(-1, -0.6464917917216986)
(0, -0.008600073050490348)
(1, 0.9811072824124331)
(-1, -0.9985987089989782)
(1, 0.9459062638716336)
(-1, -0.2583659218716415)
(0, 0.19434531600483476)
(0, 0.06213749010050737)
(-1, -0.8247725509327931)
(1, 0.5770798922413956)
(1, 0.353332891644872)
(-1, -0.588740699370858)
(0, -0.1489605081410817)
(0, 0.06067233242568215)
(-1, -0.607880323578468)
(-1, -0.2686089299431489)
(-1, -0.35901213672971505)
(-1, -0.2769397742090113)
(1, 0.5669116422330568)
(-1, -0.8388758730911194)
(0, 0.03216816782046403)
(0, -0.006714195321390119)
(-1, -0.2494209724407323)
(1, 0.07615446174469853)
(0, -0.18486745282951927)
(-1, -0.6023084685198613)
(0, -0.1306986417488522)
(1, 0.7490187372580648)
(-1, -0.8391875842245667)
(-1, -0.9072961107757718)
