(-1, -0.8551514865300731)
(-1, -0.6712540184487503)
(0, -0.06309435900894556)
(0, 0.059589716138556695)
(1, 0.2712236303668193)
(1, 0.6796979713815094)
(-1, -0.12464322907491132)
(-1, -0.7919247157937788)
(1, 0.3978249453723544)
(0, -0.37842336340969057)
(0, 0.023724173801603896)
(1, 0.9887791120678343)
(1, 0.6741415151369397)
(1, 0.3497578624879014)
(-1, -0.5129184999886753)
(0, -0.08215066524311783)
(1, 0.7205462837752645)
(-1, -0.21868708772272372)
(1, 0.9316335587882622)
(-1, -0.5617889826932748)
(1, 0.4990618881849603)
(1, 0.08128832216532206)
(0, -0.11755830231926764)
(0, 0.10378748186157809)
(-1, -0.529956552863797)
(-1, -0.20207364530477923)
(-1, -0.2032488910765443)
(0, 0.2288276833585023)
(1, 0.5389998779626627)
(1, 0.2660183180675665)
(-1, -0.4788987672509415)
(0, 0.03976943865521841)
(1, 0.6382342038347765)
(0, -0.24716165895847841)
(-1, -0.1708648119187628)
(0, 0.3429585573568006)
(0, -0.11581609466259993)
(0, -0.1351895996796094)
(0, -0.027428357267916925)
(1, 0.7980052894215715)
(-1, -0.39740302296242075)
(0, -0.12102569926106266)
(0, -0.027390144139012515)
(-1, -0.5895392718757266)
(0, -0.13919792699002767)
(0, 0.25607650079749134)
(-1, -0.6752337096117526)
(0, -0.21669077305666895)
(0, 0.011948754984305685)
(1, 0.7866111824784665)
(-1, -0.5437942450588524)
(1, 0.3495074422671235)
(0, -0.3140859557630159)
(0, 0.030126445336695007)
(0, -0.23818451325920434)
(-1, -0.5593665065728752)
(1, 0.2565395310142144)
(-1, -0.9643835895164017)
(0, -0.033573243593145966)
(0, 0.0840260169590521)
(-1, -0.3388865476235837)
(0, 0.0622305004831184)
(0, -0.20603786984249278)
(1, 0.03620706363741455)
(1, 0.958170607668818)
(-1, -0.09865660076167165)
(0, -0.1036094646305775)
(-1, -0.32788308736439475)
(-1, -0.8229678585011546)
(1, 0.1877068127235867)
(0, 0.3086324008899661)
(-1, -0.639526684303766)
(-1, -0.10883859520305178)
(1, 0.5426840789225048)
(1, 0.08979446261932383)
(1, 0.04705658100578464)
(-1, -0.1639214753720975)
(-1, -0.8096400030629206)
(-1, -0.8679213381542894)
(0, 0.30494521659085005)
(0, -0.24723899314885317)
(1, 0.38879642733104847)
(-1, -0.3955523994554105)
(0, -0.030725961050262873)
(1, 0.2787553109706735)
(1, 0.8848593386247551)
(0, -0.0007277890019527899)
