(-1, -0.16071157601101377)
(1, 0.5527763800550889)
(1, 0.44212494973960603)
(1, 0.4605393200767044)
(1, 0.30593371060707997)
(0, 0.011192871692208176)
(1, 0.3038690206678897)
(1, 0.42765608592651716)
(0, -0.06765460210613114)
(1, 0.7584855113057483)
(-1, -0.35161309349024433)
(0, 0.1512906694025267)
(1, 0.7399446729053155)
(0, 0.06432009040408487)
(0, 0.01399163513145673)
(1, 0.5560673321763155)
(0, 0.05688244072397072)
(0, 0.03927268528704296)
(0, 0.04054122265683149)
(1, 0.47694372976667926)
(1, 0.311735216471415)
(-1, -0.768660460784927)
(0, 0.15726659986943003)
(0, -0.4442925950477039)
(-1, -0.8153396259071061)
(0, -0.0039293223777106395)
(0, -0.18813850094332257)
(-1, -0.2177589295441978)
(1, 0.17814021202105024)
(-1, -0.10441635679868949)
(1, 0.6864598271736813)
(-1, -0.37650478462246206)
(-1, -0.19743395927839147)
(0, 0.12881953521881734)
(-1, -0.3938057814333361)
(0, 0.17672570403908333)
(-1, -0.6523610672100467)
(0, 0.059978602347398685)
(-1, -0.2165316537674603)
(-1, -0.0015276205516660535)
(-1, -0.626068154700149)
(-1, -0.07154647353390348)
(0, 0.004696136139689278)
(-1, -0.28664069256120367)
(-1, -0.4914189860492769)
(0, -0.028262647627612797)
(0, -0.03525223785825329)
(1, 0.16880133767078304)
(1, 0.5638375414039116)
(-1, -0.6256352314176407)
(-1, -0.8602712163773791)
(-1, -0.39060971332972005)
(-1, -0.7322587128215376)
(-1, -0.49567896844475134)
(0, -0.029452515815985264)
(0, -0.03662055897405916)
(0, -0.03062170425017391)
(1, 0.6637623049339605)
(-1, -0.8486034609607853)
(-1, -0.29976547198695075)
(0, 0.1732212074290786)
(-1, -0.8831763256699148)
(-1, -0.9431844128642046)
(-1, -0.11535382609831585)
(-1, -0.6813317458303554)
(-1, -0.9555070891214851)
(-1, -0.5143833961057145)
(-1, -0.8139901186222722)
(0, -0.23926215818532076)
(0, -0.2023347095203348)
(0, 0.015725285530206634)
(1, 0.6470592299921116)
(-1, -0.3361781753654789)
(0, -0.20091110345239943)
(-1, -0.7172210360299391)
(0, -0.21993605155730478)
(0, 0.1239098577163924)
(-1, -0.9077182038249441)
(0, -0.16347325504387678)
(-1, -0.19782268953166762)
(-1, -0.7303627282469555)
(-1, -0.9556136107115237)
(-1, -0.4575268145830102)
(1, 0.48771959587800373)
(1, 0.663461507875827)
(0, -0.0030368681821270616)
(0, 0.33728590010831433)
(0, -0.19940100816554518)
(0, 0.05535885937315527)
(0, -0.13928368499163502)
(0, -0.29268280657588835)
(0, 0.044777398210023744)
(0, 0.19575543313166618)
(0, -0.3212409671421644)
(0, -0.08836044729565849)
(0, 0.0032514688678884907)
(0, 0.027198881318031137)
(0, 0.3304648032332889)
(0, -0.01700847039391251)
(0, -0.05868621342857572)
(-1, -0.7254710365542887)
(-1, -0.555484830018473)
(0, -0.0114966130975937)
(-1, -0.9691358381212293)
(1, 0.6635023809435703)
(-1, -0.3203570592137291)
(0, 0.1243721816324268)
(0, 0.38929044360612364)
(0, -0.024655588484812897)
(0, 0.15603981781065338)
(0, -0.1446967537900234)
(-1, -0.3972726575795394)
(-1, -0.9640864909790595)
(-1, -0.6175890390390212)
(1, 0.565058635670655)
(-1, -0.5133213693511254)
(1, 0.3549049685184808)
(0, 0.031214948277758992)
(0, 0.060203719705502395)
(0, -0.2879741258237803)
(1, 0.14978611918495066)
(0, 0.1965867093554679)
(0, -0.06765460210613114)
