(-1, -0.6750923231889773)
(0, -0.3764118530289719)
(-1, -0.644681638743252)
(-1, -0.29172539972027567)
(0, -0.12918439238868495)
(0, -0.18129739776572776)
(1, 0.6928727580630706)
(1, 0.9579586700681048)
(0, -0.06127060146615454)
(1, 0.04338754447127863)
(0, 0.13017122025902494)
(1, 0.26099144104945826)
(-1, -0.754936126702524)
(0, 0.11866441656530631)
(-1, -0.9173144886670693)
(-1, -0.5376483018491048)
(0, 0.15048129013724015)
(0, -0.2270062669212484)
(-1, -0.7133855937547349)
(-1, -0.622922864303576)
(-1, -0.7582582132141099)
(-1, -0.7311145818779491)
(-1, -0.44018485237159255)
(-1, -0.6789100455700117)
(-1, -0.3994314438278158)
(0, 0.015215927993066293)
(-1, -0.4803848588948839)
(-1, -0.6281477205736354)
(-1, -0.6278958619830683)
(0, -0.21832629720339614)
(1, 0.4235605638481894)
(-1, -0.6416073826384449)
(-1, -0.9878166855160062)
(1, 0.8032870477998886)
(0, -0.09838288260009936)
(0, -0.11921159427324464)
(0, -0.13619694657781048)
(-1, -0.9951001804589127)
(-1, -0.6234196714252803)
(-1, -0.6633252012347739)
(1, 0.6193963976203309)
(-1, -0.9013721447779547)
(-1, -0.42165813137270947)
(-1, -0.9315858439661264)
(-1, -0.16062199687584616)
(-1, -0.0071555466934437595)
(-1, -0.4858082723838266)
(0, 0.022351254635240483)
(0, -0.06833562650476058)
