(-1, -0.44778716623938897)
(1, 0.8246827989708831)
(1, 0.4836974617540421)
(1, 0.9111639790028225)
(0, 0.2667612351242757)
(0, -0.003945148177942108)
(1, 0.5018148295657722)
(-1, -0.9455677997488783)
(-1, -0.9994966655289618)
(1, 0.7968628481796932)
(0, -0.05264116673497751)
(-1, -0.9604621856486765)
(1, 0.7660944544434208)
(0, 0.007862849764270652)
(1, 0.4636095841390297)
(-1, -0.5878027720344765)
(-1, -0.23905606254549155)
(1, 0.6583225764503033)
(-1, -0.9627635115448561)
(1, 0.9592731048560761)
(-1, -0.7498390443635337)
(1, 0.8738677414169908)
(0, 0.0826561959290951)
(0, -0.012363039108116123)
(0, 0.002433083956827411)
(1, 0.9513235949796703)
(0, -0.14978764076254764)
(-1, -0.2396565946072335)
(0, 0.03770537799724405)
(-1, -0.44988406197190745)
(-1, -0.9121298438805377)
(-1, -0.6992592749662082)
(0, -0.10626564781051223)
(0, -0.007895576150446434)
