(0, 0.20160518898772958)
(0, 0.28036152291967986)
(0, 0.14545758904215347)
(1, 0.8922060554466005)
(0, -0.10783081576923687)
(1, 0.53212130427992)
(1, 0.53956998397425)
(-1, -0.7385574681987082)
(0, 0.07840001441819656)
(0, 0.3198067738444449)
(1, 0.9672866077556648)
(1, 0.6269905418224162)
(1, 0.8509077065362459)
(0, 0.4375465245336057)
(-1, -0.5462610386902349)
(0, 0.10126242840047275)
(0, -0.0016968834105493599)
(0, 0.052900882226393886)
(0, -0.05358339578183434)
(0, 0.02730916178824406)
(0, -0.19819898359795549)
(1, 0.38686683090258256)
(0, 0.028082588413719238)
(-1, -0.8167088159441152)
(1, 0.983867695261214)
(0, -0.10186012833912031)
(0, 0.16828780979424293)
(1, 0.36448557913056734)
(0, 0.24287939816257625)
(1, 0.8756406526538196)
(0, 0.1575675461509341)
(0, 0.2144594695536643)
(0, 0.12595394046272607)
(0, 0.009202083545936908)
(0, -0.04997322215203551)
(1, 0.8750139493830308)
(-1, -0.32630280409386664)
(0, 0.004052010548441742)
(0, 0.019901214347679375)
(0, 0.009522124800024744)
