(1, 0.8931161563904231)
(0, 0.006441839615417194)
(-1, -0.2849466143848062)
(1, 0.034057180993895986)
(1, 0.370420537031174)
(1, 0.9587145935058878)
(1, 0.7362716715292429)
(-1, -0.5476011248957142)
(-1, -0.31608471734672794)
(0, -0.019161161989927192)
(1, 0.47924379032037423)
(-1, -0.85006425259184)
(-1, -0.8787278570732967)
(1, 0.20015016345176645)
(-1, -0.9961936286360169)
(1, 0.16474200288278557)
(1, 0.8049850241331736)
(1, 0.6390067275031899)
(0, -0.31384521635832474)
(1, 0.41578845530546626)
(-1, -0.2529369229249969)
(1, 0.48036038365041944)
(1, 0.5929041187834253)
(1, 0.7376974594156045)
(1, 0.02775030802781553)
(-1, -0.3941849170860613)
(0, 0.05098060544785896)
(1, 0.706847651745209)
(0, 0.33336788876055107)
(0, 0.17250980231316657)
(1, 0.5651612676752151)
(1, 0.45312513511437474)
(1, 0.7492319051995296)
(0, -0.0766529081797297)
