(0, 0.32373652821532883)
(0, 0.0362264243340263)
(0, -0.04804752308297515)
(0, -0.10047429612529263)
(0, 0.01466811446816342)
(1, 0.9559265287743448)
(0, 0.2882020293847393)
(0, -0.006412446235450064)
(1, 0.9609780466475039)
(0, -0.04699835279714887)
(0, 0.0796861169314467)
(-1, -0.9812067930966231)
(1, 0.1759453833258524)
(1, 0.6746672470799845)
(1, 0.33802066522132723)
(-1, -0.4626710925557252)
(-1, -0.14283310902916235)
(0, 0.057863392548875715)
(0, -0.0340536370646498)
(0, 0.30952882865736897)
(-1, -0.4294416694546879)
(0, 0.081065603827485)
(1, 0.28443399906293965)
(-1, -0.4568028789940852)
(0, 0.09654893069771261)
(0, 0.21359774118185773)
(0, 0.04587504802023176)
(1, 0.7606841175544651)
(0, 0.3544292975307701)
(0, 0.10388108378847283)
(0, 0.02795086787455381)
(0, 0.337292190671594)
(1, 0.5386556862782763)
(0, -0.04078153079005849)
(0, -0.06592472705358592)
(-1, -0.659822864082866)
(-1, -0.9300143506932735)
(0, 0.10413992190635565)
(1, 0.3897857818826506)
(-1, -0.7955019275053559)
(-1, -0.5762917287204102)
(1, 0.30927840160225495)
(0, 0.0365024881871742)
(0, -0.013883444211297485)
(1, 0.9403402571706656)
(-1, -0.850923444188796)
(0, -0.14492236761862315)
(1, 0.5380712231830151)
(-1, -0.5910262110043318)
(0, 0.035478124694777534)
(-1, -0.699438815175051)
(0, -0.049383345737200934)
(0, -0.1470514157777478)
(-1, -0.7596495527082846)
(-1, -0.23051033375086888)
(1, 0.918009716935635)
(1, 0.9649159661980862)
(1, 0.4641162431841317)
(-1, -0.45671212084363144)
(1, 0.5174795147418099)
(0, -0.1788365660610002)
(0, 0.10717741199410173)
(0, -0.15509584921531863)
(1, 0.998454807404449)
(-1, -0.7113076439040015)
(1, 0.20215435306284485)
(-1, -0.9987981299667188)
(1, 0.8200213334444405)
(-1, -0.9052197078133406)
(-1, -0.9898202651640162)
(1, 0.6774221615213679)
(1, 0.8899629811615143)
