(0, 0.04182388454554012)
(0, 0.03379144507777668)
(1, 0.831874603684402)
(-1, -0.8380905976807393)
(1, 0.7443881492404325)
(0, -0.02892093590356773)
(0, -0.20558762329282593)
(-1, -0.48795432420253837)
(-1, -0.48956593102639984)
(-1, -0.5366136835616178)
(-1, -0.5330661114485415)
(0, -0.06786807783182244)
(0, 0.003536046637558181)
(-1, -0.9262223049296462)
(-1, -0.049860620715917126)
(-1, -0.16066925517369435)
(-1, -0.679394513276262)
(0, 0.3375747697103405)
(-1, -0.40289982086619663)
(-1, -0.06366131292228056)
(0, -0.040138349794745204)
(0, 0.02464161601863507)
(1, 0.372718952408283)
(-1, -0.673932499784363)
(0, -0.16363189465305736)
(1, 0.6460540361006119)
(-1, -0.6289093503022204)
(-1, -0.03543949872511748)
(-1, -0.983933695387118)
(0, -0.01735394678745525)
(0, -0.06326882720398522)
(-1, -0.4327288187893845)
