(0, 0.023284614101862153)
(-1, -0.28110578723719104)
(0, 0.004209017703303484)
(0, -0.11163378376536784)
(-1, -0.43595670430628747)
(0, -0.04014192843176215)
(0, -0.034088653413589104)
(1, 0.4506530444195965)
(0, -0.2834547144979423)
(0, -0.047786244109111434)
(0, -0.006851155332088341)
(1, 0.4276695522048777)
(0, 0.0027853884466616016)
(0, 0.14279812245448287)
(-1, -0.545476107888389)
(-1, -0.6919537794543611)
(0, 0.03148325139822658)
(0, 0.029825313585552547)
(0, 0.27055802471628587)
(0, -0.08878705361844502)
(0, 0.050075721229685635)
(0, 0.13900985674495187)
(0, 0.1087857805082063)
(0, 0.09195252142429627)
(0, -0.16716515796598444)
(-1, -0.7482219935109392)
(0, -0.10333672812793795)
(0, -0.11500395310817339)
(0, -0.02869046942092352)
(0, -0.039908333703175716)
(0, 0.1823285714950823)
(0, 0.2988454914374289)
(0, 0.022335750978315735)
(0, 0.029317738117504627)
(0, 0.07021437919207643)
(0, -0.2474631751575394)
(0, 0.22330362944669138)
(0, 0.24898947590210824)
(0, -0.15436996314343662)
(-1, -0.15390201942995346)
(1, 0.6131688817288353)
(1, 0.33191689917851336)
(1, 0.7567952114742655)
(0, -0.17179799609379345)
(0, -0.018901793209015257)
(0, -0.05315928772692895)
(-1, -0.34963741163731005)
(0, -0.03792002204613415)
(0, 0.07550674746469238)
(0, -0.003924103436765465)
(0, 0.06291140521075649)
(0, 0.08921055611671735)
(0, -0.006140945390858231)
(0, 0.015166797785229148)
