(1, 0.8351909047461535)
(-1, -0.6564216181219726)
(-1, -0.9839541447114175)
(-1, -0.7807603814362674)
(-1, -0.24623816264795695)
(1, 0.047496249529170365)
(-1, -0.9477360170165519)
(1, 0.21487324941035807)
(0, -0.3127862295900331)
(-1, -0.777311032183025)
(0, -0.18348034018088089)
(0, -0.0882652446625237)
(0, 0.032164701701865105)
(-1, -0.15283809039024027)
(-1, -0.8129396395966072)
(1, 0.5374572889200198)
(-1, -0.11541182930701871)
(-1, -0.6091610522738091)
(1, 0.7625087376545366)
(1, 0.15436064797235216)
(1, 0.06843713777574684)
(-1, -0.9846313152179186)
(-1, -0.38699912079622545)
(-1, -0.842028160959698)
(-1, -0.9416901303622656)
(-1, -0.7665771950825278)
(-1, -0.4955666684739881)
(0, -0.13702549190940053)
(0, -0.0015845585701511206)
(-1, -0.7915264053740294)
(1, 0.16835360911339037)
(-1, -0.9783037349355046)
(-1, -0.6438801862235131)
(-1, -0.6080655697069899)
(-1, -0.5246058820871475)
(-1, -0.9977168904410506)
(0, 0.019975091256166637)
(-1, -0.14290466969042248)
(-1, -0.6143996213573915)
(-1, -0.8008432366258449)
(-1, -0.4141631206632327)
(-1, -0.3666053265005827)
(-1, -0.71590873582236)
(0, 0.0918415456159674)
(0, -0.03542803794200711)
(0, 0.11472424931245409)
(0, 0.0043066341532072595)
(1, 0.0974219122141956)
(0, -0.005675244829182302)
