(1, 0.007893490246568324)
(1, 0.09246342853961237)
(1, 0.3221776431434029)
(0, -0.39878042590472945)
(-1, -0.9917216003367234)
(0, -0.05775337877118889)
(1, 0.21370812143400245)
(-1, -0.8609847315781334)
(-1, -0.44873729248937794)
(0, -0.10191125178163057)
(-1, -0.5049388472464721)
(-1, -0.5247260471644195)
(0, -0.04823203653668165)
(0, 0.0340731076051487)
(0, -0.115811867868635)
(-1, -0.9249236544222363)
(-1, -0.35505564216238134)
(1, 0.5401134768509346)
(-1, -0.7697121853475619)
(-1, -0.8988300067915516)
(1, 0.17914741975875498)
(0, -0.1425867967513053)
