(1, 0.43919910784120886)
(1, 0.280495588248073)
(-1, -0.8738126203750209)
(1, 0.29942534148382427)
(-1, -0.36479943961359784)
(0, 0.046506598035543745)
(-1, -0.72631809439781)
(-1, -0.14787715996259732)
(1, 0.5058444077002057)
(1, 0.9075628598006584)
(1, 0.8815134402130157)
(-1, -0.9450638571999861)
(-1, -0.7509143326878597)
(-1, -0.7824703907999648)
(0, 0.10133518778063545)
(0, -0.07142207357244373)
(1, 0.3179188787914812)
(1, 0.7803379931350972)
(-1, -0.7201558709444177)
(-1, -0.24876786629314052)
(1, 0.9755259006722851)
(0, -0.30028933355981713)
(0, -0.35305047434265724)
(-1, -0.8648182523480571)
(0, -0.11968306722073528)
(1, 0.14498835462335802)
(-1, -0.915990091463859)
(-1, -0.9823278998392732)
(-1, -0.5758375362534885)
(0, 0.04202271969128281)
