(-1, -0.05356765971204125)
(0, 0.048212978083579064)
(1, 0.5417544808601573)
(-1, -0.9715303471123689)
(0, -0.2652393447198473)
(0, -0.10099458550060562)
(0, -0.34331262570604026)
(-1, -0.8008490527156328)
(-1, -0.3085940781774228)
(0, 0.017093539299949233)
(1, 0.5245103886454884)
(-1, -0.5354442047229626)
(-1, -0.6680225027559915)
(-1, -0.5760674959841037)
(0, -0.22679787766201287)
(0, 0.29362175056686934)
(0, -0.1960116921428548)
(1, 0.013932317532946603)
(-1, -0.7905814237232304)
(1, 0.9300444000369354)
(-1, -0.5847374666988654)
(0, -0.09309936107461071)
(0, 0.08995332382170192)
(1, 0.37032756537806855)
(-1, -0.14958749713809522)
(0, 0.040690941599987825)
(1, 0.3909339725720142)
(-1, -0.39750130754880847)
(1, 0.9716905702549351)
(0, 0.22883441980582142)
(-1, -0.5277350017956333)
(0, 0.08290654855049429)
(-1, -0.7020712620930857)
(1, 0.10182680304519076)
(-1, -0.5567516262190472)
(0, 0.1873841754644079)
(0, -0.44341762608890806)
(0, 0.10447416164518983)
(-1, -0.5968999758397293)
(-1, -0.9549014884382482)
(-1, -0.3544791015310374)
(1, 0.7167479696505727)
(0, 0.21054200852168492)
(0, 0.16811122208444812)
(0, -0.10793650194660798)
(0, 0.379984453937456)
(0, 0.0095974636034475)
(1, 0.5472035646296541)
(1, 0.6227790862676987)
(-1, -0.4674813785805499)
(1, 0.8590460881022889)
(0, 0.018734946287153803)
(0, -0.026948759870039474)
(-1, -0.30403328079142095)
(-1, -0.7932201594657096)
(0, -0.001931307539846841)
(-1, -0.13357867959228942)
(1, 0.8651263876361812)
(-1, -0.6500769919430675)
(0, -0.09454185710678059)
(-1, -0.8724813459507933)
(-1, -0.6588377760230967)
(-1, -0.9510734144070647)
(0, -0.1523095607382961)
(-1, -0.5792202936733302)
(1, 0.7469231882334484)
(-1, -0.915807119706434)
(0, 0.03822734019398258)
(0, -0.030442290855671017)
(0, 0.2266911526853615)
(0, -0.3778420496668763)
(0, -0.018443476932675673)
(-1, -0.801427496623961)
(0, -0.12003779899753317)
(-1, -0.8361495584357264)
(1, 0.8232035997197207)
(-1, -0.1934479629216435)
(1, 0.7080551665635932)
(1, 0.43956738570854015)
(0, 0.18246628752321875)
(-1, -0.6479017599988974)
(0, 0.017542610018502353)
(0, -0.037007009456229284)
(0, 0.020267045123105426)
