(0, 0.13282084949833411)
(-1, -0.9391356767121156)
(1, 0.8349791611115653)
(1, 0.9899704395683268)
(1, 0.963935090783784)
(1, 0.8545112928207492)
(0, -0.20503488452627827)
(0, -0.3916689698859105)
(-1, -0.3449453824745822)
(0, 0.11814382463806486)
(-1, -0.5917034489747202)
(0, 0.13826238133429558)
(-1, -0.8845628162552605)
(1, 0.7861048746579726)
(0, 0.014787756422292464)
(-1, -0.44622964766601103)
(1, 0.4434957167619267)
(1, 0.6465261838306482)
(1, 0.4393029263227127)
(0, -0.055768024098355774)
(1, 0.4699273406677293)
(0, -0.005550560484152332)
(1, 0.28990749567700796)
(0, 0.00486387706294739)
(1, 0.9841305328310385)
(1, 0.39623569733218983)
(-1, -0.7363453007756635)
(0, -0.05134445968486989)
(1, 0.4757690805312654)
(0, 0.1287479635720523)
(0, -0.04417433602248)
(0, 0.03383192178294005)
(1, 0.2039133621097698)
(0, 0.18470927387963385)
(1, 0.5179240227772356)
(1, 0.11949831926804921)
(0, -0.019787318161388255)
(0, 0.11774175554150677)
(1, 0.8758846447115638)
(-1, -0.9621578969501792)
(0, 0.12991596390673243)
(1, 0.651968722167878)
(0, 0.014746018994708024)
(0, 0.013894383704328044)
(0, 0.0017249784805354208)
(1, 0.7745418617684284)
(0, -0.02193431790183538)
(-1, -0.5420923469731693)
(1, 0.566306675715349)
(0, 0.08569954776194419)
(0, -0.0020655709825528404)
(-1, -0.5393610026162458)
(-1, -0.9724040511994679)
(-1, -0.8471487076061596)
(1, 0.6596472042891189)
(-1, -0.6237525486999317)
(0, -0.04566125959730738)
(-1, -0.6698205463450607)
(-1, -0.8355605350550876)
(0, -0.15942559375087317)
(1, 0.12543091287993924)
(-1, -0.9560763971965924)
(0, -0.2481746716716254)
(0, -0.3732295885391772)
(-1, -0.7233311996495535)
(-1, -0.7916024001216341)
(-1, -0.8664063683858803)
(-1, -0.447291451897119)
(0, -0.20433111662505832)
(1, 0.6136887805645724)
(1, 0.29145611465755217)
(-1, -0.9492473682944125)
(-1, -0.21139921908355014)
(0, -0.15645398645496883)
(0, -0.12253468508577739)
(1, 0.6910879365806347)
(-1, -0.4236373774674816)
(-1, -0.8467198595937766)
(1, 0.39093209099696136)
(-1, -0.8561468266340218)
(0, -0.0665504732720614)
(0, 0.1703664321534084)
(1, 0.8410582070270479)
(-1, -0.5130176430327783)
(0, 0.0026841672863153142)
(1, 0.7278407234587168)
(1, 0.39963070570547427)
(-1, -0.10178626837413801)
(0, -0.002276076967578644)
(1, 0.4088822255846981)
(1, 0.06767123934610147)
(0, -0.08331526715749593)
(-1, -0.8906215584974602)
(-1, -0.41487392882657914)
(-1, -0.8296638050305137)
(-1, -0.9176034139506655)
(1, 0.3449570589999817)
(0, -0.03986522223755951)
(-1, -0.7864161787535947)
(1, 0.283056023947837)
(-1, -0.8544719621044848)
(-1, -0.5864689441297241)
(-1, -0.7171929542942381)
(0, 0.03123000292858215)
(1, 0.856552955129854)
(-1, -0.8358870078164732)
(-1, -0.7583305981051681)
(-1, -0.8586210880669376)
(0, -0.3692414695960645)
(0, -0.029672671675106954)
(0, 0.048667332375400184)
