(-1, -0.37153821197579373)
(1, 0.7400075469448374)
(1, 0.9508485090750054)
(1, 0.32533216382588365)
(1, 0.9775835179470763)
(1, 0.628916095964376)
(1, 0.6219837071897106)
(1, 0.6287907093093519)
(1, 0.5486547108083112)
(0, -0.2599571276503517)
(1, 0.8909009551714486)
(1, 0.02961187453677594)
(1, 0.5856221916892499)
(1, 0.3571548854907436)
(-1, -0.8092504080076515)
(1, 0.8389035757273279)
(-1, -0.023636300444766334)
(0, 0.10652650657354344)
(1, 0.373234503694006)
(1, 0.9760251474882078)
(1, 0.6490813531451879)
(-1, -0.6552798592726136)
(-1, -0.12621693343858387)
(0, -0.024452374643888913)
(0, 0.06443820761306848)
(0, 0.15038287235360498)
(1, 0.5545006042594907)
(-1, -0.03139179924809471)
(1, 0.7079412624047581)
(1, 0.7718062580870257)
(-1, -0.31821266035015955)
(-1, -0.13874041002095544)
(0, 0.0009834323266640545)
