(-1, -0.6986984292550323)
(-1, -0.5084178624756651)
(1, 0.6907568416396528)
(-1, -0.3642710375806613)
(-1, -0.43058528944916713)
(-1, -0.9274550997842705)
(1, 0.14477207636520695)
(-1, -0.83616871434178)
(0, 0.3176325029779604)
(0, 0.058915870385199076)
(1, 0.6818811871763071)
(0, -0.05745893274027561)
(1, 0.728610459044151)
(-1, -0.6912970157491821)
(0, -0.02104290268049469)
(1, 0.8341201300304373)
(-1, -0.24918480956197264)
(-1, -0.7387578292326363)
(-1, -0.6113805787836685)
(1, 0.33499401004966023)
(-1, -0.7480440442731563)
(0, -0.3819177318035251)
(-1, -0.7724209834453788)
(1, 0.37182513060673017)
(-1, -0.29779737271862217)
(-1, -0.759403391883223)
(0, 0.0007450183588799258)
(-1, -0.9543221174673939)
(-1, -0.8818214294200143)
(1, 0.4125380895379973)
(1, 0.3211958394960188)
(0, -0.11964043821096704)
(-1, -0.5610761512551259)
(-1, -0.13076742531740593)
(1, 0.7869838497452685)
(1, 0.6868563980396285)
(0, -0.06765460210613114)
(1, 0.03217579865726283)
(0, -0.3926171939171441)
(-1, -0.663344554497206)
(1, 0.25189319426177625)
(-1, -0.8251130404345407)
(-1, -0.6436029637356556)
(0, 0.0787810499794121)
(1, 0.9550147360721214)
(0, -0.028006441689997913)
(0, -0.06765460210613114)
(1, 0.9311808224672501)
(-1, -0.21562523761101343)
(0, -0.1674896420486454)
(1, 0.5839700071981276)
(-1, -0.8453968453149906)
(0, -0.11734212301241648)
(-1, -0.7814161763304148)
(-1, -0.35996699067241555)
(-1, -0.6598135073036612)
(1, 0.857621519858022)
(1, 0.7940247768386889)
(-1, -0.5945033610771081)
(1, 0.004950665533677012)
(-1, -0.4958421745759717)
