(0, 0.10037799691332276)
(-1, -0.7746315281852817)
(1, 0.8821480103564838)
(0, -0.022526387274014625)
(0, 0.22136494390553163)
(-1, -0.7825255013396636)
(-1, -0.12154427353188474)
(1, 0.7917940353845219)
(0, 0.3621802043413732)
(1, 0.39343792021693613)
(-1, -0.513386989020173)
(0, 0.24169042036645144)
(1, 0.5751534750964052)
(0, 0.2740541927756657)
(0, -0.011404386606207753)
(1, 0.3532806546419236)
(1, 0.131733935389023)
(1, 0.507082179565106)
(-1, -0.5268895379393342)
(1, 0.9075828804778181)
(1, 0.8808223198399324)
(1, 0.9248007896755946)
(0, -0.13507903040114708)
(1, 0.6840740614318211)
(1, 0.5875549858469558)
(0, 0.03967220412360398)
(0, 0.030061576869996998)
(1, 0.9723715663412106)
(1, 0.6320471306477599)
(-1, -0.8829536140555418)
(1, 0.8317984513606846)
(0, -0.08488036390667228)
(1, 0.23244511245442434)
(0, -0.029976709217566608)
(0, 0.010641801900851136)
(1, 0.6449908646814309)
(0, 0.24911938829505548)
(1, 0.10261122062376771)
(-1, -0.0834402570285736)
(-1, -0.5917615767692407)
(1, 0.6119895638169974)
(0, 0.09647621672489126)
(0, -0.3078792402669527)
(1, 0.7500645326001945)
(-1, -0.25381979542015093)
(0, -0.35650349202830034)
(1, 0.05160156061716059)
(0, 0.032621787034047195)
(0, -0.006287164725804706)
(0, 0.006098413096559539)
