(0, -0.08806022557262526)
(1, 0.7680228527519926)
(1, 0.08729951313782969)
(1, 0.674407073097204)
(-1, -0.8324780532571483)
(1, 0.17498883659881992)
(1, 0.5838792271460929)
(0, 0.4808349226257124)
(0, -0.16645683485785437)
(1, 0.9049444380176942)
(0, 0.0738867216198576)
(1, 0.7103798788272832)
(0, 0.0832490952539704)
(-1, -0.26031419830464175)
(-1, -0.03038729086834152)
(-1, -0.3784311913855729)
(-1, -0.6365097997816017)
(1, 0.861284191310902)
(1, 0.3781439663090348)
(1, 0.692537516669156)
(1, 0.6076127964879333)
(1, 0.9730411884323791)
(1, 0.5162067978771037)
(-1, -0.8766280648478005)
(1, 0.6354707097569147)
(-1, -0.7820567017568504)
