(1, 0.014256989762214789)
(-1, -0.7513879772256545)
(-1, -0.5892483850319985)
(-1, -0.4607525171306345)
(-1, -0.8506455900839922)
(-1, -0.40562774656057354)
(-1, -0.022840180443810976)
(-1, -0.37939581233789177)
(0, -0.17636518560465547)
(0, 0.3849921516034571)
(0, 0.06730226342449383)
(0, 0.1505156736268408)
(0, 0.059727354525299745)
(0, -0.41551315497564373)
(-1, -0.48764620952443694)
(0, 0.37926312349520674)
(1, 0.858627721946216)
(1, 0.9243863600345127)
(0, -0.23354824698176163)
(-1, -0.31593820889816593)
(0, -0.1577008879868925)
(0, -0.005295767093595843)
(1, 0.26260132210913306)
(-1, -0.5317967764276772)
(0, -0.1672233733988585)
(1, 0.9118196601910029)
(1, 0.5340395497036304)
(-1, -0.7534430148200046)
(-1, -0.40573598976789593)
(-1, -0.9239010108890362)
(1, 0.1365918050004038)
(-1, -0.9602670095929429)
(0, 0.06732926192778227)
(0, -0.4130234006269956)
(1, 0.7133413842690357)
(0, -0.11882184608949162)
(1, 0.8882551206171984)
(1, 0.6120159285693311)
(0, -0.05550653063611004)
(0, 0.3831602409526086)
(1, 0.5517796096158963)
(1, 0.1805852470159771)
(-1, -0.44961929319999316)
(-1, -0.9783142246078396)
(-1, -0.6384833082695672)
(-1, -0.13548841507624743)
(-1, -0.975146066893825)
(-1, -0.9115425965868457)
(0, 0.22324753376170897)
(1, 0.4606582089474587)
(1, 0.8522093803387394)
(0, -0.17168206535347497)
(1, 0.8534804263622345)
(-1, -0.908261469286557)
(-1, -0.5268986753528904)
(-1, -0.08282488885020328)
(-1, -0.31723673065551183)
(1, 0.5047681942536026)
(0, 0.14914423575561295)
(0, -0.06573851801276825)
(0, -0.005448742731370949)
(0, 0.07381843046068287)
(-1, -0.43851580614732244)
(-1, -0.3878055840574195)
(-1, -0.04336319041748227)
(1, 0.9589501554425995)
(-1, -0.5408070023106049)
(1, 0.39575853244661463)
(0, -0.32747638352120906)
(1, 0.5841302298684539)
(0, 0.05510182205944561)
(1, 0.5410372027529238)
(-1, -0.3014075587610092)
(1, 0.60817224032166)
(-1, -0.6856000547945309)
(0, -0.3056111095196827)
(0, 0.04691671527444255)
(0, 0.22908636092305795)
(0, 0.0703763408056845)
(0, 0.10776119672182463)
(1, 0.13819520515213551)
(0, 0.08833174294678257)
(-1, -0.17571807767639502)
(0, -0.05223691778658616)
(1, 0.24709543551772817)
(0, -0.19917081189985866)
(-1, -0.6251249397983959)
(-1, -0.15648217968719919)
(1, 0.7601005540119843)
(0, 0.15172852197365347)
(-1, -0.7026777411865132)
(0, -0.03235826818683901)
(1, 0.5360105872994021)
(0, 0.009896722691831162)
(0, 0.07595591906592555)
(0, 0.3302159246575156)
(0, 0.16901510589718996)
(0, 0.14680647075972642)
(1, 0.29387465161112425)
(1, 0.9449546150846319)
(-1, -0.5858794584633715)
(0, 0.22385640057828177)
(-1, -0.1490572549532927)
(0, 0.14020250933195263)
(0, -0.08682426511509739)
(0, 0.004318487412298816)
(-1, -0.6273626099123724)
(-1, -0.6249706461383329)
(-1, -0.8431270926794244)
(0, 0.1423168689617339)
(0, -0.13162980611894792)
(1, 0.7483834226644365)
(-1, -0.4269967551345626)
(0, 0.007913873362789023)
(0, 0.08186478202574365)
(-1, -0.6145113278098528)
(1, 0.613511508210844)
(-1, -0.6589310423044088)
(1, 0.6749499418886908)
(-1, -0.9975842685878898)
(0, -0.04434005128667593)
(1, 0.5797406370726913)
(-1, -0.3271916137354615)
(-1, -0.9823458139448014)
(-1, -0.5417715755519946)
(-1, -0.5495288707071452)
(0, 0.007329341189180466)
(0, -0.14694494144169493)
(0, 0.005299129543209866)
(0, 0.04090538905767087)
(1, 0.21405174957972262)
(1, 0.3830489024597322)
(0, 0.2118383643863002)
(-1, -0.1915953097072587)
(1, 0.15001148173226125)
(0, 0.14035952394782242)
(-1, -0.7705336796517929)
(-1, -0.8858205997085463)
(-1, -0.4949462895873548)
(0, -0.25900933759807704)
(-1, -0.45402674483435335)
(1, 0.699708324677419)
(0, 0.40343556922882695)
(-1, -0.14766094032829374)
(-1, -0.47258508951887135)
(1, 0.3766510050966771)
(0, 0.34533595334606054)
(-1, -0.857952189442116)
(-1, -0.06380331260136612)
(-1, -0.7971605167083236)
(0, 0.002357966766903613)
(0, 0.0001912238728459248)
(0, -0.11604641083894707)
(0, 0.011577272767377522)
(0, 0.08965226806170279)
(-1, -0.6338380786474773)
(-1, -0.9085726961116292)
(0, -0.001314223660154129)
(-1, -0.03787039574013429)
(-1, -0.3649343728345373)
(-1, -0.4331474257303002)
(1, 0.1815056869287887)
(-1, -0.3670434730387484)
(0, 0.02251949145513878)
