(1, 0.3856134566662916)
(1, 0.619584941809558)
(-1, -0.7134597980391437)
(1, 0.7864704444865926)
(0, -0.15639716298313336)
(1, 0.9761480272886196)
(0, 0.2317882732282741)
(0, 0.03135953580391594)
(0, 0.011519318058607588)
(0, -0.0968089265271064)
(1, 0.5210190351354657)
(1, 0.8475398089904546)
(0, -0.11938847726061355)
(1, 0.7913740649873134)
(1, 0.9981561464238154)
(-1, -0.49035571889670787)
(0, 0.018384307039976202)
(0, 0.09880843296968227)
(0, -0.270918957615617)
(1, 0.7449439267280359)
(0, 0.29875860414792843)
(-1, -0.5132013087837453)
(1, 0.45240907822858756)
(-1, -0.9702194049333104)
(-1, -0.38045016547100746)
(0, 0.3236285281099842)
(-1, -0.9533161298100029)
(-1, -0.836253429376745)
(1, 0.9511634420684669)
(-1, -0.7811204629822681)
(1, 0.14419376220056984)
(1, 0.9591893939917355)
(-1, -0.48769467269605504)
(1, 0.9554125230183352)
(-1, -0.5320614819718759)
(-1, -0.2159663238496049)
(1, 0.8464972160385495)
(-1, -0.07661870365382939)
(-1, -0.8071728582666318)
(-1, -0.18991037966847168)
(-1, -0.49130151220170537)
(0, -0.07074442471807682)
(0, 0.021756798869322663)
