(0, 0.186627049061335)
(1, 0.5165288917522277)
(1, 0.21640700077120023)
(0, -0.0014907182875546392)
(1, 0.8792633276218074)
(0, -0.0050763082613325475)
(-1, -0.4675980303238039)
(1, 0.6209539360954485)
(0, 0.049513022176831664)
(1, 0.974699589879325)
(1, 0.7800429296398701)
(0, 0.03576190696907959)
(-1, -0.26138702313982265)
(1, 0.6536176938954197)
(1, 0.9729696960104004)
(0, 0.15578893006868055)
(1, 0.6972942318810589)
(1, 0.45949371613913104)
(0, 0.00436186205089243)
(0, 0.3644238603155012)
(0, 0.04714684214847416)
(0, -0.2688586104228884)
(0, -0.00684409977050876)
(0, 0.1901147093573091)
(0, 0.29554285045012263)
(0, 0.023014885260660506)
(0, 0.035472251196908854)
(1, 0.7611420292893024)
(0, 0.11588172887978501)
(-1, -0.02540564348664165)
(0, -0.12322648530780078)
(0, -0.36520787468416077)
