(-1, -0.8259144761882148)
(-1, -0.957036205499098)
(-1, -0.9605902249706271)
(-1, -0.7834958612897978)
(1, 0.7045877896426878)
(1, 0.8829417245377218)
(-1, -0.9729895401584651)
(1, 0.6100801560259783)
(-1, -0.8550189934768245)
(1, 0.3537595191546743)
(-1, -0.27883401526061136)
(0, 0.023739879379602175)
(-1, -0.9753357751024982)
(-1, -0.6291861824154312)
(-1, -0.6731465626133679)
(-1, -0.4519595454036949)
(-1, -0.9346617489332971)
(1, 0.5305926259782123)
(-1, -0.5395287834488243)
(0, -0.044055225266284005)
(0, -0.02727065341653863)
