(1, 0.32730554446785143)
(0, 0.16392036204465174)
(-1, -0.935405616293169)
(1, 0.3414869570267108)
(1, 0.5382688983291617)
(-1, -0.2520334923245406)
(0, -0.07714818537014995)
(0, -0.23709960885536513)
(-1, -0.9665505263501397)
(0, -0.31522428879706016)
(1, 0.15157579393366905)
(1, 0.29851046320060726)
(-1, -0.3250484788191469)
(-1, -0.8035807562884173)
(-1, -0.7810394354784211)
(1, 0.7241973246012687)
(1, 0.12263466970361248)
(0, 0.20212426304711326)
(0, -0.07571708127090912)
(-1, -0.9988609573287083)
(0, 0.04475243557616648)
(0, -0.33245309532242184)
(0, -0.0840846693602748)
(-1, -0.8925688067479606)
(1, 0.02413473027809493)
(-1, -0.5478714337400173)
(1, 0.12327794176190782)
(1, 0.1968777400869595)
(-1, -0.908713735778247)
(-1, -0.9977450970885593)
(0, 0.06471566555524014)
(1, 0.9715755154546143)
(-1, -0.552657668373977)
(-1, -0.6500741702885605)
(0, -0.08309190435534108)
(0, 0.1693768097186681)
(1, 0.9989174104321902)
(0, -0.10458057059654037)
(-1, -0.11337694662070819)
(0, -0.11312183569338591)
(0, -0.16753273784893613)
(1, 0.713194280400903)
(-1, -0.1597960483095403)
(-1, -0.8770881975465238)
(0, 0.019670472204774858)
(1, 0.4059727199465034)
(1, 0.6507779892872564)
(0, 0.4044701349202214)
(-1, -0.6761906948714759)
(0, -0.1561724367260064)
(-1, -0.25445103098025085)
(-1, -0.9740233491247603)
(1, 0.2601164866909631)
(-1, -0.4100126316482586)
(-1, -0.3421528387945971)
(1, 0.7478567850999694)
(-1, -0.9732783312399395)
(0, -0.02298883891131276)
(0, -0.005903077251328005)
(0, -0.05430794408035972)
(-1, -0.2214618678850221)
(0, -0.012095332585841275)
