(-1, -0.9305888961562786)
(-1, -0.6189454846164545)
(-1, -0.8463273767166316)
(-1, -0.3368945390591442)
(1, 0.3278435782166861)
(1, 0.596451181797973)
(1, 0.4771120933782137)
(-1, -0.831199277215838)
(-1, -0.5767080050648014)
(-1, -0.947711502968413)
(-1, -0.05512909430683327)
(-1, -0.10738938997323305)
(0, 0.04153778627475978)
(-1, -0.5611047603229338)
(0, -0.19624717129215702)
(0, -0.019507775536972152)
(1, 0.03281210006480423)
(0, 0.2831173808546108)
(1, 0.8458507376431919)
(1, 0.46953286428032515)
(-1, -0.5318637856611348)
(-1, -0.9774683629715698)
(1, 0.429257414730387)
(1, 0.30978810234993576)
(0, 0.02948208022882662)
(1, 0.7083853604656695)
(1, 0.7483515268795216)
(-1, -0.012991383560883363)
(-1, -0.033480977796122025)
(1, 0.5365121889640592)
