(1, 0.8513229371207365)
(-1, -0.057583247128139836)
(-1, -0.6513068043695348)
(-1, -0.8748426880867559)
(1, 0.36648290709221537)
(-1, -0.9946261006556837)
(-1, -0.9324121297670094)
(-1, -0.4868032859845858)
(-1, -0.9438086465131715)
(0, -0.04453735319601053)
(0, -0.1906030077947809)
(-1, -0.9260505963377677)
(-1, -0.4083650409539168)
(-1, -0.6811615553203069)
(1, 0.968252520019232)
(-1, -0.16719617598774328)
(0, -0.01714731347407615)
(1, 0.39426121943281817)
(0, 0.23104660309718014)
(-1, -0.5915855366648717)
(-1, -0.07607554922858895)
(-1, -0.9756013303965171)
(-1, -0.7005127089490424)
(-1, -0.5021870057178937)
(-1, -0.9209500120505929)
(-1, -0.42414974796622334)
(-1, -0.05073418078442077)
(1, 0.3915577244397761)
(1, 0.034453518957696216)
(0, -0.043141246880465944)
(0, -0.06636928658223384)
(1, 0.8455556684200628)
(-1, -0.5136854985421704)
(0, -0.0730646824622711)
(-1, -0.36450742170451633)
(0, -0.036229215024570494)
(1, 0.12125305732576686)
(0, 0.002197864033348362)
(0, -0.024053641900546596)
(0, -0.04733629584000894)
(-1, -0.08637687578147957)
(0, 0.02095059650046502)
