(-1, -0.2981711439617667)
(-1, -0.8673216092082281)
(1, 0.6573780544284294)
(1, 0.8390370955462685)
(0, 0.14629398345971378)
(1, 0.8343764930276515)
(1, 0.8195950383717747)
(-1, -0.9332007293969289)
(0, 0.13846365136440927)
(0, 0.006982508530043891)
(0, -0.14916153641902583)
(0, 0.2369660910161187)
(0, -0.07520524733838624)
(0, 0.023083534325459502)
(0, 0.03895288496223538)
(-1, -0.5023947821994992)
(1, 0.41191360253845616)
(1, 0.752401867508413)
(0, -0.17352923678965393)
(-1, -0.5426848659544322)
(1, 0.8476100005869023)
(0, 0.002653486972802599)
(0, -0.03169164456929626)
(0, -0.427078001541545)
(-1, -0.9514775713108785)
(0, 0.22383697361268018)
(0, 0.010811405533657115)
(0, 0.3570087461579075)
(0, -0.009966776391638954)
(1, 0.08864920133006526)
(-1, -0.9091946311820183)
(1, 0.014515315221837022)
(1, 0.2552282038707162)
(0, 0.054623366570029086)
(0, -0.09730283715320776)
(-1, -0.5083026153865053)
(0, 0.1835584783165917)
(-1, -0.0185543096439712)
(0, 0.18657227693114592)
(1, 0.9343358767085368)
(-1, -0.6496220370196991)
(-1, -0.49994837433694767)
(0, -0.06760004107739048)
(1, 0.9835952625372306)
(0, 0.08161774887348619)
(0, -0.34773652807934385)
(-1, -0.7030091328861934)
(-1, -0.9792042268826008)
(0, 0.00525304743595232)
(0, -0.06016925368535115)
