(0, 0.07777379110010682)
(1, 0.9822133628516144)
(1, 0.6929528910229323)
(1, 0.986708010922153)
(1, 0.9961799053015278)
(1, 0.9819802111910586)
(1, 0.37155054416402716)
(1, 0.5669795388051946)
(1, 0.9855265020001156)
(1, 0.42902328625188424)
(1, 0.9575073749463928)
(1, 0.8606455970516841)
(1, 0.988208742165052)
(0, 0.32838670590556035)
(-1, -0.6418116228971832)
(1, 0.7312016834246384)
(0, -0.06577444012491802)
(1, 0.8537332460389058)
(1, 0.5878389568021074)
(-1, -0.44808172390906265)
(0, -0.20404442377202145)
(1, 0.4907707952325122)
(-1, -0.39153874064404715)
(-1, -0.3910948193437128)
(0, 0.0002074034133457631)
(1, 0.928114272654436)
(0, 0.00991212574608475)
