(0, 0.12431462997535148)
(0, -0.20507226591450292)
(1, 0.8430538185774875)
(0, 0.26440859375663267)
(0, -0.15752067704660205)
(1, 0.5205004343976196)
(1, 0.9871526117933309)
(0, 0.11461313806527842)
(1, 0.7834008831402863)
(0, -0.07261966147726134)
(1, 0.5274150674624505)
(0, -0.2588403201706846)
(1, 0.8284177509528906)
(-1, -0.7851951487261214)
(0, -0.02821447468734889)
(0, -0.020883973813785206)
(0, 0.14276018639575927)
(0, 0.03821117090720086)
(1, 0.5329178069199448)
(1, 0.4932173382445074)
(1, 0.45961394084058466)
(0, -0.20719496149326355)
(0, 0.2441681554590444)
(-1, -0.595836478947803)
(-1, -0.9928638478721968)
(-1, -0.48741620020395754)
(-1, -0.9525445520761845)
(-1, -0.5816746722904401)
(-1, -0.9913694649340261)
(0, 0.04143378450470154)
(1, 0.1757516373058322)
(0, 0.20567888498743733)
(0, -0.15293955105311952)
(-1, -0.17571807767639502)
(0, 0.023939009217881044)
(-1, -0.5157424133578695)
(0, -0.2703761541885039)
(0, 0.0018236291763279039)
(1, 0.12084009861354661)
(1, 0.5121942598367002)
(1, 0.43481231511664475)
(0, 0.20919434867716918)
(0, -0.1291542541793991)
(0, 0.4383392377557777)
(0, 0.11202658177994237)
(-1, -0.5265880949324798)
(1, 0.7400065736294361)
(0, 0.0015374475208179996)
(-1, -0.6863572587538619)
(-1, -0.34085462559594015)
(0, -0.02216853041502735)
(0, -0.04304589168551296)
(-1, -0.7577207626220444)
(-1, -0.15743306249265587)
(-1, -0.5570030555470008)
(0, -0.13728390160104847)
(0, -0.01733691413838262)
(0, -0.21352330371856879)
(-1, -0.0649257551504312)
(0, -0.35375627292923173)
