(1, 0.7665737519008632)
(0, -0.06787274579925826)
(0, 0.007245958707850983)
(0, -0.05022322313416473)
(0, -0.08987931623341835)
(0, 0.24314592804543492)
(0, -0.0792557536682659)
(-1, -0.9552253074794446)
(0, -0.1734737497014902)
(1, 0.08934092230940549)
(0, -0.024896649216371462)
(-1, -0.9105252396732075)
(1, 0.42206102878792917)
(0, -0.09077440800251689)
(1, 0.6853642060635963)
(-1, -0.9574890733857325)
(0, 0.29733372236314365)
(1, 0.7205958752543619)
(-1, -0.6993674346865809)
(-1, -0.5650518929096552)
(0, -0.10184415744612373)
(-1, -0.5320152812082586)
(-1, -0.46347394507031925)
(-1, -0.7146982494774762)
(-1, -0.7687721521525936)
(1, 0.7559766870604682)
(-1, -0.9252545737345549)
(-1, -0.7509531737039807)
(1, 0.4995061082051417)
(1, 0.7394200679937513)
(-1, -0.7114301065189319)
(0, 0.25941672666803145)
(-1, -0.5448315258821664)
(1, 0.7243196541720258)
(1, 0.7926644764386437)
(-1, -0.23229354277742637)
(0, 0.03055310398746687)
(0, 0.05043667603139847)
(0, 0.21972819778753655)
