(-1, -0.8259763133843383)
(1, 0.5156041713822935)
(0, -0.001745455171404689)
(0, -0.12265564620883354)
(0, 0.021148593146376155)
(0, 0.04293560684703411)
(1, 0.5087883035349214)
(0, 0.14786891011263928)
(0, 0.021323649784100368)
(0, 0.30909968455914966)
(0, -0.011186451796733915)
(0, 0.08860817502413293)
(1, 0.36888550873592507)
(1, 0.7995582102790233)
(1, 0.7412888858531362)
(0, 0.010164920675862221)
(1, 0.5284090425262205)
(1, 0.7324357454050021)
(1, 0.962099533013398)
(1, 0.15659174347915167)
(1, 0.6341140712824487)
(1, 0.8072810687865188)
(1, 0.5450655280013327)
(0, -0.11369687845023982)
(0, -0.3417594731534617)
(0, 0.02385845617688993)
(1, 0.9736745153510192)
(0, 0.011125870674873334)
(1, 0.498904519365146)
(0, -0.27764381532468924)
(0, 0.00834906769984476)
(1, 0.3907908926426465)
(1, 0.9175867684406114)
(1, 0.9026183961377783)
(0, 0.08702993104036738)
(0, 0.13628225056864923)
(0, 0.0026559673909535546)
(0, 0.006503045839135198)
(0, -0.006057318286019828)
