(1, 0.6007921803371125)
(1, 0.7261671535095111)
(0, -0.00025473369750528274)
(1, 0.7631547269933325)
(0, 0.021116628533521233)
(1, 0.964690538923694)
(1, 0.3755433232727391)
(1, 0.47283480456303684)
(1, 0.7115576544459039)
(1, 0.4337067186663638)
(0, 0.11269250306156807)
(1, 0.9955991220928586)
(0, -0.12817291831541844)
(0, 0.35737674632994565)
(0, 0.39317426127519867)
(0, 0.011390833438168555)
(-1, -0.10625248728037762)
(1, 0.6893708146261224)
(0, 0.02327900168557834)
(0, 0.08440190766979719)
(0, 0.019901214347679375)
(0, 0.011688352635371855)
