(0, -0.23447355514284673)
(0, 0.27148644305867115)
(1, 0.7979178561012188)
(1, 0.4250568240007393)
(-1, -0.45316316244110244)
(1, 0.22328147327584558)
(0, 0.20510731851691852)
(-1, -0.8481477067260914)
(1, 0.6303997451639152)
(0, -0.15582877428595285)
(1, 0.361874510993321)
(1, 0.49659290017812413)
(0, 0.1248239212408555)
(0, 0.30168729146928897)
(0, -0.06295600903915784)
(1, 0.8104723427667408)
(0, -0.06765460210613114)
(1, 0.9523957227340203)
(0, 0.08341544741778656)
(-1, -0.6185548581175933)
(1, 0.36018200730252053)
(-1, -0.3604134086501301)
(-1, -0.4483764963064233)
(0, 0.010763498564553664)
(-1, -0.6969327930274348)
(0, -0.18686232927539817)
(1, 0.9249847797593846)
(-1, -0.7491670849207144)
(-1, -0.49972300717806506)
(-1, -0.5955077630989167)
(-1, -0.34559872574363026)
(-1, -0.22744772834274238)
(1, 0.5431278872332207)
(0, -0.10717075444845037)
(1, 0.7837898222979472)
(-1, -0.5393425590667869)
(1, 0.4232877262860894)
(-1, -0.8858778340036)
(1, 0.5031073353167136)
(1, 0.2159644919600769)
(-1, -0.04149751442131244)
(1, 0.5639918337875374)
(-1, -0.6568173748998112)
(1, 0.8179703997478645)
(0, -0.3083895752319675)
(-1, -0.4856055560067747)
(1, 0.23915829755956583)
(0, 0.02788136094916705)
(-1, -0.47844888973719385)
(-1, -0.49667145412066965)
(-1, -0.8876901298318769)
(-1, -0.3832855797210666)
(0, 0.017616950351338104)
(1, 0.38184928827402037)
(0, -0.02135723553424665)
(1, 0.7453464943964603)
(-1, -0.36310981643817547)
(-1, -0.10326958651617424)
(-1, -0.7334080183595857)
(1, 0.7169461715133602)
(0, -0.10412401313527445)
(0, 0.033159063543365855)
(0, 0.02036028524792429)
(-1, -0.32566297821963147)
(0, -0.05841768964883591)
(0, 0.14368948977816365)
(0, 0.2045404021830442)
(1, 0.3005197276688)
(1, 0.9657691589589308)
(-1, -0.4053212772905155)
(-1, -0.7160191984274873)
(1, 0.9243991617675165)
(-1, -0.04850741716262663)
(0, 0.1372784919192183)
(0, 0.02629319783060896)
(0, 0.027744671566236334)
(0, 0.07312554269563673)
