(-1, -0.11452061588310541)
(0, -0.10970841198970836)
(0, 0.36913797472891474)
(0, -0.024542653224972115)
(1, 0.8420433666310218)
(1, 0.28747353503377693)
(0, -0.058506924875101174)
(1, 0.9429812064787364)
(0, 0.19321386390353917)
(0, -0.11494929994345765)
(0, 0.32310196806787117)
(1, 0.4103656077291975)
(-1, -0.615902684155907)
(1, 0.6693726915919938)
(-1, -0.626717053421134)
(-1, -0.9747771455393797)
(0, -0.14304623674110672)
(0, -0.4050325476320604)
(-1, -0.9422565217357434)
(0, -0.2852964258848548)
(-1, -0.7765956279240096)
(0, -0.21737664987521918)
(-1, -0.38274830130810983)
(0, -0.24970413872068373)
(-1, -0.40081548433208214)
(0, -0.21518953740129448)
