(1, 0.549353043354774)
(1, 0.27128972890341563)
(0, 0.05868558179227745)
(-1, -0.6815692393880894)
(-1, -0.8637890982960621)
(0, -0.022766034385318996)
(0, -0.2257218560336206)
(-1, -0.36536635271393086)
(-1, -0.39966395316650133)
(0, 0.061302895549549284)
(1, 0.4927291220977521)
(0, 0.0026964577469476485)
(0, -0.33236237275983577)
(1, 0.715106837479827)
(1, 0.950112223111188)
(0, 0.1251371142680179)
(0, -0.10093844334056556)
(0, 0.031202046398727604)
(0, -0.1289264398366537)
(-1, -0.7542632541986118)
(1, 0.5922233571878908)
(-1, -0.9094228333669586)
(-1, -0.7758473412635449)
(0, -2.861010760153514e-06)
