(-1, -0.7607072760080128)
(-1, -0.8623901096299276)
(-1, -0.5731239334122601)
(0, 0.12918034619131602)
(0, -0.25805689502831997)
(1, 0.12240785690135553)
(1, 0.9527962145913308)
(-1, -0.3068742438641271)
(0, 0.004365395441324443)
(0, 0.09689714833624233)
(-1, -0.34488635740641066)
(1, 0.2187203508200935)
(1, 0.702945166271679)
(-1, -0.8469084008160391)
(1, 0.38884750960799164)
(-1, -0.770977594490307)
(0, -0.04618750497697571)
(-1, -0.8680778420048182)
(1, 0.4499113075010537)
(-1, -0.037813191287521086)
(1, 0.9433724582472331)
(-1, -0.9292752879013849)
(-1, -0.35994595794063183)
(0, -0.019720512087717863)
(1, 0.8895247715627363)
(0, 0.0556514667986769)
(0, -0.005418870948045908)
(0, -0.046047431650212384)
(0, -0.06436712870625283)
(0, -0.0582964278207512)
(1, 0.7049739391897906)
(1, 0.796175033794581)
(0, 0.2933284051249219)
(0, -0.021966649301574964)
(0, -0.09341082207574812)
(-1, -0.9718112628278036)
(1, 0.15337104459463502)
(-1, -0.524943854598521)
(0, 0.28326287343368967)
(-1, -0.8019438026285022)
(-1, -0.6581077679614105)
(-1, -0.8020717140704424)
(-1, -0.3615411442957994)
(-1, -0.7943271625530929)
(1, 0.45252291652988813)
(-1, -0.8783618946295395)
(-1, -0.3386589557812457)
(1, 0.8784589878675639)
(1, 0.3170970332387181)
(0, -0.02354564453492529)
(0, -0.20643260041856276)
(-1, -0.5386547652645126)
(0, -0.053076080151524194)
(0, -0.1648771678727411)
(0, -0.06765460210613114)
