(-1, -0.725660602264289)
(-1, -0.48728365486213854)
(0, -0.23036733336820742)
(-1, -0.8581138903182108)
(-1, -0.7042425919743786)
(1, 0.6272984586161056)
(0, 0.05689189043896324)
(-1, -0.13903588830331137)
(-1, -0.00489041975111798)
(-1, -0.5810747148952862)
(0, -0.03531194335678503)
(-1, -0.0020602164672872125)
(0, -0.03829526485067294)
(0, 0.04318164118791503)
(0, 0.26261213567870356)
(-1, -0.37530059906826896)
(0, -0.3039848852577096)
(0, -0.05151010066359729)
(-1, -0.6073603510433713)
(1, 0.00813588452605496)
(-1, -0.3229690023214674)
(1, 0.21805553009425466)
(0, -0.059280510771965875)
(1, 0.750548961576512)
(1, 0.4342173861760119)
(0, -0.2923885014089971)
(0, 0.0009994499082841973)
(0, -0.27872114107153356)
(-1, -0.023487494647102647)
(0, 0.08970805253791862)
(-1, -0.4570156134181227)
(1, 0.5208992326373023)
(0, 0.03621339317982805)
(0, 0.0313034743703538)
(0, 0.14255077334686364)
(0, -0.16001424157281574)
(0, -0.12719352327411362)
(0, -0.02470476030421373)
(-1, -0.2853152605832991)
(1, 0.004402582205719985)
(1, 0.19533209085108671)
(-1, -0.20918962128766208)
(0, 0.07735558005506527)
(0, -0.37355768941201495)
(-1, -0.9547544282421753)
(1, 0.8984630596296881)
(0, -0.2696687951485741)
(-1, -0.573743109022205)
(1, 0.7584080905732108)
(-1, -0.4438667796453991)
(-1, -0.9180698673445843)
