(1, 0.761043626918354)
(0, -0.014771803551420819)
(-1, -0.2595151404936995)
(1, 0.9559174717314365)
(-1, -0.4287969357113088)
(1, 0.4682201216184406)
(1, 0.2302415102416825)
(1, 0.9246783397523433)
(-1, -0.9646164366959517)
(-1, -0.7434027568187407)
(-1, -0.6682454360187726)
(-1, -0.7611526779758422)
(0, -0.2058980863215255)
(-1, -0.29884343480838826)
(-1, -0.9240773496998952)
(0, 0.26969774154428694)
(1, 0.8867142752592956)
(1, 0.9944226138109943)
(0, 0.2476437166249497)
(0, 0.011514979558235317)
(0, 0.012178081508755805)
(-1, -0.6014120854205123)
(0, -0.23146638175829937)
(0, 0.17634935178202782)
(1, 0.7867772472158362)
(0, 0.019901214347679375)
(0, 0.009522124800024744)
