(1, 0.8134033910084244)
(-1, -0.8460545549460503)
(1, 0.33299490652624864)
(1, 0.16060664972841265)
(0, -0.011208920477333018)
(1, 0.9850254881284508)
(0, 0.005844315403976341)
(0, -0.07023005184205908)
(-1, -0.7659662837206339)
(0, 0.08549859082389505)
(1, 0.6337256392266319)
(-1, -0.9886178544358625)
(1, 0.7914003478974911)
(1, 0.8509297633903583)
(0, -0.03908394870086113)
(1, 0.9521449733107845)
(-1, -0.9742673071687178)
(1, 0.7978308532093685)
(1, 0.9881947461155648)
(-1, -0.7352481044988315)
(1, 0.6144776464069066)
(1, 0.47415243751146297)
(0, 0.02020910075732968)
(1, 0.9346328712417933)
(1, 0.49252544919571917)
(0, -0.2256182109663522)
(1, 0.4805596722818428)
(1, 0.46954822071715707)
(1, 0.8576199310204096)
(0, -0.05276208595716647)
(1, 0.8739835991362258)
(-1, -0.5703767935956487)
(-1, -0.43787709440840783)
(0, 0.012600990830907904)
(1, 0.39284134114788044)
(0, -0.007895576150446434)
