(1, 0.18252166206647696)
(-1, -0.037384537497282655)
(1, 0.31186079186731097)
(0, -0.11194583593857528)
(0, 0.24766335189815628)
(-1, -0.09329182454807333)
(0, -0.008267245882812163)
(0, -0.35007560572397955)
(0, -0.13098087415053983)
(-1, -0.25331627373711657)
(1, 0.6330046428630749)
(-1, -0.8001967384571422)
(-1, -0.17121789905968626)
(-1, -0.2246611812738944)
(-1, -0.5225984669746895)
(-1, -0.891249262060962)
(0, -0.2968116663965072)
(-1, -0.05180115916324485)
(0, -0.020777104989799428)
(-1, -0.988638440355574)
(-1, -0.356699677136486)
(0, -0.38357479361520846)
(0, -0.40018340439236166)
(0, 0.19168061436180386)
(0, 0.008059032568168409)
(0, 0.1581720330131807)
(-1, -0.8889042282401967)
(0, -0.22667357345100905)
(-1, -0.9893921972984658)
(-1, -0.8401445889877422)
(0, -0.27007387235327707)
(1, 0.6671273340705183)
(0, -0.25938851662976303)
(-1, -0.5179111432261717)
(1, 0.6700196778230352)
(-1, -0.886288168044456)
(-1, -0.4488031951355207)
(-1, -0.9252694691495491)
(-1, -0.9482480129935551)
(-1, -0.803020433159485)
(1, 0.24404509122715584)
(0, -0.11318349227246581)
(-1, -0.6644499414208856)
(-1, -0.2628150761796574)
(-1, -0.1763918360384365)
(1, 0.961633743285943)
(-1, -0.8395258378847545)
(1, 0.7077723615186277)
(0, -0.04202204943830937)
(1, 0.4001113482140679)
(1, 0.4632227411205663)
(0, 0.4799508207553087)
(1, 0.0688147287932685)
(-1, -0.10625422465492323)
(-1, -0.7232925316447859)
(0, -0.3444823169093165)
(-1, -0.5252287919116485)
(0, 0.06185528405039031)
(0, -0.18987444406722262)
(0, -0.2794988724541938)
(1, 0.09793986466187721)
(-1, -0.5458050540579944)
(-1, -0.8804657613788593)
(-1, -0.4754163488591921)
(0, 0.06503934864354606)
(0, -0.030455841017081542)
(-1, -0.5959739072081112)
(-1, -0.9203808799727532)
(-1, -0.9921139545786164)
(0, -0.05497584729297782)
(0, -0.28723426406143515)
(-1, -0.7777996381674626)
(0, -0.0559306412491922)
(0, 0.047599649767528264)
(1, 0.006220277903789095)
(1, 0.2875570553193376)
(0, 0.010710116467987946)
(1, 0.27439128502396837)
(1, 0.36789460543157415)
(-1, -0.4454296390863216)
(1, 0.08386090453540807)
(0, 0.03040398869415402)
