(1, 0.991094558070549)
(1, 0.7123668619174771)
(1, 0.5085953459129319)
(1, 0.8422281840738653)
(1, 0.2849010710327043)
(1, 0.5417178663447327)
(-1, -0.6108635174348791)
(-1, -0.07656164871364812)
(1, 0.9208789485504296)
(-1, -0.13232859428279026)
(1, 0.886731801861243)
(1, 0.8108951386983068)
(1, 0.6361731268545326)
(1, 0.7195537112314125)
(1, 0.39196429594130494)
(-1, -0.15410741788614718)
(-1, -0.1112075321495612)
(-1, -0.8939163219673034)
(-1, -0.9197019582266788)
(-1, -0.16392660095052977)
(0, 0.04661083507553345)
(0, -0.023100444532550002)
(0, -0.050301933610644695)
(0, 0.1535914421201166)
(0, 0.021560560106014127)
(0, 0.004833555057125072)
(0, -0.10382054795918846)
(0, 0.018217413400810796)
(0, 0.09148708104708356)
(0, -0.013965393787665304)
(0, -0.07391142228544018)
(1, 0.5342654686558157)
(0, -0.2766620744835065)
(0, -0.2125581255573917)
(-1, -0.6079949883783888)
(1, 0.4697057603995205)
(0, -0.14057207805072128)
(0, 0.2381964984225438)
(1, 0.2978131136604574)
(0, 0.4086348531965588)
(-1, -0.0134823757747623)
(1, 0.7579319761278276)
(1, 0.998443148476957)
(-1, -0.026950797079433098)
(0, 0.00547403160982933)
(0, 0.037786927495124134)
(0, -0.010729641462036067)
