(0, -0.20189433105781174)
(-1, -0.3142857076462976)
(1, 0.9884739931010816)
(0, 0.050487236317584006)
(0, 0.11417163770045571)
(-1, -0.7290476594959734)
(0, -0.031224831950306897)
(-1, -0.7409936583300009)
(-1, -0.9719305889536268)
(0, -0.060585747261915845)
(-1, -0.9602363080091345)
(0, -0.015595431841236344)
(0, 0.10814804604250777)
(1, 0.34059549656547433)
(1, 0.34059549656547433)
(0, 0.15424284753350376)
(0, 0.30474657272924066)
(0, -0.23288824514152334)
(1, 0.4677899782081639)
(-1, -0.7075401937902347)
(0, 0.08829266685166276)
(0, -0.1351848904812901)
(-1, -0.9893327560121558)
(1, 0.5092942947589505)
(1, 0.34032604801741945)
(1, 0.15879069852045113)
(0, 0.15604664338970775)
(0, -0.02769848351365868)
(0, -0.3441917650643082)
(-1, -0.81808031325112)
(1, 0.3103541036187938)
(0, -0.3659796788200612)
(0, -0.31094573465465364)
(1, 0.28893210150434434)
(0, 0.03243540846445933)
(0, 0.025743881605957645)
(0, -0.01876099923724287)
(1, 0.1972576796580589)
(0, 0.08669193425031976)
(0, 0.1280513989482257)
(0, 0.0069604128472453425)
(0, 0.12409045138712133)
(1, 0.06315799753839718)
(0, 8.259891695791034e-06)
(1, 0.384205479351297)
(-1, -0.8044516379252054)
(-1, -0.4965406078646351)
(0, 0.23435270226029295)
(-1, -0.8831082399299554)
(-1, -0.9394145522433712)
(-1, -0.4505783510205216)
(1, 0.6869182949694514)
(0, 0.2412441317378178)
(1, 0.681545773637033)
(0, 0.19443726261130356)
(1, 0.27324245787024304)
(1, 0.8918757264249596)
(0, 0.11648230422001912)
(0, -0.1783077017197598)
(1, 0.1614707240630855)
(-1, -0.9373795441748033)
(-1, -0.1805072474006742)
(0, -0.012737738976839462)
