(-1, -0.28115208651355494)
(0, 0.025228925211497926)
(1, 0.9717435882671396)
(0, -0.016258666014263783)
(-1, -0.6058344918654632)
(1, 0.6859148760994713)
(1, 0.7557088336168062)
(1, 0.20354353725484997)
(-1, -0.6671097784895125)
(-1, -0.37726360526448)
(0, -0.06378248606259015)
(1, 0.68624238584935)
(1, 0.0902365099911861)
(0, 0.19100834330888958)
(1, 0.9701882313682355)
(1, 0.9636554968723737)
(1, 0.4015315472821935)
(1, 0.366290459093805)
(-1, -0.32570311593097484)
(-1, -0.3556824317372822)
(-1, -0.8516077763922948)
(1, 0.6577716836217657)
(0, 0.11765887492917176)
(-1, -0.7485852833398178)
(0, 0.22790624714193222)
(0, 0.137286199373566)
(1, 0.9817151139195446)
(0, 0.12822356892876552)
(-1, -0.3357875334484134)
(0, -0.13266263260556554)
(0, -0.013536938891137301)
(1, 0.21496575007172902)
(-1, -0.8305437644872606)
(0, -0.042165096830553084)
