(0, 0.11865965519287658)
(0, 0.008390312979067949)
(1, 0.34836757549697384)
(0, 0.13290821926593488)
(1, 0.46782672025680266)
(1, 0.5186332513728558)
(-1, -0.3636242870721631)
(0, 0.0060620788923264265)
(1, 0.7649660080630076)
(0, -0.021045226009405484)
(1, 0.7767711520978701)
(-1, -0.5307633700743185)
(0, 0.08746833360265549)
(0, 0.21077447966814045)
(-1, -0.795949857995928)
(0, -0.14925065329361456)
(0, -0.029421445382959696)
(0, 0.26717558749577297)
(1, 0.8725766300818133)
(0, 0.015418796416252586)
(0, 0.24389901157247557)
(1, 0.710133951153131)
(1, 0.20751466629656198)
(0, 0.11742935656842904)
(0, 0.052646315387973694)
(0, 0.011596365553051699)
(1, 0.557493959460259)
(-1, -0.5060917389089433)
(-1, -0.3350075042958166)
(-1, -0.3588978858281789)
(0, -0.04645542853855132)
(-1, -0.1597678749005928)
(1, 0.8027537659653127)
(-1, -0.5464492328023633)
(1, 0.5146945351320686)
