(1, 0.5161982620189411)
(-1, -0.5083804812856952)
(1, 0.11965709147331455)
(1, 0.20443417523247615)
(0, 0.31272554369865047)
(-1, -0.33485007714789944)
(-1, -0.2858859535262191)
(0, -0.21869656445422153)
(0, -0.022424481343014932)
(1, 0.5953354916680162)
(1, 0.8616328611805126)
(0, -0.020808061477341516)
(0, 0.10043800797832662)
(-1, -0.7562799995162797)
(1, 0.7524002758875377)
(-1, -0.33580112813118235)
(1, 0.529007369314501)
(-1, -0.7901857388630075)
(-1, -0.06965396165577842)
(-1, -0.5927944281443251)
(1, 0.9132055229912661)
(1, 0.8346457613168198)
(0, 0.3826367816929133)
(0, -0.052031131742933126)
(0, 0.08883840576112552)
(0, 0.04109766645040212)
(0, -0.026104159576818282)
(0, 0.05385081476023076)
(1, 0.37325399811753723)
(1, 0.07760537349649055)
(-1, -0.31113937038106176)
(1, 0.42118919051928383)
(0, -0.0051134053322116416)
(1, 0.6880170016506864)
(0, 0.11491078247224458)
(1, 0.3247212923444844)
(-1, -0.5738113615697942)
(1, 0.26149329295294177)
(1, 0.007776347036170417)
(1, 0.31322082099759085)
(0, 0.12103881779945116)
(1, 0.5922400019372607)
(1, 0.3164103606643711)
