(0, 0.029586325885332946)
(1, 0.7457653004850773)
(-1, -0.82726482093276)
(-1, -0.6662279867008629)
(1, 0.027567178098045098)
(-1, -0.40870557981623623)
(0, -0.18094338639253144)
(0, -0.022428104237998403)
(-1, -0.5973153860790126)
(0, 0.1175667648556906)
(-1, -0.8512218902817459)
(0, 0.015346408302213801)
(0, -0.028852548830756414)
(0, 0.011318851697447346)
(0, 0.10551419022934161)
(1, 0.4115641553840609)
(0, -0.13976000976850328)
(0, 0.0022479354614113045)
(0, -0.004953740877207971)
(0, -0.0017341620114291884)
(0, -0.1912378475967671)
(1, 0.6868153645374705)
(1, 0.7440291830302405)
(0, -0.17825061898377803)
(0, 0.14505091683393356)
(0, 0.36543450702274455)
(-1, -0.44027521447909274)
(-1, -0.028460560264301882)
(0, -0.06765460210613114)
