(0, -0.11602412362003892)
(0, -0.052281418462801876)
(1, 0.9954199721513092)
(0, 0.1264299943102643)
(0, 0.2273112311709496)
(-1, -0.3244466563218196)
(0, -0.08762234773134264)
(0, -0.05968579347293277)
(1, 0.746766185062944)
(1, 0.9819370728859181)
(-1, -0.8117345858230937)
(0, 0.1130443550705151)
(1, 0.8325109107920897)
(1, 0.713384725646144)
(1, 0.9733851402774004)
(0, 0.2642830431015525)
(0, -0.2222825292219945)
(1, 0.3203626600964773)
(0, -0.23451403312046476)
(1, 0.10541253752748497)
(1, 0.9133970827082188)
(1, 0.18691227216493295)
(1, 0.8159623675039238)
(1, 0.21687204827667972)
(0, 0.058699240537205925)
(0, -0.05508014173407694)
