(1, 0.5808474938744603)
(0, 0.2246670377501303)
(0, 0.3760870272732787)
(0, 0.1584233656986116)
(0, 0.09807297636805404)
(1, 0.9499414720451436)
(0, -0.0410367993367525)
(0, 0.2134997712259294)
(-1, -0.18973999080631682)
(1, 0.3504971905190042)
(-1, -0.704168651035357)
(-1, -0.8457732184964502)
(-1, -0.31680619458728265)
(-1, -0.41304089826904394)
(-1, -0.548263020962639)
(-1, -0.6386312598824867)
(-1, -0.15900581814118964)
(0, 0.08603855426433404)
(-1, -0.18114385776881625)
(1, 0.9238541043097211)
(-1, -0.1279265472835333)
(0, -0.1672961326853019)
(1, 0.7314884308917395)
(0, -0.07755693062978415)
(0, 0.13937488034209136)
(1, 0.7576231822279431)
(1, 0.9876282518650982)
(1, 0.7889413941536544)
(-1, -0.5821851802661464)
(0, -0.02083794930014672)
(-1, -0.43167493486710334)
(-1, -0.34347587609088703)
(-1, -0.9417392959386861)
(1, 0.4226077350500676)
(-1, -0.9705506758945136)
(-1, -0.22162924561887676)
(-1, -0.46798990130056517)
(-1, -0.33589122003600014)
(1, 0.3982593595275846)
(-1, -0.396272375822058)
(0, 0.29455419419263085)
(1, 0.5864557386542961)
(1, 0.8404960660481186)
(0, 0.04058802265960838)
(1, 0.06604969638487324)
(1, 0.7187568903137309)
(-1, -0.9182453435335154)
(0, -0.12809386887414564)
