(-1, -0.12470584867360818)
(-1, -0.46971132885119415)
(0, -0.05955582354681188)
(-1, -0.8765039747180146)
(-1, -0.7555656134200857)
(0, -0.3097935942297305)
(-1, -0.6416783368586851)
(0, 0.11095762724586986)
(1, 0.0633413524259479)
(-1, -0.8946869235893337)
(-1, -0.6492011915957749)
(-1, -0.4135086007369789)
(-1, -0.7286068011162907)
(0, -0.06084416257479841)
(-1, -0.5072782706699999)
(1, 0.6137039945944492)
(0, 0.3409473965857615)
(1, 0.5805246929766267)
(0, -0.3399027589064344)
(-1, -0.2634216624380614)
(0, -0.07370464905455622)
(0, -0.06628680451797161)
(0, -0.08485432544948936)
(1, 0.39467128583196404)
(0, -0.017731298579657842)
(0, 0.057474616459218676)
(0, 0.06996454387171748)
(-1, -0.5330749210463666)
(1, 0.2022993374940345)
(-1, -0.7639435779633287)
(0, -0.060016601891877575)
(-1, -0.7213016774535084)
(-1, -0.4680547703702464)
(1, 0.9491440560098277)
(-1, -0.6009354215182869)
(1, 0.6813532235042868)
(0, -0.06815658471349334)
(-1, -0.126712155481088)
(1, 0.7012369282207614)
(-1, -0.02017323008580013)
(1, 0.7358135192315481)
(-1, -0.9290983974189703)
(-1, -0.9055292357840922)
(-1, -0.8868099111020112)
(1, 0.3599267255283437)
(0, -0.08182556175468758)
(0, 0.1528304520402089)
(-1, -0.7937668351038363)
(1, 0.6218303448096483)
(-1, -0.7132265661156744)
(0, -0.052007835186460544)
(-1, -0.35124086439370844)
(-1, -0.16773075890374578)
