(-1, -0.8359109334785355)
(0, -0.35488754035009545)
(-1, -0.6635425175225991)
(0, -0.01381452833406268)
(0, -0.09302622408458622)
(0, 0.19920413286558708)
(-1, -0.7570143146819517)
(1, 0.9893937945556601)
(1, 0.9560998620915984)
(-1, -0.5355006767969939)
(-1, -0.6737295044260374)
(-1, -0.9421600593967332)
(1, 0.47605978495449586)
(1, 0.3426217948184819)
(1, 0.6836839081231753)
(0, -0.03460044301360301)
(-1, -0.7461781269152158)
(0, -0.20309362275418788)
(-1, -0.5789405969318151)
(0, -0.19185029924891955)
(0, -0.2300431641993682)
(-1, -0.6281711730800847)
(0, 0.15914023815520534)
(-1, -0.5582386168740672)
(0, -0.09187926401478186)
(-1, -0.3803083589964553)
(-1, -0.015511256161744091)
(0, -0.05364659093729272)
(0, -0.08442347796515336)
(0, -0.06765460210613114)
