(0, 0.186627049061335)
(1, 0.5165288917522277)
(1, 0.21640700077120023)
(0, 0.008523800957440202)
(1, 0.8709271359702798)
(0, -0.0050763082613325475)
(-1, -0.4675980303238039)
(1, 0.6209539360954485)
(0, 0.049513022176831664)
(1, 0.9806247214996756)
(1, 0.8235722249623002)
(0, 0.03576190696907959)
(-1, -0.26138702313982265)
(1, 0.6524557799575783)
(0, -0.003686088898715717)
(1, 0.9583593282909245)
(0, 0.23060817616721138)
(1, 0.7015558924417453)
(1, 0.45949371613913104)
(0, 0.00436186205089243)
(0, 0.31904269200038643)
(0, 0.06854414090282723)
(0, -0.2688586104228884)
(0, -0.00684409977050876)
(0, 0.1901147093573091)
(0, 0.31864427997667777)
(0, 0.023014885260660506)
(0, 0.09343062863141026)
(1, 0.1861488886362978)
(0, 0.08421689676893929)
(-1, -0.02540564348664165)
(0, -0.12322648530780078)
(-1, -0.6083052910306442)
(0, 0.016400132477566998)
