(1, 0.9521946928522886)
(0, 0.40545776329026756)
(-1, -0.7607932318888351)
(-1, -0.35123586398209805)
(-1, -0.9492832346908465)
(-1, -0.9414815966253022)
(-1, -0.043428826196170944)
(0, 0.45583002209154344)
(1, 0.8851404258047999)
(1, 0.2024284030505924)
(-1, -0.8688891624925357)
(1, 0.5309019669977056)
(0, 0.34002065446827745)
(1, 0.8213320276987244)
(1, 0.2543628886665708)
(-1, -0.8471463738621718)
(1, 0.04181752970296182)
(0, -0.03805739895420886)
(0, -0.05279353449767578)
(0, 0.016885124735467022)
(1, 0.8560030559429098)
(0, 0.08446577520447857)
(0, 0.3047096781355625)
(1, 0.884359871172917)
(0, 0.35476252292186217)
(1, 0.5504315884864792)
(1, 0.804568878897485)
