(1, 0.8652784640756886)
(-1, -0.6596507557994806)
(0, 0.33637687640716607)
(1, 0.9771783229775215)
(0, 0.24476731221065204)
(-1, -0.2864139887629394)
(1, 0.4017607057542302)
(0, 0.32740309814040724)
(0, -0.05244709608612617)
(0, 0.13720515575779024)
(0, 0.049538606973486)
(0, 0.26976872412876823)
(0, 0.03056542061478737)
(1, 0.3729905129388748)
(-1, -0.3145256541165998)
(-1, -0.974521614867019)
(0, 0.06219996547507094)
(0, 0.1109673484726321)
(-1, -0.4885318156154137)
(-1, -0.9214838075975792)
(-1, -0.7537043153809264)
(0, 0.22712589986323792)
(-1, -0.9806640505232409)
(0, 0.02193351917683426)
(-1, -0.06360306032794605)
(0, -0.033409405516550125)
(0, 0.422547595522111)
(1, 0.6436679978471898)
(1, 0.7592100721657729)
(1, 0.5255975416226002)
(1, 0.7330843786318143)
(1, 0.9161687869812346)
(0, 0.14527295678494806)
(0, -0.032271610827323466)
