(-1, -0.934568677505805)
(0, 0.14264252311770395)
(0, 0.3292101598688969)
(-1, -0.9995328101698161)
(-1, -0.26411093870127766)
(-1, -0.9381675478859702)
(0, 0.07083220719861061)
(0, -0.010086096465781513)
(0, 0.02770160675355607)
(0, 0.18761044105114563)
(-1, -0.026698226253337398)
(-1, -0.9407716544245699)
(0, -0.34979355058014716)
(1, 0.6768982454723002)
(-1, -0.9563952410966718)
(-1, -0.04425054862799843)
(0, -0.25341895276164267)
(-1, -0.4271084599412409)
(0, -0.030267458085773705)
(-1, -0.7661777983906981)
(-1, -0.004254808194260606)
(-1, -0.4574165322103937)
(-1, -0.03741034760821865)
(1, 0.3073169401955184)
(-1, -0.4858305033777914)
(-1, -0.1067566611954252)
(-1, -0.46255266123092387)
(-1, -0.2826103275274803)
(0, -0.05519460666552008)
(-1, -0.05658312439756791)
(0, 0.1352113743272301)
(0, 0.1430506047356587)
(0, -0.03776190803297652)
(-1, -0.9925404983895417)
(-1, -0.8453296762613994)
(0, -0.41784924171409726)
(0, -0.07610323696444327)
(0, -0.3030081549107998)
(0, -0.3805779244203967)
(0, -0.001627672435516897)
(0, -0.09968900359528227)
(-1, -0.875097048126595)
(0, -0.09257824231571621)
(0, -0.2351158796851189)
(-1, -0.7069519541613517)
(-1, -0.7971322508181896)
(0, -0.018116750488002153)
(-1, -0.7768723233814384)
(1, 0.8778758750687403)
(0, -0.16619848307311563)
(-1, -0.9931432974903852)
(-1, -0.5501020566124252)
(-1, -0.5090612367471248)
(0, 0.0718659463006964)
(0, 0.010394861524871186)
(-1, -0.7056290681047299)
(-1, -0.6010022690984171)
(-1, -0.6855120247929398)
(1, 0.4903102570474508)
(0, -0.19013422970532762)
(-1, -0.9457088706335534)
(0, 0.11793609452214171)
(0, -0.18578688023531748)
