(0, 0.021314950935953293)
(1, 0.3005543456007719)
(0, -0.21982093000673963)
(1, 0.9655053484684838)
(-1, -0.9575148559239162)
(-1, -0.5101127555549179)
(0, 0.05706806815250738)
(0, -0.040247369219511546)
(1, 0.8863516201546242)
(1, 0.26182242076730666)
(1, 0.6425509772076649)
(1, 0.8111100853624651)
(1, 0.6334485763463663)
(1, 0.8878238136891154)
(-1, -0.6038516961888839)
(-1, -0.5344791099264516)
(1, 0.14595968471206378)
(0, -0.11355720913061297)
(-1, -0.6025850331417395)
(1, 0.6280173246087829)
(0, -0.37012746528765444)
(1, 0.156988519479489)
(0, 0.2179665080109496)
(-1, -0.6757403325271275)
(-1, -0.8371294702214169)
(-1, -0.8343644649239443)
(1, 0.6681517142299824)
(-1, -0.9288108976970206)
(0, 0.009708679517093068)
(-1, -0.7280949641267465)
(-1, -0.8678020084129364)
(-1, -0.3268758808052886)
(1, 0.9959643674342814)
(1, 0.45744354538180415)
(1, 0.7325005528458819)
(0, 0.014172157066776603)
(0, 0.05278996410357937)
