(1, 0.9903196862018846)
(1, 0.8326918506321296)
(-1, -0.4477219939151407)
(0, -0.08682903393904776)
(-1, -0.9858026782827244)
(1, 0.6721484960315723)
(1, 0.5964615661266848)
(1, 0.7698416551947828)
(0, 0.16350822622541988)
(-1, -0.1970553406202898)
(1, 0.9699223026133695)
(1, 0.7526533618374828)
(1, 0.3412332928412256)
(1, 0.9474665631276445)
(0, 0.027063396463878328)
(1, 0.6037759777897381)
(0, 0.4075940784480674)
(1, 0.97303870146347)
(1, 0.9209516785061692)
(1, 0.8490540218035796)
(0, 0.017760314797115644)
(0, 0.25435456394799066)
(0, 0.32454222850160774)
(1, 0.409477022860561)
(1, 0.9602602474879977)
(1, 0.6700666038857275)
(0, -0.050503961671054996)
(0, 0.04610014186226872)
(-1, -0.17251592641137736)
(1, 0.2829026252541343)
(1, 0.14609855005419808)
(0, -0.15403777750762906)
(-1, -0.16092005725804565)
(1, 0.7336933940400068)
(-1, -0.4702198836865667)
(-1, -0.8911705747236379)
(0, 0.006488468338603226)
(0, -0.0020449518844415622)
(0, -0.01566381057556472)
(0, -0.003602799459858018)
(0, 0.00525304743595232)
(0, -0.07613133306630263)
