(-1, -0.9297723753399048)
(-1, -0.9888525143419195)
(1, 0.16136202347838374)
(1, 0.709241132863484)
(-1, -0.7226889770910195)
(-1, -0.8763707322990383)
(-1, -0.6529396192384477)
(1, 0.6641406546699129)
(0, -0.1984495245478693)
(-1, -0.4965112491688898)
(1, 0.08374361602539532)
(-1, -0.5019175143014684)
(-1, -0.8602186578622808)
(-1, -0.7621225749617349)
(0, -0.07052826056678758)
(1, 0.1395422877301995)
(0, -0.09354459225293171)
(0, 0.01033958034295892)
(-1, -0.38188041732288774)
(0, -0.353246260413267)
(1, 0.7423915209536174)
(1, 0.8221799481230511)
(0, 0.015397280565225529)
