(-1, -0.22677130686676744)
(-1, -0.051499731455960374)
(-1, -0.8602393926740327)
(-1, -0.9976494163892533)
(-1, -0.4116753801927292)
(-1, -0.773856886455444)
(1, 0.9478207679137649)
(1, 0.2878178400388825)
(0, -0.02892425776464705)
(-1, -0.5928299520968694)
(1, 0.9017154608261967)
(-1, -0.6387042250575617)
(-1, -0.9383824738324155)
(-1, -0.3430968594969)
(1, 0.8765446790717324)
(1, 0.7718610860906058)
(0, -0.04143838182941143)
(1, 0.863616020252342)
(0, 0.02145035172740739)
(1, 0.5853327313776695)
(-1, -0.98025602774922)
(-1, -0.8844395579975692)
(0, -0.03327227030472589)
(1, 0.07690435850213645)
(0, 0.05509342052571539)
(1, 0.7734399897270335)
(1, 0.8812033525516181)
(1, 0.7318707992082085)
(-1, -0.6577601794057519)
(-1, -0.8408014622758428)
(-1, -0.833931983893185)
(-1, -0.0023922866402198983)
(-1, -0.7449184665896665)
(1, 0.9385718113827677)
(-1, -0.5488733284554068)
(0, -0.027256303392392704)
(0, -0.13727509938977775)
(0, -0.4232282827457588)
(0, 0.0070314314434237225)
(0, 0.07091402165763062)
(0, 0.12057567580555056)
