(0, 0.0005580761278985158)
(1, 0.989084086998502)
(-1, -0.8906508150173983)
(0, -0.08733596504195404)
(1, 0.2500077520688856)
(-1, -0.03839958297349988)
(1, 0.9635244136114334)
(0, 0.04744238851802765)
(1, 0.9149723661565254)
(-1, -0.2176025615638164)
(1, 0.7255826707055493)
(0, -0.008460621335488111)
(0, 0.08099510849933172)
(0, -0.21087930616000772)
(-1, -0.28692268460666537)
(-1, -0.5415608834982125)
(0, -0.007064812156303418)
(-1, -0.5063387014148896)
(-1, -0.8644874572479355)
(0, 0.07829209058308256)
(-1, -0.7555355495842266)
(1, 0.49853991739595255)
(0, 0.1801166158111138)
(-1, -0.8719333823270238)
(0, 0.2945296540427246)
(0, 0.0321082183668476)
(-1, -0.4705209042757683)
(0, 0.05731478554426375)
(0, -0.17584896808025263)
(1, 0.7457944020412529)
(0, -0.03066149844857835)
(-1, -0.8144859640282153)
(0, 0.16283775884514032)
(1, 0.23179786825433824)
(0, 0.1902213713160178)
(0, 0.030348439374211257)
(1, 0.6615632891012369)
(0, -0.04351154405753792)
(0, 0.13618026230043173)
(0, -0.11490726439350746)
(-1, -0.5083996743990781)
(1, 0.20601517914637213)
(0, -0.17069959251550568)
(-1, -0.14721501462078346)
(-1, -0.5197153193841242)
(1, 0.6118588727127487)
(1, 0.8426561851613527)
(0, 0.23524299873906762)
(-1, -0.4814742010627979)
(0, -0.05514989799672425)
(1, 0.3508361274826717)
(0, -0.044779007452048464)
(1, 0.7669065303236638)
(0, -0.08258459505557403)
(1, 0.8879191564540604)
(0, 0.33678315191477787)
