(-1, -0.8007455194406053)
(0, -0.07516762920202724)
(-1, -0.6150302885276543)
(1, 0.8434943664463144)
(0, 0.3727155263897778)
(-1, -0.9210019744567122)
(0, -0.0687093027479177)
(-1, -0.5314119408361381)
(-1, -0.8469651403982699)
(0, 0.03921687442282011)
(0, -0.03383078092641022)
(0, -0.03276096187432259)
(0, -0.24514798224189016)
(-1, -0.8851131544785447)
(-1, -0.25137512511924487)
(0, -0.16172616448813687)
(1, 0.7859897206314944)
(-1, -0.2932927940148958)
(-1, -0.4563123266077237)
(-1, -0.08899972194419198)
(-1, -0.2562290093856257)
(-1, -0.7166462203762004)
(0, -0.41111426662603034)
(-1, -0.8479520356854149)
(-1, -0.8840742005328751)
(-1, -0.9659350810700075)
(-1, -0.26242815140840864)
(0, -0.13368183711317544)
(-1, -0.8529288215442498)
(1, 0.2652363304304327)
(0, -0.1101648691758054)
(-1, -0.4163143063032093)
(-1, -0.6122853304978607)
(0, -0.1823381231883366)
(-1, -0.7427072339255557)
(1, 0.9138695103451229)
(-1, -0.7043466580222855)
(0, 0.01164481768072699)
(0, 0.027797746614551252)
(0, -0.0016175338990270863)
