(1, 0.43681237386378674)
(1, 0.9952204426113265)
(0, 0.1941795803274025)
(1, 0.8188676963171395)
(0, 0.05136332609606875)
(1, 0.8862526366471501)
(0, 0.37793981905715346)
(0, 0.02889135836295656)
(1, 0.4867850070335931)
(0, -0.04015492380139406)
(0, -0.11033374043507056)
(1, 0.02790825487966675)
(0, -0.21438635489056318)
(1, 0.7824236114749283)
(0, 0.0374746170907597)
(0, -0.0087602845129657)
(1, 0.5881911479959009)
(1, 0.34474695519532217)
(0, -0.0351210955667811)
(0, 0.06679830515887294)
(0, 0.3210912995461123)
(0, 0.08733783058759287)
(1, 0.9747264745058906)
(1, 0.38294044344476874)
(0, 0.006393882430484072)
(1, 0.056653789403772026)
(0, 0.03176223348377728)
(0, 0.004810728325918379)
(0, 0.15456094294325573)
(0, -0.0020357919873789636)
(0, 0.005993143600091233)
(0, 0.3512881688648373)
(0, -0.016137831441076167)
(0, -0.0030233637266069147)
(1, 0.5833784644800424)
(-1, -0.2210810416527822)
(0, -0.024053641900546596)
(1, 0.6218762901054217)
