(0, 0.22065912486044242)
(0, 0.06670247719433954)
(0, 0.32429928865331287)
(-1, -0.6062032092612673)
(1, 0.1606546582870478)
(0, 0.11939764047303944)
(0, -0.22294619576710997)
(1, 0.8112955367288889)
(1, 0.9526983893175796)
(1, 0.15947099022317968)
(0, 0.1638316942541806)
(1, 0.7248352209455868)
(0, -0.1198261278127096)
(-1, -0.5796841692981007)
(-1, -0.9816632246613168)
(-1, -0.8959374834418257)
(0, -0.25458423903348826)
(0, 0.08945504161365686)
(0, 0.023044666870655872)
(0, -0.13259900071689543)
(0, 0.1627016730124387)
(-1, -0.5839371653202036)
(0, 0.3614050745023427)
(-1, -0.5681981930388694)
(-1, -0.7754072759020451)
(0, -0.05337243056760453)
(0, -0.0311654518535774)
(0, -0.024758571019933118)
