(1, 0.49559328698845495)
(0, -0.07237172973570782)
(0, -0.17162314103972875)
(-1, -0.7462733803334797)
(0, -0.028020255695142104)
(-1, -0.6215067253854873)
(-1, -0.8000537966033457)
(-1, -0.5477699133813986)
(-1, -0.9155130255603093)
(-1, -0.15203191139749378)
(0, 0.23027525714688607)
(-1, -0.8621922067711906)
(0, -0.019176179344581046)
(1, 0.5160672891862667)
(-1, -0.4444748117935106)
(0, -0.1754036324422684)
(0, -0.08836876558588014)
(1, 0.8906319028608065)
(-1, -0.7045053741135028)
(-1, -0.7280535188570683)
(-1, -0.7722306235246424)
(1, 0.7811778755484875)
(-1, -0.20641782014286647)
(1, 0.6545382786404912)
(0, 0.13032285525211348)
(0, 0.09364344412755152)
(-1, -0.8081688032369793)
(-1, -0.22340941409148793)
(-1, -0.6239438798167655)
(-1, -0.7522576567190813)
(0, 0.14775271663817222)
(0, 0.026795552261584588)
(1, 0.2650575156938938)
(0, 0.08766137552234737)
(1, 0.9406584308810377)
(0, -0.12082268083293873)
(0, -0.009427813436641806)
(0, 0.032621787034047195)
(0, -0.008142771584982236)
