(0, 0.3216685908478482)
(0, 0.026429423356141533)
(1, 0.9460618254247358)
(0, 0.17091333734140624)
(0, -0.032195152430692583)
(1, 0.4761617348111635)
(1, 0.452330755964519)
(0, -0.002470328039215172)
(0, 0.05972489687344681)
(1, 0.8370460199392571)
(0, 0.01875723802366777)
(1, 0.5830684923033578)
(1, 0.5777285113774365)
(-1, -0.7183233645394382)
(1, 0.6361898460046698)
(-1, -0.5278371353865704)
(1, 0.6083103784585914)
(0, -0.0698022457248584)
(1, 0.7635755371833362)
(0, 0.07227681831256418)
(0, 0.07790811442764095)
(0, 0.19554195518936998)
(-1, -0.913937693421163)
(-1, -0.5304208596032538)
(1, 0.4862379336191)
