(1, 0.8980333146325062)
(0, -0.02229858329942802)
(0, 0.05294553133467953)
(1, 0.9105973212653486)
(1, 0.3722304354915112)
(0, -0.005617053094793822)
(0, -0.09800735846071315)
(0, -0.01826355122391335)
(-1, -0.8441937005698839)
(-1, -0.8307037840741316)
(0, -0.022134778716070863)
(0, 0.04121834772744345)
(0, 0.002134863220231384)
(0, 0.003533706879802634)
(0, -0.05619904512429082)
(0, 0.23425261265485364)
(1, 0.44226890224165116)
(1, 0.562699159481328)
(0, 0.34941769872575146)
(0, -0.014725754794669373)
(0, 0.101036413800419)
(0, 0.14172947174727307)
(0, -0.05555400414673961)
(1, 0.5671263334065189)
(1, 0.4894337576267087)
(1, 0.12266511321797136)
(0, 0.24740931794250004)
(-1, -0.5375615102893644)
(-1, -0.29481135162896766)
(0, -0.29115199405290204)
(0, -0.08283120846428287)
(0, 0.03091408591754517)
(0, -0.1796484094877644)
(0, -0.21363999431246378)
(1, 0.4227313748291057)
(1, 0.6130665918756645)
(0, 0.006132417261151608)
(0, 0.004515532836537795)
(0, 0.23137976273987865)
(0, -0.0011554657436236293)
(0, 0.08162613734122402)
(0, -0.0012995420268365754)
(0, 0.006661644970742953)
(0, -0.35703662550138054)
(0, -0.11191854211682631)
(0, -0.024053641900546596)
