(1, 0.3577780605801281)
(1, 0.45875029969382675)
(1, 0.6598265268350144)
(0, 0.04452677277052389)
(0, 0.023327117698928507)
(0, 0.02248227024235882)
(0, 0.1980761881464611)
(0, 0.22517367905189983)
(1, 0.13187263109142877)
(1, 0.7015723247989101)
(-1, -0.7414749191773439)
(0, -0.014246584597577924)
(0, -0.0709550695565827)
(1, 0.7212897067129402)
(0, -0.02077075401751685)
(0, 0.024202750724835104)
(-1, -0.8419496134817691)
(1, 0.9249465726788361)
(-1, -0.487796891549223)
(-1, -0.4400861729674791)
(-1, -0.7045707629066095)
(1, 0.12198448480243906)
(1, 0.9758467923453976)
(1, 0.9440821449407488)
(-1, -0.4131367277074565)
(0, 0.024038356199761912)
(-1, -0.8172349846590985)
(-1, -0.8783478080218742)
(1, 0.41161825186999745)
(0, -0.03424152542792744)
(0, -0.08174263073205025)
(0, -0.14914305846250953)
(0, -0.14594938635963306)
(1, 0.5064342065373475)
(-1, -0.7789374972659444)
(0, -0.10893806695680598)
(0, -0.0551742304693191)
(0, -0.0007490430183077126)
(-1, -0.9543140644864737)
(-1, -0.8047534105912775)
(0, -0.09054873699909251)
(1, 0.5177992446527445)
(0, 0.027471608338658957)
(0, -0.06260114501734812)
(1, 0.8291827783964429)
(0, 0.20498829978606276)
(1, 0.27610081258808983)
(-1, -0.4341837721251645)
(-1, -0.3427209839608932)
(0, -0.12283629773708518)
(-1, -0.11901056371997859)
(0, -0.07689283954406245)
(0, -0.004323297339907842)
(-1, -0.643877069249402)
(0, 0.09480730321216588)
(-1, -0.499725536559606)
(1, 0.8748396877456254)
(0, -0.06954661814135177)
(1, 0.29349404974777743)
(0, -0.16745985917149953)
(0, -0.04947124236683435)
(1, 0.5130702861563682)
(-1, -0.3813399847810054)
(0, 0.0032751016907079517)
(-1, -0.20929195730647837)
(-1, -0.8184717158322435)
(-1, -0.3678143976980531)
(-1, -0.5191784369987161)
(-1, -0.5212082641328886)
(1, 0.9962645674019877)
(1, 0.20995859773601075)
(-1, -0.5058767090589867)
(0, -0.3212375253183975)
(0, -0.011543748187042197)
(0, -0.09779211686027958)
(-1, -0.6790160159333379)
(1, 0.1786871357301556)
(0, -0.02353099529318331)
(1, 0.06510862132329026)
(-1, -0.3600288994023437)
(0, -0.05649153827122651)
(-1, -0.7488813290742096)
(0, -0.13762156147318766)
(-1, -0.9960349406688211)
(-1, -0.4639777568064931)
(-1, -0.6891301679546453)
(-1, -0.7613495515775026)
(-1, -0.561051587002496)
(-1, -0.0012174862028373479)
(-1, -0.13372933681446952)
(0, -0.13634076026130276)
(0, -0.14268961854061357)
(-1, -0.8123921339652737)
(1, 0.6800169269338253)
(-1, -0.29807814402024846)
(-1, -0.32605746304032346)
(-1, -0.7285317951725299)
(1, 0.5612066595515797)
(-1, -0.887197900300249)
(-1, -0.6588529988839936)
(-1, -0.46440518759665556)
(-1, -0.5953438424651379)
(-1, -0.9806371556104304)
(0, -0.23686343093122364)
(0, 0.014261039603924514)
(0, 0.21162927282077115)
(1, 0.01013768063824605)
(1, 0.7039487024069292)
(1, 0.778908830447431)
(1, 0.8835777097834253)
(1, 0.8032687202064159)
(1, 0.606941995364523)
(0, 0.011697595324332682)
(0, 0.05729373050052281)
(0, 0.0861093267474245)
(-1, -0.6274685242825639)
(0, 0.1970938457265936)
(0, -0.17654644170134856)
(1, 0.18802740834873188)
(1, 0.7564248667245874)
(0, 0.021224871593247825)
(0, -0.06765460210613114)
