(0, -0.24236530967122677)
(-1, -0.5255642992328291)
(-1, -0.05273461226808024)
(1, 0.9152558036549745)
(-1, -0.8960541732089634)
(-1, -0.4922634269820658)
(-1, -0.8467874959724214)
(-1, -0.9625195265097998)
(-1, -0.5626257683211995)
(-1, -0.9607701112551846)
(1, 0.7629629910902803)
(0, -0.3038917791034736)
(-1, -0.13801614514423383)
(0, 0.2650772085601312)
(0, 0.15277098265881633)
(-1, -0.4067210609472151)
(-1, -0.3647607191424894)
(0, -0.25587697801017706)
(0, -0.2573131285005901)
(-1, -0.2295910456136159)
(1, 0.30605884320489674)
(0, 0.04351662655117894)
