(0, -0.15347782180985003)
(-1, -0.31441954387399984)
(0, 0.11217302988341937)
(1, 0.6681045040259886)
(-1, -0.32392975854313016)
(-1, -0.8003287148623691)
(0, 0.21044439618493363)
(0, -0.39096955388875076)
(0, -0.06334478902671015)
(-1, -0.5100491615238845)
(0, 0.034244633929460686)
(-1, -0.4369305176591577)
(-1, -0.6883551873943243)
(0, 0.018503188795430225)
(1, 0.8064150555238836)
(0, 0.01956386797896542)
(0, -0.024053641900546596)
(0, 0.06739850394585035)
(0, -0.19427595303725095)
(-1, -0.44460981732378374)
(0, 0.20163020668017578)
(0, 0.044297755109751334)
(-1, -0.025765746007707535)
(1, 0.4265442162916754)
(-1, -0.22643682943879345)
(0, 0.010350397592354121)
(1, 0.9191693747540371)
(0, 0.41367045203280484)
(-1, -0.7717128610084745)
(-1, -0.9082748619924675)
(0, -0.005054764511696175)
(1, 0.2770045590731192)
(0, -0.08983853029343376)
(-1, -0.2778693395844063)
(0, -0.40286911417091115)
(0, 0.12816606904327155)
(0, -0.19999439467510513)
(-1, -0.9059016272422113)
(0, -0.2217612845739959)
(1, 0.3574147200234745)
(-1, -0.5890156172021441)
(0, -0.04746372482047892)
(0, -0.14983028202788812)
(1, 0.5726688506091328)
(0, 0.016846487006376767)
(0, 0.10567716294716079)
(0, 0.002653891278359931)
(0, -1.299008972005522e-05)
(-1, -0.7693528907603993)
(-1, -0.0051371517697033076)
(0, 0.15084191469868488)
(0, -0.06765460210613114)
(0, -0.06660252185926488)
(0, -0.3019327122713249)
(1, 0.06198825834180244)
(-1, -0.9192428337715326)
(-1, -0.06465493531875827)
(0, 0.031409062221278775)
(0, -0.1264813902767377)
(0, 0.03830168009167023)
(1, 0.8945743292144052)
(1, 0.1563910995628095)
(1, 0.7342736419229157)
(1, 0.7174789466169204)
(0, -0.11734212301241648)
(0, -0.3731940184861776)
(0, -0.0064610957564220995)
(1, 0.5993155438626361)
(0, -0.10547982159067668)
(-1, -0.6671195998408115)
(0, -0.1443329326947212)
(0, -0.14299119900357338)
(0, 0.023205096095966993)
(1, 0.5586029784007019)
(-1, -0.9134306627485993)
(-1, -0.33269256382074947)
(1, 0.6218762901054217)
