(-1, -0.7843131380740687)
(1, 0.7586112245527182)
(1, 0.5797054813035678)
(1, 0.5633859005028226)
(1, 0.6672846388456921)
(1, 0.9421564800002159)
(0, 0.03818928658715368)
(0, 0.22885829614976955)
(-1, -0.02383117221443526)
(-1, -0.2148976391233417)
(0, 0.22432036777157388)
(1, 0.3886884891423981)
(1, 0.838110182289859)
(0, 0.22978186972944853)
(1, 0.7798114316667437)
(1, 0.9087130687103615)
(1, 0.6015732385915173)
(1, 0.3094807240404127)
(0, -0.3884603591203046)
(0, -0.14544478101155464)
(-1, -0.8261663574925268)
(-1, -0.7799195313468482)
(0, 0.032756326018633625)
(0, 0.1536704664714769)
(-1, -0.6842853272841549)
(-1, -0.8172865807303362)
(-1, -0.9160138060453922)
(0, 0.05371215705229762)
(0, 0.03857757083473015)
(1, 0.009814980148518393)
(-1, -0.7435636005546457)
(-1, -0.26779531478454377)
(0, -0.048502078533536594)
(0, -0.03156417418204782)
(0, 0.0007659446777568135)
(1, 0.3133535739909646)
(1, 0.011525697411670976)
(0, -0.02937239738994202)
