(-1, -0.5130180344289987)
(1, 0.7431719699030331)
(1, 0.8968783041086702)
(-1, -0.03155714273674565)
(0, -0.024514572797846523)
(0, 0.025398194577393812)
(-1, -0.7595434563999764)
(-1, -0.5510075010832711)
(-1, -0.5079062598324625)
(-1, -0.6032642318807956)
(-1, -0.9122440489372826)
(-1, -0.9991568453856823)
(-1, -0.9070600647204383)
(-1, -0.4660777263284952)
(0, -0.016849684705078312)
(0, 0.023966273903163512)
(1, 0.9364336501275462)
(1, 0.9846700691909576)
(0, 0.0002810872295549126)
(-1, -0.8666302399551955)
(1, 0.4395282760650536)
(1, 0.8398610239415315)
(0, -0.037456026383324154)
(1, 0.817895345476366)
(0, 0.004827542351643194)
(0, 0.04887980866986134)
(1, 0.7874928401494523)
(0, 0.1504097183212476)
(1, 0.574951952360214)
(0, -0.026474333418825418)
(1, 0.5253761196077181)
(1, 0.6454700575752982)
(0, -0.06295282223505533)
(0, 0.12192970481600751)
(1, 0.927879895067441)
(-1, -0.7600437184148476)
(1, 0.09574485027265722)
(0, -0.16187039129528522)
(-1, -0.19159191628292144)
(1, 0.45525383002012576)
(0, -0.02141260722039457)
(0, 0.0012095052402050794)
