(-1, -0.26125887120399843)
(1, 0.8885053345654444)
(-1, -0.6719545496960483)
(0, 0.19252168839296968)
(0, 0.18206640598287316)
(1, 0.5996740889682821)
(1, 0.6361332406115147)
(0, 0.038308373874448215)
(0, -0.2703606242935716)
(0, 0.02929660781810145)
(1, 0.5880666268964398)
(0, 0.11757877079256498)
(1, 0.5036496755452464)
(0, 0.11684835701435245)
(0, 0.1151375296268038)
(0, -0.1420687319567759)
(0, 0.02758856628497751)
(0, 0.11224605218737678)
(0, 0.08798470666018732)
(-1, -0.638379738448535)
(0, -0.09721397102725773)
(0, 0.0035335751132207676)
(0, 0.21296061622733461)
(-1, -0.4151043957689319)
(1, 0.31906094762700044)
(1, 0.4880449569741549)
(0, 0.21641440049245192)
(1, 0.7307880461460156)
(1, 0.711917806847292)
(0, 0.03566590306621606)
(1, 0.4198627806351358)
(-1, -0.241504626207924)
(1, 0.5179049575732304)
(1, 0.6956447314828649)
(1, 0.20001033054169512)
(-1, -0.6336431935103662)
(0, -0.11069816756732362)
(-1, -0.17621811903099066)
(-1, -0.8398308159007484)
(-1, -0.9839963849674854)
(-1, -0.3702978585765786)
(-1, -0.4069411112794321)
(0, -0.40828630257542753)
(0, -0.331219839117598)
(1, 0.748775993388494)
(-1, -0.43429542152520934)
(0, 0.001947069218513106)
(0, -0.06103230740582934)
(0, 0.30550419502646387)
(0, -0.25556348305871895)
(0, -0.052689676522543166)
(0, 0.033961056384353136)
(0, 0.004490600116877817)
(0, -0.022608115555746253)
(1, 0.9743727284890721)
(-1, -0.8307007030028898)
(0, 0.15135851474862966)
(0, -0.020781206641141803)
(-1, -0.953483708298132)
(-1, -0.2547712109570918)
(-1, -0.6649107007800833)
(1, 0.42971326609774785)
(-1, -0.1348068569304428)
(0, 0.06450736995317488)
(-1, -0.3709861344579889)
(1, 0.9421051722504067)
(1, 0.5796355356808878)
(0, -0.23322370014129906)
(1, 0.8431977902206433)
(1, 0.6825525092201832)
(0, 0.34570488784329517)
(0, 0.10633124296079127)
(-1, -0.675969460304619)
(0, 0.19976433448487022)
(0, -0.24059611096651928)
(0, 0.1636958463650343)
(0, -0.35400717600153075)
(0, -0.078102569416161)
(0, 0.20603014525127009)
(1, 0.6052803780585756)
(0, -0.019173449616122662)
(0, 0.03211213832439633)
(-1, -0.5188734561428772)
(1, 0.17095105235542185)
(0, 0.01396315866767216)
(0, -0.13253470703587017)
(1, 0.6260312550572839)
(-1, -0.840663937858377)
(-1, -0.36831133899863505)
(-1, -0.5901245448259151)
(0, 0.0084303377824783)
(-1, -0.4874916255773739)
(0, 0.1524774713344116)
(-1, -0.3425787070579499)
(1, 0.896543640219821)
(1, 0.982146710044303)
(1, 0.771801371916556)
(1, 0.45395178563607247)
(-1, -0.9012123251469204)
(0, 0.020493902433418257)
(0, -0.2820400595990838)
(-1, -0.22013528381149167)
(0, -0.1502095415579822)
(1, 0.7783233704548004)
(0, 0.420712414292383)
(0, 0.007674429031465146)
(0, 0.019011698735516995)
