(1, 0.9185993870538081)
(-1, -0.20655839765942996)
(-1, -0.7480268296000039)
(-1, -0.7387381462415376)
(-1, -0.04407326019190855)
(0, -0.21657513676887807)
(0, -0.04857297449935716)
(0, 0.024618589601112156)
(1, 0.544427963520309)
(0, -0.03747087222139023)
(0, -0.21163971019180644)
(-1, -0.11875886439443806)
(0, -0.0730942924770892)
(0, 0.18613945927385345)
(0, -0.10057680229865992)
(0, -0.19871309610020368)
(0, -0.02278816952785709)
(1, 0.3422167085078106)
(1, 0.6526940112029669)
(1, 0.18636966484437356)
(0, -0.04600582502639766)
(1, 0.7150862762989193)
(1, 0.3294419682077952)
(1, 0.2779472141020688)
(1, 0.8015087911490442)
(0, -0.0745439163520135)
(0, 0.03706927582307484)
(1, 0.42529618576684425)
(0, -0.09299872640953927)
(-1, -0.6320798668448524)
(-1, -0.4859346591820448)
(0, -0.011606229974601145)
(-1, -0.35143980807930286)
(1, 0.7781782171741289)
(1, 0.08195976507411967)
(1, 0.3793525631512483)
(0, 0.28729573699232175)
(0, 0.12079276624928909)
(0, 0.20412982251286121)
(-1, -0.2775060664377269)
(1, 0.3512138378930505)
(0, -0.033756494962952605)
(-1, -0.22023813293315742)
(1, 0.9535856084016546)
(0, -0.04093725091570599)
(1, 0.5567012141595733)
(-1, -0.5050052732295114)
(1, 0.8087241647091913)
(-1, -0.2917402209428003)
(1, 0.32363567519076647)
(-1, -0.09330630618644542)
(1, 0.687096945743763)
(-1, -0.2526814854226107)
(0, 0.1289038548935247)
(-1, -0.04709320956133001)
(0, 0.42335525523367984)
(1, 0.9278968747206202)
(1, 0.27036902908890365)
(-1, -0.1358261170526036)
(0, 0.209077174872603)
(-1, -0.7423317255159778)
(-1, -0.6769094179621336)
(1, 0.6737622449429069)
(-1, -0.6552611101511944)
(1, 0.8288797893299689)
(1, 0.7462763223063935)
(-1, -0.29329422221018703)
(0, -0.15491773060309888)
(0, -0.11172741602819268)
(-1, -0.32438647904059575)
(-1, -0.8649404826008806)
(1, 0.1937924402687728)
(-1, -0.8169233270594201)
(1, 0.9967948908296258)
(-1, -0.5779522445145766)
(-1, -0.9739344469167217)
(1, 0.3906614505510112)
(1, 0.8474571919626955)
(-1, -0.36753137828805144)
(0, -0.12749831984755927)
(0, 0.02237708798775459)
(-1, -0.8169233270594201)
(1, 0.7383949062953904)
(0, -0.34172261378942737)
(-1, -0.5889255900813548)
(-1, -0.8611535831434918)
(-1, -0.6265138489168511)
(-1, -0.4953731776909789)
(-1, -0.05432278447749228)
(0, -0.1301043264444895)
(0, 0.0637484601574233)
(-1, -0.6425324624573737)
(-1, -0.45657755814493717)
(-1, -0.41923816294742244)
(0, -0.22027841695302103)
(0, -0.04658870192984249)
(0, -0.06215835878047718)
(0, -0.05131367125503242)
(0, -0.20239119270094313)
(1, 0.8895023167934095)
(1, 0.44143455085368577)
(1, 0.49200843276536477)
(0, -0.021182743286074862)
(0, 0.18844004620951177)
(1, 0.28781282933106406)
(1, 0.5494429085400652)
(0, 0.07458065354029479)
(0, 0.05341304128612942)
(0, 0.10551669308175701)
(0, -0.007975042655654862)
(1, 0.5939513311869348)
(1, 0.43678489308683827)
(0, -0.0969220703008141)
(0, -0.01028241921595531)
(0, -0.06668888445589273)
(-1, -0.060244847149180325)
(0, -0.028879682688136024)
(0, -0.027115277701035778)
(1, 0.010213995776632012)
(0, 0.021878915550650857)
(0, 0.1870741052343379)
(0, 0.0786894304526807)
(1, 0.129899383672951)
(0, 0.16350122558240815)
(-1, -0.3167348678659738)
(1, 0.8199461805121703)
(0, -0.023516098749096083)
(1, 0.936191902895352)
(0, -0.09844446370202865)
(0, 0.13285098779086796)
(0, 0.05467263982666537)
(1, 0.06882968792565264)
(0, 0.08088389391502451)
(1, 0.3933777858555287)
(0, 0.056327914773623894)
(0, 0.02492153299374636)
(-1, -0.09271999375913026)
(-1, -0.07628708881802432)
(0, -0.06576088937613209)
(0, 0.14807592324714633)
(1, 0.5248412606291709)
(1, 0.6699785289377126)
(-1, -0.9615937312954026)
(-1, -0.23014282083212784)
(0, 0.11069765974562906)
(0, 0.036850863665718214)
(1, 0.8585988079275816)
(1, 0.5961240999694823)
(0, -0.08422304622106189)
(0, -0.061211375932646396)
(0, 0.0025830384525487304)
(-1, -0.656341088640967)
(0, 0.44426787537505336)
(0, -0.0007010896638313113)
(0, 0.031112737291727702)
(0, -0.09161454550559925)
(0, -0.27845148094880096)
(-1, -0.46222681530262094)
(0, 0.1148151828823208)
(-1, -0.3992820712637481)
(1, 0.5492405009170396)
(-1, -0.022171385210369376)
(-1, -0.2847671003459567)
(0, -0.14015435937361548)
(1, 0.7788153521456835)
(0, -0.22609913443241983)
(0, 0.0037689287232206825)
(1, 0.4243014796903565)
(-1, -0.35191463551417057)
(-1, -0.6110037769886623)
(-1, -0.7975035724742302)
(1, 0.19704986638297978)
(0, -0.01743867853953756)
(0, 0.006208708473840151)
(0, -0.037845182491390905)
