(1, 0.9483684736007103)
(0, 0.16646035925125754)
(1, 0.9060491680570834)
(1, 0.8380392086228164)
(1, 0.5202936771168148)
(-1, -0.7157702712141542)
(0, 0.18345851051015388)
(-1, -0.585715906072187)
(0, 0.3680327177948686)
(0, -0.4275247512499563)
(1, 0.6871742052847836)
(1, 0.6741213013992003)
(-1, -0.7029758569774599)
(1, 0.6230149885513585)
(-1, -0.6622607417119701)
(-1, -0.7983151156782009)
(-1, -0.8224099544691151)
(-1, -0.5423253144467199)
(1, 0.027481535638079035)
(-1, -0.8023879694528343)
(-1, -0.993376919987015)
(-1, -0.6305091417702465)
(0, -0.20878346033665546)
(1, 0.6528925319189731)
(0, -0.05796035894475657)
