(1, 0.5053645235431369)
(-1, -0.6912052753158133)
(1, 0.6129702546006457)
(0, -0.05356677206125737)
(-1, -0.2501021533429284)
(1, 0.9778184940397581)
(0, -0.0993294027616033)
(0, 0.20298172588367275)
(0, 0.09563987879766472)
(0, 0.0046315889038840985)
(0, -0.2852642796914371)
(-1, -0.1274508087813781)
(0, -0.29066506456826946)
(-1, -0.828976276108492)
(-1, -0.24448694351653755)
(0, -0.0037072788981235352)
(-1, -0.3143040775754204)
(0, 0.17687865972468997)
(0, -0.3528142880436945)
(1, 0.6726392699678754)
(0, 0.2276497709958489)
(1, 0.8475508738503523)
(1, 0.9174793724579637)
(-1, -0.9025799112355382)
(1, 0.36600523920505834)
(0, 0.09236804464771292)
(1, 0.9875478872445339)
(0, -0.06193994323779023)
(0, 0.03198846410608608)
(0, -0.16494786160262848)
(1, 0.6736885267100922)
(-1, -0.42935429759292754)
(-1, -0.7712256388908167)
(1, 0.9974891575523639)
(-1, -0.4453630358858397)
(1, 0.35328233098299633)
(0, -0.07095275036179122)
(1, 0.778684292737617)
(1, 0.9878439000844705)
(1, 0.6547948052118837)
(1, 0.6824943843934181)
(0, 0.09163664242660713)
(0, 0.049127486944119864)
(1, 0.3081933460748363)
(0, -0.09695266653491788)
(-1, -0.6389116265378703)
(0, -0.07415712015672171)
(1, 0.1153467563731162)
(0, -0.0745200832107108)
(0, 0.37056394476517934)
(0, -0.008383332232704155)
(0, 0.2720719561679157)
(1, 0.9284456052770291)
(1, 0.14957626962127524)
(0, 0.29956644228132046)
(0, 0.28591867994653675)
(0, 0.09705137087985335)
(0, 0.37995795230500523)
(0, 0.21179390078504637)
(0, -0.29289125545750294)
(-1, -0.169056715703835)
(1, 0.8090433109132669)
(1, 0.3646287162394141)
(-1, -0.38318405224448315)
(1, 0.7038676879417829)
(1, 0.5455354163414631)
(0, -0.16916216772245954)
(0, -0.026488396328477)
(0, -0.0706066673017853)
(1, 0.9190675456141613)
(1, 0.6109326917207988)
(-1, -0.22626923747856564)
(-1, -0.6887191677935406)
(1, 0.6472046436198245)
(1, 0.2960161583901054)
(0, -0.18703978562101722)
(0, -0.018785027915336323)
(1, 0.08788221654311718)
(-1, -0.49479714474950154)
(-1, -0.13475834353012728)
(0, 0.0018168923894946731)
(0, -0.09217604258247673)
(-1, -0.5025055023834106)
(0, -0.3324718399194963)
(-1, -0.3253727054815059)
(0, -0.07932955942625726)
(-1, -0.9343063646523094)
(0, -0.03057121123998746)
(0, -0.14441533272186027)
(0, -0.32674917968948536)
(0, 0.1708193941146759)
(1, 0.3383796247524442)
(1, 0.543101069279455)
(-1, -0.5571438576539166)
(1, 0.6322775360609625)
(0, -0.0021360447551682094)
(-1, -0.05081145158396527)
(0, -0.24875490756499477)
(-1, -0.6287555899100751)
(0, 0.27787274759904546)
(0, 0.05689468875467832)
(1, 0.8514735126973044)
(-1, -0.4270262055974837)
(1, 0.7380330855738422)
(0, 0.28618775536847396)
(1, 0.8998853463260281)
(0, 0.09857055072952486)
(1, 0.45596749241409856)
(0, 0.1708550739842326)
(1, 0.8741118328333655)
(0, -0.11056488520953064)
(1, 0.8092245487560151)
(-1, -0.27350619784981334)
(1, 0.6863336673734326)
(1, 0.5637054982584361)
(1, 0.9817657463744909)
(0, -0.014008214991767715)
