(0, 0.01635566697334331)
(0, 0.3751906206251971)
(0, 0.017703282219459986)
(0, -0.0031694285649487763)
(0, 0.0006134793209782927)
(1, 0.8132945035064292)
(1, 0.3203703079063886)
(-1, -0.19889652920637368)
(0, 0.11478755971389273)
(1, 0.689429550834971)
(-1, -0.0608260390463371)
(1, 0.36204241572153384)
(1, 0.7398387903275926)
(-1, -0.5443409402814314)
(0, 0.26955267656646287)
(-1, -0.9963176660448911)
(0, -0.3665838531417161)
(-1, -0.5616661260959207)
(0, -0.05260666864247487)
(0, 0.09388369157155321)
(0, 0.03460851881296484)
(0, -0.17534381512458508)
(-1, -0.21877127716338585)
(0, 0.08886140756650582)
(1, 0.7731122576991828)
(0, -0.2680418539855633)
(0, -0.3604844934683373)
(1, 0.5395533602338978)
(0, 0.048399557395119544)
(-1, -0.5836203080871326)
(0, -0.1284952245505861)
(-1, -0.8401969764950442)
(1, 0.8532714714392909)
(1, 0.7479310493070432)
(1, 0.4953091611605196)
(0, -0.12460228067464274)
(0, 0.19857247623673302)
(1, 0.3976445710770789)
(0, -0.13049850758480283)
