(0, -0.2191288335470563)
(-1, -0.8902868731135475)
(1, 0.3487543073046614)
(1, 0.10990329328595183)
(1, 0.10839879917394935)
(1, 0.22744527504612477)
(0, -0.1995579308443836)
(1, 0.9443371392804882)
(0, -0.1985877370314263)
(1, 0.37414313357177087)
(-1, -0.9491554706168938)
(-1, -0.4912810027506982)
(0, 0.12503857638783647)
(0, 0.02775554197534255)
(-1, -0.1366017762015318)
(0, -0.13946391924719775)
(0, -0.06984878320233284)
(1, 0.9114554279062201)
(1, 0.0983590861300096)
(-1, -0.08779377497188345)
(1, 0.9344601463494123)
(0, 0.23469684467632593)
(-1, -0.9649425829046456)
(0, -0.32409610259354)
(1, 0.7329305383324831)
(1, 0.7457762185167418)
(1, 0.9154517768773304)
(1, 0.44600967428757576)
(-1, -0.6114886999681425)
(-1, -0.5172832067833834)
(-1, -0.9855340456041424)
(-1, -0.9866206870686636)
(-1, -0.8845221255342446)
(0, -0.1303436353110381)
(1, 0.45624985261392925)
(1, 0.7072285771922615)
(-1, -0.4429887771560093)
(0, 0.13691661301563296)
(-1, -0.1739893355977834)
(1, 0.0513447816999002)
(-1, -0.9636209098821)
(0, -0.2973836432392662)
(-1, -0.3487457443284008)
(1, 0.2684037752294504)
(1, 0.9235458016102308)
(1, 0.6579592935721925)
(1, 0.5235263840438938)
(-1, -0.8738178259804851)
(0, -0.3108835016503533)
(0, -0.19740637699844749)
(1, 0.4540964989005245)
(1, 0.35254432254876544)
(-1, -0.8163745128061254)
(0, 0.17423550450250883)
(1, 0.18334622897011693)
(-1, -0.20249222090777608)
(-1, -0.0175336543247418)
(1, 0.6170276947182004)
(0, 0.030798350181320606)
(0, 0.01769312321916475)
(0, 0.39386013243837414)
(-1, -0.4953788301259136)
(1, 0.6366423265670562)
(0, -0.17422113989928656)
(0, 0.08001638261704265)
(1, 0.39292848786427026)
(0, 0.2158747535191857)
(1, 0.30380777457558605)
(0, -0.24428006236355554)
(-1, -0.21959543862675007)
(-1, -0.8270082664292506)
(-1, -0.5885011199516753)
(1, 0.8749406425690603)
(-1, -0.847114704405561)
(0, -0.06806925326577196)
(-1, -0.7853288385730189)
(-1, -0.7687106020450021)
(-1, -0.5719556475631578)
(0, -0.03255475739687547)
(0, -0.06920850055049764)
(0, 0.14676013485830233)
(0, -0.09046346633566393)
(1, 0.28414471215216386)
(-1, -0.5057190307975264)
(0, -0.29612325974156506)
(-1, -0.6559948559331366)
(-1, -0.4160875222676357)
(-1, -0.5133004805618272)
(1, 0.8895932524703192)
(0, -0.08838948364242874)
(1, 0.6059281194239678)
(0, -0.10840113595765088)
(-1, -0.7029366857317317)
(0, 0.15444136922728274)
(0, -0.012134915347750741)
(0, 0.10643687340792538)
(1, 0.8899895755320401)
(0, -0.006259545248350928)
(0, -0.03342779380405554)
(0, 0.025789462314212565)
(1, 0.25840960797569607)
(1, 0.2395556853019007)
(1, 0.8341331028173555)
(1, 0.67371124868041)
(-1, -0.5106192429126174)
(0, 0.28787155146926774)
(0, -0.15613102394950862)
(0, 0.1733587721424845)
(1, 0.824975222304321)
(0, 0.1889869199742911)
(1, 0.6834180662042644)
(-1, -0.8512886973959767)
(0, -0.16059006494463385)
(1, 0.6709439883959705)
(-1, -0.3061223949052662)
(0, 0.015226417356667563)
(0, -0.15570191865582325)
(-1, -0.571214643337026)
(1, 0.8805439829447677)
(0, 0.09223123496386568)
(-1, -0.19928776715575247)
(1, 0.2922853076159964)
(0, 0.013590514787971554)
(0, 0.017137945301800246)
(0, 0.03538155865812379)
(0, -0.11044360484500149)
(-1, -0.2935804680064306)
(0, -0.08423968321235303)
(0, -0.23414705084052295)
(0, 0.01631508767896961)
(0, 0.02938178797243747)
(-1, -0.5166841038054283)
(0, -0.10734922815783747)
(0, 0.03822883674529695)
(0, -0.10806375305152235)
(-1, -0.8390351479633884)
(1, 0.26454251406793783)
(-1, -0.8845093525629181)
(1, 0.41573929930269704)
(-1, -0.6117640320003205)
(0, 0.32883940956367336)
(-1, -0.40034303567893026)
(1, 0.5359491634453224)
(1, 0.5538997934810335)
(-1, -0.4260026519106537)
(-1, -0.5757604598572112)
(-1, -0.9388833756033257)
(0, 0.04213813970877989)
(0, 0.008293750474791889)
(0, -0.10734922815783747)
(1, 0.10331384284951456)
(-1, -0.928553875074216)
(-1, -0.42137294457687224)
(-1, -0.3966231254312885)
(0, -0.3708657166427062)
(0, -0.04268839404464331)
(-1, -0.7337844632531406)
(-1, -0.9533214114435332)
(-1, -0.5272439292010296)
(-1, -0.14020222498521617)
(-1, -0.6708014817347497)
(1, 0.06317096029828478)
(-1, -0.28934649490384223)
(0, 0.08908161928097774)
(0, -0.3732228505890125)
(-1, -0.48157013950643657)
(0, 0.18944141770196932)
(-1, -0.11197320087084273)
(1, 0.47517364875737134)
(1, 0.3483461866020691)
(-1, -0.32988334270272446)
(0, 0.003847018572629257)
(-1, -0.510676336714267)
(0, 0.13368722203894673)
(0, -0.2336899365734089)
(1, 0.6948494281642302)
(0, -0.048832412377017576)
(1, 0.6976355262874956)
(1, 0.44895250649778595)
(-1, -0.7502546999846615)
(0, 0.04528347240127811)
(-1, -0.4179580379768486)
(1, 0.8476884011313337)
(1, 0.6774994090721386)
(-1, -0.6892974207073579)
(-1, -0.8227188658443622)
(0, 0.27486766408633634)
(1, 0.1594565420136598)
(1, 0.8162927173756627)
(1, 0.44027116223887586)
(1, 0.42751926610020763)
(0, -0.10842345128554126)
(-1, -0.7941784752884337)
(-1, -0.8494307212165408)
(-1, -0.5734426534667116)
(0, -0.2134870014840721)
(-1, -0.6890739598529704)
(-1, -0.9953923698220126)
(-1, -0.3408433541396432)
(-1, -0.26543967606554836)
(1, 0.9827971634250457)
(-1, -0.979769432189743)
(-1, -0.36577679481682673)
(0, -0.2852920233655867)
(1, 0.7976423467886818)
(1, 0.412741333477444)
(-1, -0.39063855447302936)
(-1, -0.5911226040110426)
(0, -0.19118173831122678)
(-1, -0.06300627999200636)
(1, 0.09764603068082556)
(-1, -0.8900220754420584)
(-1, -0.04835297876669847)
(1, 0.447507162876824)
(0, 0.09539349638061197)
(0, 0.050263169350266756)
(-1, -0.31384862062119473)
(1, 0.6335946182992347)
(-1, -0.5711463003029256)
(-1, -0.7452184298622954)
(1, 0.6846786737824561)
(-1, -0.7015998954572444)
(-1, -0.032858715833129326)
(-1, -0.5978988732739645)
(-1, -0.658183746447793)
(1, 0.09576228629484473)
(-1, -0.33698696689814905)
(-1, -0.3393710623262097)
(0, 0.20399752675025215)
(-1, -0.8482355870734318)
(0, -0.4787384740730632)
(-1, -0.9020974561910496)
(1, 0.46411210245438855)
(-1, -0.9335931609361366)
(0, -0.11949139204741932)
(1, 0.8747611397646337)
(0, 0.141872321678485)
(0, -0.34966685015990334)
(0, 0.0346821945221426)
(0, 0.13401058619761977)
(-1, -0.770978764574427)
(0, 0.03561784515227395)
(-1, -0.8105978585687151)
(0, -0.08604024681073644)
(0, -0.2686157793972452)
(0, -0.21181561404763427)
(-1, -0.8306371513894378)
(-1, -0.27608670038888283)
(1, 0.23515319698414833)
(-1, -0.9489335405120448)
(1, 0.8276406268885171)
(-1, -0.3548153802851637)
(0, -0.1724843599220775)
(0, -0.013610666651164033)
(1, 0.5116187172569038)
(-1, -0.7355113071652387)
(1, 0.4898422682235708)
(0, 0.37605399587870453)
(0, -0.025126872056669497)
(1, 0.3668728297377744)
(1, 0.886827984841701)
(1, 0.8264522144933883)
(0, 0.22883178304312218)
(0, -0.10044961139190438)
(0, -0.12893016625895654)
(0, 0.0008703268270717768)
(-1, -0.42721425903716764)
(-1, -0.7957049300606114)
(0, -0.2335762228455731)
(0, 0.15299092530883535)
(0, 0.035655479004568995)
