(-1, -0.5343476264332017)
(1, 0.9337199455091408)
(1, 0.8988698145683324)
(0, 0.015129378061205234)
(1, 0.053146967241961274)
(1, 0.8625068716959629)
(1, 0.8925084555409506)
(1, 0.11399702033974224)
(1, 0.9271645542790315)
(-1, -0.5007880090916077)
(0, 0.06273761903143574)
(-1, -0.33740435598352003)
(-1, -0.8352274456064357)
(0, 0.021306287549542613)
(-1, -0.9794583652073087)
(-1, -0.6896437911711024)
(0, 0.11882616642395279)
(0, -0.0017346014192326231)
(1, 0.4405686484973733)
(0, 0.0711244775318533)
(1, 0.501725347251664)
(1, 0.8783962313521152)
(1, 0.534091818424195)
(-1, -0.6424698329512087)
(-1, -0.8036796524720183)
(-1, -0.5119153526793142)
(0, 0.004457195628963739)
(-1, -0.6455128401846987)
(1, 0.8002617310241997)
(0, 0.19560675152421467)
(-1, -0.04259149828446157)
(-1, -0.14924578795582388)
(0, 0.1484805400127969)
