(0, 0.17737365531432317)
(-1, -0.9133038374528593)
(0, -0.04238406919659461)
(-1, -0.44694330267957044)
(0, 0.011806307517696152)
(-1, -0.5231404843758607)
(0, 6.870152325065982e-05)
(-1, -0.5836804558116695)
(-1, -0.04057399360039987)
(1, 0.8460887654193787)
(1, 0.9911050289791224)
(-1, -0.8173612246031046)
(-1, -0.4369229454492498)
(0, -0.011879903860431279)
(0, 0.0008390988836040753)
(0, -0.1663368939547096)
(-1, -0.19924382567159543)
(0, 0.02471165633277364)
(1, 0.355212746206351)
(-1, -0.971055236707341)
(-1, -0.9399288467833438)
(-1, -0.9467690796200237)
(0, 0.28575968486181363)
(0, -0.06169275469739134)
