(0, 0.016572443340449328)
(1, 0.31449451012325724)
(0, -0.0472620842204546)
(0, 0.3464439967655276)
(0, -0.07915966096861084)
(0, 0.35757608040691646)
(1, 0.033464933246522444)
(0, 0.1616460743200791)
(1, 0.8280449725008907)
(-1, -0.6804563626448287)
(0, 0.18268437540587834)
(0, 0.28807008774204396)
(0, -0.10696662685263775)
(0, -0.24974779200087957)
(1, 0.9110918582598694)
(0, 0.1797542283109557)
(0, -0.216598492725099)
(0, -0.30329393010097544)
(1, 0.9869927052687667)
(1, 0.8495713466755477)
(-1, -0.7141465345255943)
(-1, -0.27609046433306395)
(0, 0.05893800005349484)
(1, 0.9457286451434098)
(-1, -0.4000699978078402)
(-1, -0.6506182215926697)
(-1, -0.3293139500127243)
(-1, -0.3505021594345292)
(1, 0.37557008863142444)
(1, 0.29012307158661044)
(0, -0.016722982751895613)
(-1, -0.3512295115337515)
(-1, -0.8768669023508834)
(1, 0.6302056510212111)
(-1, -0.25852390589015223)
(-1, -0.8220168258586441)
(0, 0.04456515683079271)
(-1, -0.5367855982871852)
(-1, -0.7152311570176024)
(0, -0.06202088313382853)
(1, 0.9114386277130797)
(1, 0.1309456599564051)
(0, -0.0630064196985029)
(0, -0.010998638456539065)
