(1, 0.8682020613486139)
(1, 0.6243843950239807)
(0, 0.04877578318080095)
(1, 0.5920031295425343)
(1, 0.14094682804484848)
(1, 0.22656484772182972)
(1, 0.015064132723325407)
(0, -0.07852771065609557)
(0, -0.33027958043987915)
(1, 0.1370390290546208)
(-1, -0.10716234812181391)
(1, 0.09387987332499542)
(-1, -0.07119498074572045)
(1, 0.47079289481736747)
(0, 0.07084033199440605)
(0, 0.27291813000468373)
(1, 0.5865909164306444)
(1, 0.6248906249050039)
(1, 0.5714490114338153)
(1, 0.5594685083025767)
(0, -0.07180813273909017)
(0, -0.05441225390853627)
(0, -0.2197946883307571)
(0, 0.05879119579888981)
(0, 0.15646249690725011)
(0, 0.23895468280836588)
(0, 0.4106663579052481)
(-1, -0.6709222185372767)
(0, 0.11743447994658403)
(0, -0.005459003450266842)
(0, 0.04311153848026189)
(1, 0.8759495338317388)
(1, 0.7331101338719259)
(1, 0.08994380278060987)
(1, 0.8202274809122598)
(1, 0.3848984597776126)
(0, 0.3103915089182464)
(1, 0.9749207109552809)
(-1, -0.6402748912563574)
(0, 0.09661863813452887)
(1, 0.8849163570651265)
(1, 0.7921476780203934)
(0, -0.049144420145120854)
