(1, 0.7622056962284771)
(0, -0.08481790058027969)
(1, 0.6179908491724895)
(-1, -0.9383169690996062)
(1, 0.5367367301757904)
(0, 0.2060645439230981)
(0, -0.02677052668302829)
(0, -0.04038699920636368)
(-1, -0.34548734085790417)
(1, 0.05331995844406723)
(1, 0.7268017056722182)
(-1, -0.31579864792030266)
(1, 0.30887944903999376)
(-1, -0.7259551601520371)
(1, 0.0890503067463938)
(-1, -0.3639544894891204)
(0, -0.04113966967423123)
(0, -0.02172259759714315)
(0, -0.2860660198065321)
(1, 0.1290562763055636)
(0, -0.15801566138673032)
(1, 0.6625100457174999)
(1, 0.10645318420967664)
(-1, -0.39587437168461836)
(-1, -0.10452442267643935)
(1, 0.6407233366231077)
(1, 0.8162640591994198)
(0, 0.02491987063539486)
(0, -0.02613524877028041)
(1, 0.8258661210381764)
(0, -0.06548896346800777)
(0, -0.04173040112815046)
(1, 0.7357947983964758)
(1, 0.10193459337115163)
(0, 0.009650010330077292)
(0, -0.20606126629463142)
(-1, -0.6442793895358337)
(0, -0.22453674564480927)
(-1, -0.054369620068858926)
(1, 0.4452267886257255)
(0, 0.16179755339572988)
(0, -0.23989465638104476)
(1, 0.9891965082204858)
(0, 0.013382460635043919)
(0, -0.06565328737911873)
(0, -0.14607677475435282)
