(0, -0.0007762965105043594)
(1, 0.09923214337841157)
(0, 0.05544708972449139)
(1, 0.5189047126054758)
(-1, -0.0582181512365324)
(-1, -0.9669857437199835)
(1, 0.6131534744453143)
(1, 0.8044346382200043)
(-1, -0.9705670867093041)
(0, -0.3179209558237462)
(0, 0.08497809326510045)
(-1, -0.8675927516369941)
(-1, -0.6958954297368563)
(0, -0.019978598365686995)
(0, 0.21617586496616806)
(1, 0.5252355270732039)
(0, 0.07052343577221379)
(0, 0.11195181018529012)
(0, -0.11967326409676973)
(1, 0.9798689945457062)
(-1, -0.872047667788537)
(-1, -0.46130957921990556)
(0, -0.22177091928733755)
(0, -0.29830976204479154)
(0, 0.08028331638064137)
(-1, -0.4815702646293154)
(0, -0.15208598116570327)
(1, 0.02168656243768513)
(1, 0.4586405411904516)
(-1, -0.8041303307790236)
(0, 0.47337971715261357)
(0, -0.45027369320925115)
(-1, -0.29560043091975274)
(1, 0.8580321518346685)
(0, -0.2084546712928779)
(1, 0.9950064737156805)
(-1, -0.6123259199647185)
(-1, -0.7033511210574872)
(-1, -0.9689894587550885)
(1, 0.3594591826567806)
(1, 0.9179471452443176)
(-1, -0.3716008615719759)
(0, 0.02050456735558738)
(0, 0.02424988377242452)
(1, 0.4560238556766577)
(1, 0.8967160096030938)
(1, 0.8689776369655559)
(0, 0.07223582231480384)
(0, 0.07088419137373933)
(0, 0.03560132618147413)
(1, 0.2411293380745564)
(-1, -0.4579784883598208)
(-1, -0.49879147514143585)
(1, 0.3315198134705183)
(0, -0.2324346555323757)
(0, 0.18876530386778667)
(0, 0.0819726279089025)
(0, -0.02652135750406892)
(1, 0.3680737797168686)
(0, -0.0028613000161644003)
(0, 0.1485356299202546)
(0, 0.2742453825959861)
(0, -0.18149443043517482)
(-1, -0.9968406430699283)
(0, -0.17126440118858147)
(0, 0.3229020725465046)
(-1, -0.13970401871220733)
(1, 0.6800486709037535)
(-1, -0.7359328200460187)
(-1, -0.4210775835788332)
(-1, -0.9849677521232191)
(-1, -0.9287652330284712)
(1, 0.28182381583541716)
(-1, -0.3752710266169333)
(-1, -0.7170275385057767)
(-1, -0.49285867940335293)
(-1, -0.082180836798039)
(-1, -0.34455336074234755)
(0, -0.36857179878195834)
(-1, -0.8365399306420697)
(-1, -0.17717935516009664)
(0, -0.31323017525923397)
(0, -0.3106624564934576)
(-1, -0.38595919706280724)
(0, 0.14857523141260387)
(0, -0.06074665606703185)
(0, -0.00586441452606435)
