(1, 0.9482901536659156)
(1, 0.9857580840386048)
(1, 0.8793631524251516)
(1, 0.7625911934571558)
(-1, -0.3367255836627951)
(1, 0.816737929091137)
(0, 0.03776769115486291)
(0, 0.004827153181147167)
(0, -0.008598629860584683)
(1, 0.38759119250527097)
(0, 0.1194116020214335)
(1, 0.7982477858119448)
(1, 0.3950253841303333)
(-1, -0.5634650439584372)
(1, 0.49873771140060197)
(1, 0.8034346952346313)
(1, 0.844373907394273)
(0, 0.004583203454714996)
(0, 0.48414082418815857)
(1, 0.7756382041963666)
(0, 0.04457049879247167)
(1, 0.8015098810324666)
(0, -0.05350140276686456)
(1, 0.7982945633892088)
(0, 0.009522124800024744)
