(1, 0.7558868275026271)
(-1, -0.09812566229341774)
(-1, -0.774275779362701)
(0, -0.16917285605082255)
(-1, -0.40554924579596774)
(-1, -0.958624512899606)
(0, 0.06539649395936455)
(0, -0.12270847468610144)
(1, 0.025180729148850056)
(0, -0.19335699285241137)
(-1, -0.0700694051694658)
(0, 0.01002797669130311)
(-1, -0.7512956691868851)
(-1, -0.2716446889240499)
(0, 0.08821127817710918)
(-1, -0.08493791787672217)
(-1, -0.8892976727661127)
(0, -0.003999520175425195)
(0, 0.014390763132137413)
(-1, -0.79037774212947)
(0, 0.12843818701182544)
(0, -0.0001128828298153084)
(0, 0.050380094929217335)
(1, 0.7007009667911108)
(1, 0.6418313021982758)
(-1, -0.2172479277859201)
(1, 0.9300111554392205)
(-1, -0.42082358464794145)
(1, 0.23114389822198123)
(1, 0.47291104693979713)
(0, -0.22427752828827124)
(-1, -0.9993716184004774)
(-1, -0.19378615822695544)
(-1, -0.593666877390679)
(1, 0.3948040464952174)
(-1, -0.8792107073494468)
(1, 0.6979387652874852)
(0, -0.014575455416796557)
(0, -0.4082837025770521)
(1, 0.6838344569157245)
(1, 0.2205715290852977)
(0, 0.017165529777383212)
(0, -0.20574485717619173)
(1, 0.9999457116467763)
(0, 0.2552051463171075)
(1, 0.7593871844060655)
(1, 0.6627267441111933)
(1, 0.5779569741044758)
(1, 0.46811861151765755)
(1, 0.5611338122853706)
(-1, -0.42801576288629284)
(0, 0.025841821348725258)
(0, 0.0769064911147489)
(-1, -0.3573492734890631)
(1, 0.8539095384447406)
(0, 0.07690249112722286)
(0, 0.02463587234064092)
(0, 0.0025562995444034925)
