(0, 0.1770553787677595)
(-1, -0.9996792525163473)
(1, 0.16448320547655826)
(1, 0.2499630168346455)
(1, 0.1717657246894389)
(0, -0.16238287624709716)
(0, 0.16028288345196995)
(-1, -0.3348455874255095)
(0, 0.10292659343908195)
(0, -0.01528620324273601)
(0, 0.24611175212407801)
(0, -0.04745156772747028)
(-1, -0.9513499293062926)
(0, -0.051714601486641934)
(1, 0.6696669548760447)
(0, 0.29379407447837014)
(0, 0.15887514172397463)
(0, 0.026673623862833888)
(-1, -0.043606852711580435)
(0, -0.05758306289530313)
(1, 0.7365165567035308)
(0, -0.3690226796710984)
(0, -0.17313191273743817)
(0, -0.22022519611762392)
(1, 0.4019713571430492)
(0, -0.20674053090000027)
(0, -0.38555364415465876)
(-1, -0.6536493367050391)
(0, 0.019389421374670784)
(1, 0.4763337875307917)
(0, -0.25916274317084737)
(0, 0.0011504793054044607)
(0, 0.1707530366345647)
(0, -0.01629876300568381)
(0, 0.04283486842808409)
(1, 0.883001030558302)
(1, 0.08471820633479854)
(0, -0.040575007640046706)
(-1, -0.5939971968501122)
(0, -0.28570967612385306)
(0, 0.19172068210681134)
(0, -0.0062303982964649575)
(0, -0.060615662760167555)
(0, 0.07404400142814398)
(1, 0.6750690127289327)
(1, 0.7381211686951576)
(0, 0.06718950551612243)
(1, 0.5647174768258416)
(0, -0.42533079111303795)
(0, 0.3315341792782854)
(0, 0.12630371380163025)
(0, 0.22089630533251836)
(0, -0.028990225106394818)
(0, 0.02864204415348165)
(-1, -0.6958588369067463)
(0, -0.025434631750435255)
(0, 0.05325818297505813)
(-1, -0.531380668010956)
(-1, -0.41668600179676685)
(-1, -0.7211299945923361)
(-1, -0.6551129861524789)
(-1, -0.7800776013367332)
(1, 0.8368616515295477)
(0, -0.3055135464557674)
(-1, -0.408546561362214)
(0, 0.08147021573245339)
(-1, -0.44560585876569003)
(0, 0.31206594920447933)
(0, -0.08601085159548583)
(0, -0.06765460210613114)
(-1, -0.5110337853392015)
(0, 0.0037211622079071013)
(-1, -0.7745890331833473)
(0, -0.01211574118731576)
(0, -0.2209721019662626)
(1, 0.6465862252034009)
(1, 0.856222734445275)
(-1, -0.19563074553748788)
(0, -0.024053641900546596)
(0, 0.05306482224344415)
(0, 0.06215034798981492)
(0, 0.11895007636804775)
(0, 0.03541574639036764)
