(-1, -0.29974789388352874)
(-1, -0.4913445612208069)
(0, 0.24805775203681646)
(0, 0.06498530706703781)
(0, 0.022972653399599884)
(1, 0.1180900104698509)
(-1, -0.3004578006859287)
(1, 0.5583754471677864)
(0, 0.44639788335334807)
(1, 0.9139953173450602)
(-1, -0.1414858386105663)
(0, 0.32260869652441965)
(0, 0.3502522384743328)
(-1, -0.46766806844025205)
(0, 0.23924574634125428)
(0, -0.2606446005926958)
(-1, -0.5361132918605527)
(-1, -0.7698265742463378)
(0, -0.04086660922617187)
(-1, -0.42969282442694273)
(0, 0.13028641193845064)
(0, -0.14082612001917827)
(0, -0.3079861439120968)
(-1, -0.4356801100048531)
(-1, -0.06581759299100276)
(-1, -0.9426223616002009)
(1, 0.24591806430080176)
(1, 0.7591787689288267)
(1, 0.6213342119850804)
(1, 0.5570545935267157)
(0, -0.024053641900546596)
(0, 0.10688943112272001)
(-1, -0.3011400397610065)
(-1, -0.33761833173899003)
(-1, -0.01028521634509827)
(0, 0.010416750236643936)
(0, 0.07753223358618593)
(-1, -0.7713427067255522)
(0, -0.054308414559345125)
(0, -0.02593054499385642)
(0, -0.21257387745896092)
(0, 0.023873528687586132)
(-1, -0.5914446838018357)
(0, 0.006764782761059407)
(1, 0.5848391134378821)
(1, 0.7554216517272827)
(0, -0.12944577308093613)
(0, 0.22902736934612342)
(-1, -0.00726176394021566)
(1, 0.7836783414010466)
(0, -0.04636888423945)
(0, -0.03824267803710414)
