(1, 0.07393295965418589)
(1, 0.262192878349502)
(1, 0.5095430964455034)
(0, 0.06657957891245221)
(0, 0.00842672492087923)
(0, -0.018837452518853513)
(-1, -0.23976606279241441)
(-1, -0.6336717912062724)
(0, -0.01609930645820981)
(0, -0.21643798480870746)
(0, -0.07567894454435355)
(1, 0.12111773485859195)
(0, -0.024454894120228665)
(-1, -0.3383033396815651)
(1, 0.5697933266769171)
(0, 0.11281448717512359)
(0, -0.0939589331622166)
(1, 0.8534886294470827)
(0, 0.20998907242100426)
(0, -0.09975955325658767)
(-1, -0.7888103248705516)
(-1, -0.48887145614823757)
(1, 0.6890182257285951)
(0, -0.424181208738265)
(0, -0.26249536057709333)
(0, -0.11994103251118621)
(0, -0.10266482426611848)
(1, 0.5350060040611565)
(0, 0.1116541974850756)
(0, -0.03659437514790259)
