(0, -0.40729551351612964)
(0, 0.04097275558216186)
(-1, -0.6256154094529552)
(-1, -0.5856877340550205)
(0, -0.2895481579603083)
(-1, -0.6689413743453314)
(0, -0.11291876632163725)
(0, 0.02748058381941295)
(-1, -0.9124677423461096)
(0, -0.21375396688954595)
(0, -0.06251598235866819)
(0, 0.3749967352169174)
(0, 0.2051792065515202)
(0, -0.2561402285690475)
(0, -0.043396056926203685)
(-1, -0.605157750459517)
(-1, -0.16285236250859814)
(0, -0.14838804740282852)
(0, -0.17729891051657665)
(1, 0.5138938817278529)
(1, 0.2380071556433111)
(0, -0.06723028721245022)
(1, 0.5061468746873371)
(1, 0.5690847842878466)
(0, -0.3081029376248821)
(-1, -0.2827760771614165)
(0, -0.12039282560402165)
(1, 0.053183823237778316)
(-1, -0.2216110693128086)
(1, 0.7901135918818311)
(1, 0.04494340978239281)
(1, 0.3180269741609879)
(0, -0.22031085645547674)
(-1, -0.04528357576364589)
(-1, -0.22722768184298847)
(1, 0.2517155941007652)
(-1, -0.6055203860764691)
(1, 0.5077478178577437)
(0, 0.20638029777480904)
(0, 0.22698789250680265)
(0, -0.20590526126679637)
(0, -0.02864172531189621)
(0, -0.08131180562350428)
(-1, -0.623526070812502)
(-1, -0.9061842127883589)
(1, 0.42054403121114425)
(-1, -0.8383136605750133)
(0, -0.10880723977991211)
(-1, -0.42579104424961733)
(0, -0.13636049811947837)
(1, 0.7472739603228489)
(0, 0.1427997461807084)
(1, 0.28289813785238427)
(0, 0.21441839340990937)
(-1, -0.25786726717467845)
(0, -0.1447069474537451)
(0, 0.17721932462329537)
(1, 0.1811080806005435)
(0, 0.18069442151434761)
(0, 0.08582995530945212)
(-1, -0.17591734684766802)
(1, 0.20322114196867994)
(0, -0.20327781481280505)
(0, -0.017276098371243054)
(0, 0.1803559833725435)
(1, 0.505409945749179)
(1, 0.7595822701700671)
(1, 0.26815857096844875)
(0, 0.15576512702266912)
(1, 0.6321929337063036)
(-1, -0.30118354966427346)
(0, 0.04767143099345615)
(0, 0.21606115250154154)
(0, -0.22848576264781076)
(-1, -0.5723903244086052)
(0, -0.2876463941644706)
(0, -0.092436858870902)
(1, 0.2699973948618922)
(0, -0.051250068424275944)
(1, 0.6533879226652798)
(0, -0.3324962455499621)
(1, 0.13551295357851234)
(0, -0.2697289559337767)
(1, 0.01213117497607763)
(0, 0.30878567841347293)
(0, 0.055113588798122365)
(0, -0.35827569140278187)
(0, -0.07645309655460468)
