(1, 0.4505581159572123)
(-1, -0.456925011607727)
(0, -0.18710759174972533)
(0, 0.1796364422753832)
(0, -0.16201194870885072)
(1, 0.8142851179905746)
(1, 0.8466932253747899)
(0, -0.04842073456125786)
(1, 0.14455020420877862)
(1, 0.5020147271595049)
(1, 0.2944208271112373)
(0, -0.027431502680122594)
(0, 0.00785759861909789)
(1, 0.9830468425073391)
(1, 0.2772414051199974)
(-1, -0.7591063223828227)
(-1, -0.6483416859069641)
(-1, -0.8231942512951237)
(0, 0.10006431382564918)
(1, 0.9885075492441798)
(-1, -0.49692838226291103)
(-1, -0.9545926705751516)
(0, 0.06869673044864712)
(1, 0.9762023348948609)
(-1, -0.7532696940053081)
(1, 0.563014874077991)
(1, 0.5537365659592417)
(0, 0.17439058961582282)
(1, 0.29053144294971317)
(1, 0.5611203290332121)
(1, 0.7003235243607795)
(0, -0.0714520624755602)
