(-1, -0.7265303968865799)
(0, -0.0290085666762878)
(1, 0.48309169727192014)
(1, 0.5165762059279668)
(0, -0.0488636225329182)
(0, -0.21933025247101812)
(0, 0.08614899417692849)
(-1, -0.2607208032145136)
(-1, -0.711542724844816)
(0, -0.15759455077271964)
(0, -0.024696667129634337)
(0, 0.06188892696490236)
(0, 0.09313307962122311)
(-1, -0.7285618980695817)
(0, 0.016114871085846392)
(0, -0.2848072328326129)
(-1, -0.4010915055301946)
(0, -0.0036213303486337597)
(0, -0.15351160938848873)
(0, -0.10928693222806311)
(0, -0.013835132626220154)
(0, -0.05320787645459858)
(0, -0.23703767504983606)
(0, -0.16814431057579998)
(-1, -0.3467868636864782)
(0, -0.0013957212102733707)
(0, -0.010979167783947068)
(0, 0.14313164557932379)
(0, 0.059639911396211706)
(0, -0.2407363536558612)
(0, 0.12709713916195595)
(-1, -0.8024977784653576)
(1, 0.6901633830672719)
(0, 0.11371701919046616)
(0, 0.07662793274468133)
(-1, -0.3053938632799206)
(0, -0.09785839964328802)
(0, -0.21513666884015922)
(-1, -0.8935067584481304)
(-1, -0.8428365699585989)
(-1, -0.3588285978126689)
(-1, -0.429671115167369)
(-1, -0.7237505694047028)
(-1, -0.48223367407892603)
(-1, -0.7261564025338181)
(0, -0.25312488690873824)
(0, -0.015478445935485897)
(0, -0.21062122618148643)
(-1, -0.43663298057306504)
(0, 0.2919786725731728)
(0, -0.1377351537467508)
(0, -0.09873422126208536)
(0, 0.032736294008949694)
(0, 0.0015120624276680629)
(0, 0.15846801765561175)
