(-1, -0.41056004489127707)
(1, 0.3559625213024475)
(0, -0.23239647598261098)
(1, 0.5590333862065718)
(-1, -0.33435084974360696)
(0, -0.016104149554762415)
(1, 0.9235556891053838)
(0, -0.010996437491704883)
(-1, -0.697227477304477)
(-1, -0.27485956166670816)
(0, 0.045678847717735754)
(-1, -0.6324078037542699)
(0, 0.0630241072783671)
(-1, -0.5181109317157734)
(1, 0.8590098302839898)
(-1, -0.10328478178505707)
(-1, -0.7132630919850221)
(-1, -0.9859340654567017)
(0, 0.10428732475816266)
(0, 0.11759503049720765)
(0, -0.017741214090039176)
(1, 0.3664877633718183)
(1, 0.1697357418699893)
(-1, -0.8975234308738606)
(0, -0.13155990007099488)
(0, -0.042954566631304494)
(1, 0.46578934128401106)
(1, 0.5304982313969794)
(0, -0.03011078277770876)
(-1, -0.6248964909392206)
(0, -0.09374686836280668)
(0, -0.1539326343727605)
(0, -0.3824427369848971)
(0, 0.07557781196496129)
(-1, -0.2886727396239866)
(0, -0.2762453294831115)
(0, 0.19841985759779113)
(1, 0.4611116862828364)
(0, -0.19880421351122246)
(1, 0.4815194902093942)
(0, -0.020768187396350918)
(0, 0.004948821039012563)
(0, 0.20816544342686144)
(1, 0.765764759225874)
(-1, -0.9231699445581307)
(-1, -0.31660961099141577)
(-1, -0.46451811521333775)
(1, 0.36275894563919464)
(-1, -0.9640083843373831)
(0, -0.04635807745050041)
(0, 0.0023867054370800933)
(0, -0.13534780955274953)
(1, 0.9895908606462024)
(1, 0.9729732965429181)
(1, 0.2508477927260955)
(0, -0.005962127458913067)
(0, 0.008923308942431343)
(0, -0.03772753073557014)
(0, -0.017657390529393316)
(1, 0.46658732489526544)
(0, -0.06741736729717308)
(0, -0.007434156458628542)
(0, 0.014401708112614113)
(0, 0.019098864397368853)
(0, 0.040492733407053505)
(0, -0.008892770963556354)
(1, 0.46898905121168816)
(1, 0.4663973882941579)
(0, -0.01375839094969672)
(-1, -0.5981444618703672)
(1, 0.8461578317046117)
(0, 0.11949106234610943)
(0, 0.21401630390112356)
(0, 0.06477463475747637)
(0, -0.17714488243471896)
