(-1, -0.7839899045077703)
(-1, -0.6713003489985869)
(1, 0.5302465298605755)
(-1, -0.19224062422400878)
(0, -0.24984829600616845)
(0, 0.3216603843446691)
(-1, -0.6187586699054222)
(-1, -0.5127083965527861)
(-1, -0.9970248425537306)
(1, 0.5317718855457083)
(-1, -0.5004204738823111)
(-1, -0.6611582304890465)
(-1, -0.6225033234340382)
(0, 0.08984577260178653)
(-1, -0.7621908497808609)
(-1, -0.8055143461573526)
(-1, -0.6979185779535241)
(-1, -0.16527184208948448)
(1, 0.7008496923663659)
(1, 0.3133413377434681)
(-1, -0.7994677289035521)
(-1, -0.03485717331273569)
(0, -0.05796035894475657)
