(0, 0.2377790939690261)
(0, 0.16899364762474692)
(-1, -0.218185273929417)
(0, 0.11988930249236009)
(1, 0.8049175360203092)
(-1, -0.6660225880735744)
(0, 0.14482321118752692)
(-1, -0.9338674237049501)
(-1, -0.42478895282072254)
(0, 0.013404508660437763)
(0, 0.0037133258916099464)
(1, 0.3482452233498255)
(0, -0.13384179690791317)
(0, -0.0824748568425939)
(-1, -0.9145421098993047)
(0, 0.2136173623941736)
(0, -0.2045897519533493)
(0, -0.040111598221970156)
(0, 0.07669141615171196)
(-1, -0.11437833478193687)
(0, 0.17514356373468032)
(0, 0.056980097162535714)
(0, 0.02388205757225014)
(1, 0.875386526222767)
(0, 0.044132583235895854)
(0, -0.033695094482758176)
(-1, -0.5294447792228809)
(-1, -0.7072877436158947)
(0, 0.005843194799998258)
(1, 0.6499598162266007)
(0, -0.048804908215697336)
(0, -0.2582853934057414)
(-1, -0.0161305260692427)
(1, 0.32853058078289354)
(1, 0.6541334556518603)
(1, 0.9156710386956113)
(1, 0.804520989762529)
(0, -0.01186291016918156)
(1, 0.7000303360043909)
(0, -0.09747968365204703)
(0, -0.06874396830611329)
(1, 0.2720956647665317)
(1, 0.6071485241285313)
(0, 0.11340844945823281)
(0, 0.11791365096366427)
(1, 0.8080293981994996)
(1, 0.740636747522921)
(0, 0.027135360799249192)
(1, 0.7978390899848782)
(1, 0.5913257971530963)
(1, 0.4012237334219321)
(1, 0.7436888673463556)
(0, 0.05342305658314219)
(1, 0.9881199564891716)
(0, 0.11770076079084058)
(0, 0.4465286866853311)
(0, -0.015507627498940801)
(0, 0.054901622268451085)
(0, 0.3180749515675841)
(0, 0.037704987430929766)
(0, 0.03113298638647098)
(-1, -0.33756309286089503)
(1, 0.7187696920691959)
(0, -0.10187337961705983)
(0, -0.010759855896654728)
(0, 0.438200472393947)
(1, 0.7238749739502853)
(0, 0.3600024977247678)
(0, 0.3974945166929846)
(0, -0.0018558397772579747)
(0, 0.025546637710124713)
(0, 0.080925995009622)
(0, 0.0023073668125994443)
(0, -0.015814946345720424)
(0, 0.031369342703948415)
(0, 0.014836469205103824)
(0, 0.06800564100306958)
(0, 0.11549781035593563)
(1, 0.9966391498726938)
(0, 0.010788009052087228)
(1, 0.2667043682713267)
(0, -0.27206487225257)
(0, 0.23957227014324817)
(0, 0.022241514861827863)
(0, 0.053631162114285605)
(0, -0.0008464812514225768)
(0, 0.3261259771692159)
(0, 0.0029652965642016187)
(0, -0.004886788404163095)
(0, 0.08608905432558563)
(0, -0.15868995791746426)
(0, 0.04173362923501765)
(0, 0.042124090716404244)
(0, 0.06401561880144986)
(-1, -0.4515829315331318)
(1, 0.2742294007810717)
(0, 0.10926666144833304)
(0, -0.1671621744782999)
(-1, -0.10162801149044137)
(0, 0.10974250617002379)
(1, 0.9857519350885957)
(0, 0.010365529061327011)
(-1, -0.3968931531064337)
(0, -0.03320232336100592)
(-1, -0.5032555584527125)
(0, 0.19599126011897766)
(0, 0.1940519437385423)
(0, 0.03255903187219584)
(0, 0.07702053553557456)
(0, 0.3716326594766999)
(-1, -0.9527413047704901)
(0, 0.058658868014120596)
(1, 0.7453088037511503)
(0, -0.03320608422459023)
(-1, -0.4086729606035216)
(0, -0.4703548129752261)
(0, -0.0329885350693221)
(0, 0.15014520220463815)
(0, 0.0047913070118260626)
(0, 0.47160340184031024)
(1, 0.9122101293335925)
(0, 0.0009369709385423673)
(0, 0.04612890678266882)
(0, 0.2038338612320244)
(0, -0.3179930341652157)
(0, 0.10768268367061587)
(0, -0.1556448295645042)
(0, 0.012953504641047074)
(0, 0.10260746958877848)
(0, 0.021070956757556186)
(-1, -0.42432616579242616)
(-1, -0.6210982639991249)
(-1, -0.3514861852412955)
(0, -0.053277178588253885)
(-1, -0.20684815693443975)
(1, 0.9789554166318619)
(0, 0.0006814108237172684)
(0, 0.02506639815383371)
(0, 0.021486385374623027)
(0, -0.07354936559235414)
(1, 0.5841082031744735)
(0, -0.23234963360835634)
(1, 0.6800708379514916)
(0, 0.011571142611863693)
(0, -0.03489909055080895)
(0, 0.01566792933192876)
(0, 0.07628543225088216)
(0, 0.10766262456074452)
(0, 0.03028811294294226)
(0, 0.22077371142208363)
(0, 0.2010051337198595)
(-1, -0.410578126152798)
(0, 0.16906891511502056)
(0, 0.16945707800443527)
