(1, 0.3453468389302736)
(-1, -0.9103266982652509)
(1, 0.8313902747293225)
(-1, -0.7695061418997948)
(0, 0.01484168669932276)
(-1, -0.7996947944238953)
(1, 0.1998714341611521)
(-1, -0.9169052442811658)
(1, 0.9619144699351602)
(1, 0.4367907273416006)
(-1, -0.31813428636989904)
(-1, -0.9910112131642044)
(0, -0.07320813624783425)
(-1, -0.3707862186310318)
(-1, -0.049191946774720774)
(1, 0.864071455477571)
(1, 0.9967222127897859)
(1, 0.11839136850536858)
(-1, -0.7438036529292886)
(0, 0.04851383556938402)
(0, -0.05988431607224425)
(1, 0.7463203104683757)
(-1, -0.7937980298482384)
(1, 0.9169034720526825)
(0, -0.25832451773083914)
(-1, -0.4436385528383022)
(1, 0.7717774126795822)
(0, -0.26996425016915854)
(-1, -0.31151928314960864)
(0, 0.12557406421463668)
(0, 0.1878267057597631)
(1, 0.9494325323445917)
(1, 0.31028598387271905)
(0, 0.01946556353886311)
(1, 0.5457752296617188)
(-1, -0.5201809765930037)
(-1, -0.32300615510957437)
(-1, -0.9302262111660906)
(0, -0.09442322254530179)
(0, 0.04340107044161559)
(-1, -0.994278140057132)
(-1, -0.4606226964881671)
(-1, -0.5460042882511364)
(0, -0.18431599192955636)
(0, 0.03091491279742617)
(0, -0.17536447634128008)
(1, 0.43052115777177513)
(1, 0.8706629814378672)
(0, -0.09367389548835353)
(1, 0.4642269258136498)
(0, 0.08421606314792321)
(0, -0.10837290965932721)
(0, -0.1155827584850396)
