(0, -0.05664902850628918)
(0, 0.005517057281247191)
(0, -0.04137449792499307)
(0, -0.4659764805339372)
(0, 0.03501414490331374)
(0, 0.07538807042207325)
(-1, -0.4515306371149819)
(0, 0.07210008311900788)
(0, -0.004800384077137149)
(0, 0.014932988525024005)
(-1, -0.7167863344757041)
(0, -0.15040808429353433)
(0, -0.013620864982688705)
(0, -0.05215345804336968)
(1, 0.48110883698369833)
(0, 0.016428935127544814)
(0, 0.0618086978517576)
(0, 0.0648098446742428)
(0, -0.18389081666007562)
(-1, -0.7036213749291791)
(1, 0.44228172261780535)
(1, 0.7883700124891504)
(1, 0.13646129780444866)
(0, 0.28387929706456294)
(-1, -0.08053817581117306)
(-1, -0.7197223927987614)
(0, -0.17468534831287647)
(1, 0.5472423636940937)
(0, -0.1205343451430386)
(-1, -0.0178207570875189)
(0, -0.13140973145556906)
(0, -0.06084416257479841)
(1, 0.9726573259627207)
(0, 0.18899575186051837)
(1, 0.6665857725286112)
(-1, -0.4157269624993025)
(0, -0.07387448253952496)
(0, -0.016585425744855303)
(0, -0.44765151951648086)
(0, 0.034268793293881654)
(0, 0.1295754594445952)
(-1, -0.26714397956226044)
(1, 0.4065902888177243)
(0, 0.1398978633809332)
(0, 0.017310588923728356)
(0, -0.11163395794481462)
(0, -0.012729406030826382)
(1, 0.3047957978684622)
(1, 0.48456368744829204)
(-1, -0.2250400969984196)
(-1, -0.5475599720834259)
(0, 0.10791616879743815)
(0, 0.004975345933776382)
(0, -0.18322956742983412)
(1, 0.7227928071040701)
(0, -0.035806035942116426)
(0, -0.16216582153652936)
(-1, -0.8726459619091588)
(0, -0.07665424813880206)
(-1, -0.8802805814679894)
(1, 0.5894431576324443)
(0, -0.033646621439376884)
(1, 0.8313318788796102)
(1, 0.9056217507078715)
(0, -0.08761953224550123)
(0, -0.05455283056799751)
(-1, -0.3967605785653562)
(0, 0.00410003163720872)
(1, 0.8915326353638595)
(1, 0.7134615728044417)
(0, -0.034153695632591824)
(0, 0.07819196328109174)
(0, -0.007765119932517054)
(-1, -0.8948165016999234)
(0, -0.12855705252362773)
(0, -0.06358096965774677)
(0, -0.050391839451052245)
(1, 0.3600597325883505)
(-1, -0.9621648415628872)
(0, 0.09268966643103249)
