(1, 0.7426063397516522)
(1, 0.9406626377790482)
(1, 0.5990034663248986)
(0, 0.08478551149377267)
(1, 0.5952121356696035)
(1, 0.9245912769312817)
(1, 0.5958605336437636)
(0, -0.030767262428001096)
(-1, -0.8279181538366482)
(1, 0.9876492658505723)
(-1, -0.4407144469547731)
(1, 0.6063320246791742)
(1, 0.5896763227136247)
(1, 0.7794239938137096)
(1, 0.7006560307811103)
(1, 0.7271530152844579)
(1, 0.5822151010889504)
(1, 0.9091884593901947)
(1, 0.8925265887033286)
(-1, -0.36280456098119007)
(1, 0.9648772798914367)
(0, 0.18387209482187522)
(0, 0.026010620627265446)
(1, 0.7742378207009283)
(0, 0.1187420593422534)
(1, 0.6427791441088886)
(1, 0.7858172031965477)
(-1, -0.8012026099096193)
(1, 0.5992829884095422)
(-1, -0.8376389188893208)
(-1, -0.3297137734539332)
(1, 0.9777460054922182)
(0, 0.00525304743595232)
(0, -0.023611129231624364)
