(-1, -0.14290746183193137)
(1, 0.2261918780194561)
(-1, -0.7054371552172741)
(-1, -0.8919962762452536)
(0, -0.009111996679343343)
(0, -0.033385137449357755)
(0, 0.15420920116310438)
(-1, -0.872526697530793)
(-1, -0.038590689021163915)
(0, -0.0024568615071780815)
(0, 0.28452238136633656)
(0, -0.04825731167518063)
(0, -0.15796303612389567)
(-1, -0.21451009194478943)
(0, 0.4462992065359874)
(-1, -0.9430741779722271)
(1, 0.6270372866836325)
(0, -0.18312910694566137)
(1, 0.8620126620088806)
(1, 0.8965076644849757)
(1, 0.7623104597504972)
(1, 0.6752197953762117)
(1, 0.6055925866224846)
(1, 0.9318609853054974)
(1, 0.027883382342237417)
(1, 0.054150868249251694)
(0, -0.2427972659661615)
(-1, -0.8550908161618567)
(0, -0.0017337225605890405)
(1, 0.8301104780966471)
(-1, -0.7806221455480579)
(0, -0.10845793541721463)
(-1, -0.37686097247453143)
(-1, -0.9190186006557859)
