(-1, -0.9297385158872078)
(0, 0.026201456309078726)
(1, 0.8500790049352465)
(1, 0.8565770589057375)
(0, 0.0635359780472548)
(1, 0.33993592440347353)
(0, 0.06949894041113094)
(1, 0.18316974461422886)
(1, 0.9740246386295035)
(0, 0.13524972393989954)
(-1, -0.8645557492852513)
(-1, -0.2481349504861165)
(1, 0.9445951137241679)
(1, 0.983715964223921)
(-1, -0.23863092360808158)
(0, 0.022795125368127278)
(0, 0.22086785358508798)
(1, 0.07916180022101243)
(-1, -0.849996860516594)
(1, 0.07187624407272442)
(0, -0.32921708384940285)
(-1, -0.5751657110343117)
(-1, -0.993881984190309)
(0, 0.09688634790370526)
(0, -0.039383198938404224)
