(1, 0.46931977743709724)
(1, 0.18974108521883054)
(1, 0.6080253483164552)
(0, 0.19472202899733182)
(-1, -0.4235815687466608)
(-1, -0.2930486237957708)
(-1, -0.9302469623498446)
(1, 0.5910119049227551)
(1, 0.7095467582859635)
(0, -0.09317442621504479)
(1, 0.9984944954308027)
(1, 0.6701110813217823)
(0, 0.253662680562431)
(1, 0.7018215672056045)
(1, 0.5508641435374627)
(0, 0.3726989959830502)
(1, 0.9375063427835181)
(1, 0.8716085650236105)
(1, 0.9038645148882347)
(0, 0.07930029648336395)
(1, 0.8985182969546524)
(1, 0.509034607886784)
(-1, -0.21036510305844164)
(1, 0.22805218904662228)
(0, -0.07839744315874791)
