(-1, -0.936275604255062)
(-1, -0.6488137253307616)
(-1, -0.5698575008913447)
(0, -0.1114995181472348)
(-1, -0.5752566783739329)
(-1, -0.8078027849164082)
(0, 0.24278529905687632)
(-1, -0.689482953607555)
(0, 0.05487219805826031)
(-1, -0.7408888298052934)
(1, 0.7256503949926336)
(0, -0.23909688260288076)
(0, 0.11688521813959744)
(1, 0.3027405790684304)
(0, 0.33259103420722824)
(1, 0.5678801584533464)
(0, 0.0654770539705643)
(-1, -0.6631253543394726)
(0, -0.014672060054345229)
(-1, -0.45721973997670545)
(-1, -0.422633505306277)
(0, 0.0892298763442618)
(0, -0.21800702754960674)
(1, 0.1574202187094486)
(1, 0.2376327900450762)
(1, 0.7517897230866954)
(1, 0.11886186410986627)
(1, 0.4066474563576633)
(-1, -0.6500468492885918)
(-1, -0.7191621469063391)
(-1, -0.47800345619789336)
(0, 0.08996122857253491)
(0, -0.047223896192962384)
(1, 0.5490477354415136)
(0, -0.2644600813421429)
(0, 0.16866160559806223)
(0, -0.29797079790767406)
(-1, -0.2528984869269478)
(0, -0.0657669003589797)
(0, -0.1083580841745927)
(0, -0.11209325961013525)
(0, -0.03996808927247508)
(-1, -0.5034938471469764)
(0, 0.008379773959130365)
(-1, -0.8375636653010843)
(-1, -0.8906655137293888)
(-1, -0.5943873342345078)
(-1, -0.7104533415067507)
(-1, -0.3812450003745692)
(0, -0.2931949708150265)
(0, -0.25221323655983063)
(-1, -0.8873942787101442)
(0, -0.22688550000005414)
(-1, -0.6645525538085464)
(0, -0.09156883733219073)
(-1, -0.8885230573433518)
(-1, -0.409623772495063)
(-1, -0.3660883157058513)
(1, 0.5098770615739714)
(-1, -0.3307566022972741)
(-1, -0.4837717300272571)
(-1, -0.30177419191157767)
(-1, -0.9934791891111886)
(0, -0.26940370736433866)
(0, -0.17537997371178554)
(0, 0.1944072177098854)
(-1, -0.651729222752702)
(-1, -0.3637986313946572)
(1, 0.16306584477757521)
(0, -0.06256421126244378)
(-1, -0.09329418219602165)
(-1, -0.7400648517467194)
(-1, -0.8019651658731457)
(-1, -0.6619627481507142)
(-1, -0.3485451800931484)
(0, -0.23741190073789809)
(0, 0.1204447625053553)
(1, 0.5507722650403348)
(0, 0.4279548617735251)
(1, 0.5446361275303232)
(-1, -0.7783100872343646)
(1, 0.3206256888639861)
(1, 0.05038544013544721)
(0, -0.09906763244601517)
(1, 0.6989864391109811)
(1, 0.22287536380212242)
(-1, -0.2632810113039555)
(0, -0.15358978719168076)
(0, 0.011090159138271579)
(-1, -0.8375178792046991)
(1, 0.49928079506561884)
(-1, -0.9581182947982034)
(-1, -0.9623916331433199)
(1, 0.8152167948807184)
(1, 0.18386894236888812)
(0, 0.017841398523119653)
(0, -0.35277383913146804)
(0, 0.03272123343542293)
(0, -0.07130207919954297)
