(1, 0.6391415555586776)
(1, 0.49427210041316316)
(-1, -0.9277596126232533)
(0, 0.29044583635127824)
(1, 0.8897581389260085)
(1, 0.7442128465829717)
(1, 0.45623285216299275)
(0, -0.3607893588452188)
(0, 0.2146802921409755)
(-1, -0.552957110328041)
(0, 0.01713529548152265)
(1, 0.6667957455736944)
(-1, -0.9959789862915857)
(-1, -0.7484994904030603)
(-1, -0.9985175710535621)
(-1, -0.9610543455839214)
(0, 0.265511338241502)
(-1, -0.56263535835502)
(-1, -0.04310004850098692)
(0, -0.004717658364836008)
(1, 0.4222348616315842)
(1, 0.7817853948224811)
(1, 0.5082495760000814)
(1, 0.9490058012801894)
(0, 0.1434982518368331)
(-1, -0.6067472112987005)
(1, 0.7090874979254447)
(1, 0.5638906284498274)
(1, 0.6987211392098652)
(-1, -0.9382209324823461)
(1, 0.6668151370779409)
(-1, -0.5015958934574519)
(-1, -0.11638289137883973)
(1, 0.9970737278988185)
(1, 0.6738225801149728)
(0, -0.05881116527319963)
(1, 0.5564319789891522)
(1, 0.9169309659743965)
(-1, -0.42370053194745305)
(-1, -0.019073221179016886)
(1, 0.2728290926813088)
(0, -0.09075758349595217)
(-1, -0.8934396280565712)
(-1, -0.9440736956695016)
(-1, -0.5428754477821379)
(-1, -0.390578323319852)
(1, 0.9088611945128563)
(1, 0.22133364629399946)
(0, 0.266634894332069)
(1, 0.22546855512231745)
(-1, -0.3946505931275026)
(1, 0.580842631940809)
(0, 0.03998269510470573)
(0, 0.1394389082232077)
(0, -0.14824618383397073)
(0, -0.05011250112368937)
(1, 0.803149301456574)
(-1, -0.630037423114245)
(1, 0.5509686285712636)
(1, 0.47141436188104824)
(1, 0.2097171334624704)
(0, -0.11081252832005817)
