(-1, -0.6208719447073194)
(1, 0.4295636815621303)
(0, -0.011293376578432834)
(0, 0.00881517143023787)
(0, -0.2661902214201507)
(0, 0.12015268670030532)
(-1, -0.15408534532728158)
(1, 0.9248333026431343)
(1, 0.02647709592525943)
(1, 0.29062757268829453)
(1, 0.5658903878950887)
(1, 0.9311205622955732)
(1, 0.9925277608425007)
(1, 0.4295802769609156)
(0, 0.07333017053889179)
(0, 0.0378217097773344)
(0, 0.05663268450237596)
(1, 0.2590290242481602)
(-1, -0.3604571529940884)
(0, 0.03784274204369499)
(0, 0.1722842544661276)
(1, 0.8800714476305438)
(-1, -0.4744568679300188)
(1, 0.8726278414493632)
(0, 0.11971055974811994)
(1, 0.28299996107252956)
(1, 0.8371764067258838)
(1, 0.42445623944767746)
(0, 0.030649515914594104)
(0, 0.22604933610154998)
(1, 0.696307534596602)
(0, 0.2845746571356535)
(1, 0.4492983084222022)
(0, 0.2746172050019915)
(0, 0.05488934025913016)
(0, -0.2569977360460566)
(0, 0.3917382963380806)
(-1, -0.36797924791767744)
(1, 0.19267341086086653)
(0, 0.2037215091056863)
(1, 0.8732414862158377)
(0, -0.1369630305247057)
(0, -0.02123951948390082)
(0, -0.34752122577633254)
(0, 0.014709591078684033)
(0, 0.006406582221470419)
(0, -0.017395646447043105)
(0, -0.02402993778973394)
(1, 0.793251020758016)
(-1, -0.6217055223709896)
(0, 0.15925401962773858)
(-1, -0.6708001815866032)
(1, 0.7832985181293539)
(1, 0.9467843018841213)
(0, -0.14705423419564556)
(1, 0.9375709162566127)
(0, 0.053856709638629506)
(0, -0.03235354132178725)
(0, 0.012789627557957525)
(0, -0.07641302635581743)
(1, 0.6367452923986338)
(-1, -0.89710271571186)
(-1, -0.09937300899421564)
(0, 0.24801124369961203)
(0, -0.09864331391140985)
(-1, -0.2202263794948869)
(1, 0.27490306341419857)
(1, 0.969024936308253)
(0, 0.12441005351430706)
(-1, -0.9228007553618176)
(-1, -0.31651316368479443)
(-1, -0.4238320581226087)
(-1, -0.6306493097067033)
(-1, -0.17914539337982877)
(1, 0.6199408607820548)
(1, 0.17311793123553793)
(1, 0.5537577654060373)
(0, 0.1675651560596772)
(0, -0.10495747679015338)
(0, -0.03457517234959229)
(0, 0.07668473133560673)
(0, -0.1905606237589321)
(1, 0.6381086170528816)
(1, 0.4335101918305402)
(1, 0.40470719971889496)
(1, 0.7833959561314132)
(0, -0.06129311818358274)
(1, 0.045217059372271884)
(0, -0.22946679255820127)
(1, 0.25228965461856534)
(0, 0.1311570574832885)
(-1, -0.06426249580026766)
(1, 0.19866786185514862)
(1, 0.4316726388033215)
(-1, -0.8298730210120052)
(-1, -0.5443354847637527)
(0, 0.21725700098472941)
(0, -0.040123238013399884)
(-1, -0.16534437095490195)
(1, 0.933169724884831)
(1, 0.7741979432377923)
(1, 0.6283080393903961)
(0, -0.10861233520362507)
(-1, -0.6648004830382119)
(1, 0.8038624677177173)
(0, 0.023729996762095078)
(1, 0.2457851718365753)
(0, 0.05220338546994534)
(-1, -0.19549900072017967)
(-1, -0.5178192645146178)
(0, -0.12829805215107107)
(0, -0.0303772165137442)
(1, 0.17344370978674828)
(1, 0.913372102897667)
(-1, -0.613028839302352)
(1, 0.1758600479744184)
(-1, -0.375411995291973)
(0, -0.24639281439206623)
(0, -0.3770987007997841)
(0, 0.2227211252826711)
