(0, 0.03932126275444401)
(0, 0.2296595310623464)
(0, 0.04356725163354039)
(0, 0.07959240918935423)
(-1, -0.5651630285907427)
(0, 0.30922013372115303)
(0, 0.05055276735904217)
(0, 0.03521509562488081)
(1, 0.7403447047946395)
(0, 0.052851720053150496)
(0, 0.05403386281383994)
(1, 0.04001029136127193)
(0, -0.10166151305815954)
(-1, -0.5415570336432959)
(1, 0.636112465184836)
(0, 0.014789893458951667)
(0, 0.20406002150326133)
(-1, -0.15290780306681862)
(0, 0.1867060537971333)
(-1, -0.6301467964145286)
(-1, -0.9084029950618105)
(-1, -0.9827689148387689)
(-1, -0.7326778966028328)
(0, -0.20569618709527535)
(0, -0.01779130935494018)
(1, 0.10271397757183626)
(1, 0.5599457096494855)
(0, -0.1850813213958359)
(0, -0.00791136836253762)
(0, 0.06810758793833185)
(0, -0.05170822076657371)
(1, 0.7079276590386782)
(1, 0.4434930759244344)
(0, 0.15175110740441927)
(1, 0.8243388010595364)
(1, 0.12885564282665574)
(1, 0.9895136703677134)
(0, 0.07984960486108256)
(0, 0.09302519676615584)
(0, -0.02052865904194874)
(0, 0.0029922689174578746)
(-1, -0.12833538970564992)
(0, 0.005136705241668042)
