(-1, -0.9250571466667643)
(-1, -0.9335102228389697)
(-1, -0.8750894286828415)
(-1, -0.7306292064803009)
(-1, -0.9942392780855269)
(-1, -0.6005948562946981)
(-1, -0.37144619574303606)
(0, -0.07141608090801431)
(-1, -0.892077069374578)
(-1, -0.9323805143846612)
(0, 0.0216516681599081)
(-1, -0.08340004952373758)
(0, -0.08501909050103591)
(-1, -0.8068725285216005)
(1, 0.8972440215617421)
(-1, -0.7691048013113856)
(-1, -0.7764738745300421)
(-1, -0.9077507927981748)
(-1, -0.4302004068946032)
(0, -0.04107443703160826)
(0, -0.08763809206377318)
(1, 0.18157941589587206)
(0, -0.09302894886291013)
