(1, 0.7063806928133324)
(-1, -0.9963227243954497)
(0, -0.10265230204810798)
(0, 0.24043273559811915)
(0, -0.20315417577453243)
(-1, -0.33874749648305774)
(1, 0.5285464767975988)
(1, 0.3576172192203686)
(1, 0.6488471198558458)
(-1, -0.4571594522662238)
(1, 0.5271749747652912)
(0, 0.23871570118560714)
(1, 0.9467806175231024)
(-1, -0.44824926356237565)
(1, 0.47485886096205376)
(-1, -0.9603611909731012)
(-1, -0.8599239055813442)
(-1, -0.23177605370134652)
(-1, -0.5753577806883801)
(0, 0.11519384986317369)
(1, 0.8055950418635729)
(0, -0.11761031026163252)
(0, -0.030367776406876185)
(1, 0.24673104792195202)
(0, 0.4178999394068208)
(-1, -0.6068099567909137)
(-1, -0.28896818193200247)
(-1, -0.9302421672028681)
(1, 0.1413777452247028)
(1, 0.7610251295688887)
(-1, -0.821410108058615)
(1, 0.4778937531840763)
(0, -0.09176801520116398)
(-1, -0.5281074881294126)
(0, -0.3687388879996606)
(0, 0.16361917364965328)
(-1, -0.6429108485270503)
(-1, -0.8928941205205377)
(-1, -0.8740862382498104)
(-1, -0.41320351183250825)
(1, 0.6270465171769342)
(-1, -0.6461351716672121)
(-1, -0.9301937192912887)
(1, 0.8858519428299059)
(0, 0.14053093640914754)
(0, 0.2660108667402969)
(0, -0.06113522602414323)
(0, -0.12542971592741947)
(-1, -0.3727099998038178)
(-1, -0.9337648548874634)
