(1, 0.4264654092857675)
(0, -0.17323728027096166)
(-1, -0.8873562291271475)
(0, 0.0018399066392866814)
(-1, -0.48407340289291007)
(0, -0.11575562941279896)
(-1, -0.9479514976790017)
(-1, -0.9985896292361279)
(1, 0.5189520477897773)
(0, -0.28401805341558156)
(-1, -0.7116039228614024)
(0, -0.12542971592741947)
(-1, -0.7926202728406633)
(0, 0.028976489465921934)
(0, 0.05093476874218339)
(1, 0.062232117658935604)
(1, 0.2928179428276053)
(-1, -0.7182015050334402)
(1, 0.8305092983607534)
(0, -0.027635620950730022)
(-1, -0.516090795042804)
(-1, -0.5754530117561788)
(-1, -0.1893166240042929)
(0, 0.11740683551686168)
(-1, -0.4644803753627903)
(-1, -0.669097749051767)
(0, -0.06863065272070701)
(-1, -0.20526030254276373)
(-1, -0.5507509037992273)
(0, 0.001439647631732044)
(0, -0.05151593872760729)
(-1, -0.45606575613529843)
(1, 0.6960888773848273)
(1, 0.10114718666162503)
(0, -0.2292332303449487)
(1, 0.1485060990227327)
(-1, -0.3137764857684356)
(0, 0.27894522785871834)
(-1, -0.7880367067430368)
(0, 0.07723295853466515)
(-1, -0.46262601784875945)
(1, 0.7927503149271635)
(1, 0.8168963487857689)
(0, -0.03405055218368401)
(0, -0.053362510332458674)
(1, 0.61758867605354)
(-1, -0.7288427902808473)
(1, 0.13254183728904023)
(0, -0.12978435676411137)
(1, 0.002931029079674463)
(1, 0.5633491150445963)
(0, -0.10361671652144583)
(-1, -0.6436967961918244)
(0, 0.1541538322414837)
(0, -0.2709565789668804)
(1, 0.5112780567215645)
(0, -0.019086731459362148)
(1, 0.5346459436972615)
(0, 0.02087955047543172)
(0, -0.25626782324689157)
(0, -0.016897958270804654)
(-1, -0.7795314012263572)
(-1, -0.652450700107675)
(1, 0.19757481686366146)
(0, -0.154858320475392)
(-1, -0.5314234200695515)
(1, 0.48555564422164865)
(0, -0.11647906881178974)
(-1, -0.9414919418083527)
(1, 0.2527321349276261)
(0, -0.14919802704023116)
(-1, -0.5531698277612821)
(-1, -0.7963326386808321)
(1, 0.34967979974099483)
(0, -0.07749607188295601)
(0, -0.06084416257479841)
(1, 0.4842211782074667)
(-1, -0.8530673264758571)
(1, 0.9147141398970748)
(1, 0.5087181943654031)
(-1, -0.6759249103824743)
(-1, -0.7114070492024361)
(-1, -0.41629637465032127)
(-1, -0.5819680005593875)
(0, 0.14095811180238613)
(0, -0.05621064787615972)
(1, 0.09943878867257855)
(1, 0.5213029562411072)
(0, 0.011401587067886243)
(0, -0.0764701772481878)
(-1, -0.5495358868298936)
(-1, -0.8000413643748451)
(-1, -0.08168042936526998)
(0, -0.04401576515026463)
(1, 0.27036892379693217)
(1, 0.21110101746220608)
(0, 0.0509500425452003)
