(-1, -0.7388557358826211)
(-1, -0.8589771718195198)
(0, 0.112197979192103)
(1, 0.5297079706054106)
(0, -0.09788647106666214)
(-1, -0.8873564019203157)
(1, 0.9598254431059086)
(0, -0.011024961811676216)
(0, 0.0397393084381055)
(0, -0.2644775860613573)
(0, 0.18702083349883802)
(1, 0.8839476881356504)
(1, 0.6074718966193532)
(0, 0.011589474173763275)
(1, 0.15056546213280186)
(1, 0.9974619722481342)
(1, 0.5416827331217557)
(0, -0.22143623187999414)
(-1, -0.07489857535752537)
(-1, -0.8911542758897211)
(-1, -0.43882479648812733)
(1, 0.9368954040915378)
(1, 0.3810120804805916)
(0, -0.021237691809141118)
(-1, -0.5663567276390158)
