(0, -0.22237708821462085)
(0, -0.09766183292355979)
(0, 0.0442789156155613)
(0, 0.0857695133097849)
(-1, -0.16686730867226535)
(0, 0.06718367298500741)
(0, -0.21125556588483302)
(-1, -0.9695024187573957)
(-1, -0.809736335857563)
(-1, -0.5603303541786435)
(0, -0.09533479935856833)
(0, 0.06118530571825322)
(0, 0.09568254350948219)
(0, -0.17753627346271053)
(-1, -0.99786142809131)
(0, 0.026215930389320505)
(1, 0.14332123410423125)
(0, -0.02772623228826318)
(1, 0.7018086970422168)
(-1, -0.4085211220027798)
(0, -0.1008748714122784)
(1, 0.39705458532744015)
(1, 0.7667017457625013)
(1, 0.31392784349561587)
(-1, -0.7754657339255122)
(-1, -0.8086282226658488)
(0, 0.009522124800024744)
