(-1, -0.8445197235548323)
(-1, -0.35101809500823666)
(-1, -0.8907291015916914)
(1, 0.6233095115670111)
(-1, -0.6196140518707831)
(0, 0.11922206449529253)
(0, 0.2337311789218905)
(1, 0.6399418562526643)
(0, -0.21905775052777832)
(0, -0.372116385767418)
(1, 0.22015220119416296)
(-1, -0.684207269157531)
(-1, -0.8943814367532289)
(-1, -0.9790241734213291)
(-1, -0.8066000526680305)
(-1, -0.7848022922113199)
(-1, -0.5050887113121696)
(-1, -0.9412893858988217)
(1, 0.9173496865086642)
(1, 0.6681800396956078)
(0, 0.09314904515674417)
(-1, -0.138358819097275)
(1, 0.478656430579319)
(1, 0.9389136148277882)
(-1, -0.5554707932484976)
(1, 0.6053978043151907)
(0, -0.05408772610292806)
(-1, -0.9166051828503514)
(0, -0.029252322864319218)
(0, -0.27262822842842194)
(1, 0.9840867785798414)
(1, 0.8134379960913776)
(0, -0.0009325568001600122)
