(1, 0.938179754506902)
(0, 0.01942558292882935)
(1, 0.9910190811832663)
(0, 0.2886334801579929)
(0, 0.21676057434435708)
(0, -0.048168595777510176)
(0, -0.25146723365559115)
(0, -0.12708447673276005)
(-1, -0.35211750366293226)
(0, -0.13645826329077815)
(-1, -0.5375903949249548)
(0, 0.14039479458677978)
(-1, -0.3027873496005994)
(-1, -0.4139828622947986)
(0, 0.28512497931218994)
(0, -0.02565629340146727)
(-1, -0.5828270052230947)
(1, 0.11387262393046266)
(1, 0.3785866951956074)
(0, 0.1340708594021743)
(0, 0.023566093697785506)
(0, 0.10738060276133515)
(0, -0.02658232615215783)
(0, 0.3481342268965184)
(0, -0.07203835174682761)
(0, 0.10847346103472172)
(1, 0.5213849681763344)
(-1, -0.370225911843358)
(1, 0.8645449855073318)
(1, 0.4462063468264398)
(-1, -0.5181315836324899)
(-1, -0.4635920948012498)
(0, -0.2250073175359014)
(0, 0.3088133770105238)
(-1, -0.7790447504789554)
(1, 0.894872635560158)
(-1, -0.5220986721193085)
(0, -0.012839369471522241)
(1, 0.9979482827051115)
(1, 0.997684341469869)
(1, 0.9764937011444145)
(1, 0.9926079501358859)
(1, 0.11995566102189881)
(1, 0.9475834540107054)
(1, 0.17320745811626753)
(0, 0.01595099418760387)
(-1, -0.38622894424070203)
(1, 0.3951631107994565)
(1, 0.5477506590405359)
(0, -0.03958028951672824)
(-1, -0.11432596474992068)
(0, 0.10728046262813262)
(1, 0.8425078194025228)
(0, 0.011517531492406807)
(1, 0.886226436970914)
(0, -0.006865227577662947)
(1, 0.6491109667206523)
(0, -0.05193499045223021)
(1, 0.5934356212824737)
(-1, -0.37640057044022057)
(1, 0.8244516408759416)
(0, -0.07415313750853404)
(0, -0.0006276695026200714)
(0, -0.024053641900546596)
