(-1, -0.4948706606451513)
(0, -0.007370432549312763)
(0, -0.030715095299350015)
(0, -0.006286532613479579)
(0, -0.025576553075063166)
(1, 0.9042396236462797)
(1, 0.6586818549334772)
(1, 0.9151809434674516)
(0, 0.03579849561697497)
(1, 0.5038492621000675)
(0, -0.14278279553079418)
(1, 0.8739661335184685)
(0, 0.08054184361310077)
(0, 0.2626829181475439)
(0, 0.1417570642062322)
(-1, -0.17705731400224067)
(1, 0.800874238919333)
(0, -0.15282424874048603)
(1, 0.28644643590982644)
(1, 0.7108936783306488)
(1, 0.8016933050670935)
(1, 0.5411686015158358)
(0, 0.1611870418058876)
(1, 0.639301474960208)
(1, 0.4749918158283536)
(-1, -0.6017294164186022)
(0, -0.14165079496424846)
(1, 0.9859527022079354)
(0, -0.09183095821346879)
(1, 0.0841760436031041)
(1, 0.9724632225583897)
(1, 0.5970840605590346)
(0, -0.08466783573686631)
(0, 0.03328994951022736)
(0, 0.010216407769946582)
(0, -0.03450447438858054)
(0, -0.4510345152127533)
(0, 0.042338609746714995)
(0, 0.019901214347679375)
