(1, 0.3354891270158909)
(-1, -0.3705730021243353)
(-1, -0.2397715522613717)
(1, 0.8799654081857076)
(-1, -0.3413825626659408)
(0, -0.04378547662139677)
(-1, -0.010470361082717206)
(0, 0.04439651482020557)
(0, 0.2546830750719663)
(1, 0.2363017593633219)
(-1, -0.13641521598384532)
(1, 0.9362046671894739)
(1, 0.7179187241749402)
(-1, -0.9749101580337418)
(-1, -0.5478292213000225)
(1, 0.905771826415682)
(0, 0.042470743289814955)
(-1, -0.002744180975083943)
(1, 0.6614090209529679)
(1, 0.36047495755699066)
(-1, -0.5478015461938921)
(1, 0.4366505635669485)
(-1, -0.8797965364704384)
(0, -0.022648389693110754)
(-1, -0.7063389470558561)
(-1, -0.518528442164464)
(-1, -0.3386956093176107)
(1, 0.6927738530532821)
(1, 0.416336796889029)
(1, 0.585854482122498)
(1, 0.16967431017808465)
(0, -0.044491431236870244)
(1, 0.08347678810853998)
(0, 0.3250206163997587)
(1, 0.9691652079254066)
(-1, -0.09823860849431393)
(1, 0.320525621884051)
(1, 0.9452180871386752)
(0, -0.17461566454374894)
(1, 0.045475017184664956)
(0, 0.26073859508711644)
(0, 0.06939565731195926)
(0, -0.0064292545199040735)
(1, 0.9905270579085564)
