(0, 0.1486529027329741)
(1, 0.4409491433008376)
(1, 0.7969418592566156)
(-1, -0.5431280519310357)
(1, 0.8782223799001367)
(1, 0.8662507574184654)
(1, 0.8845767226675898)
(1, 0.8297731237136551)
(1, 0.5779866615188801)
(0, 0.008002059933855693)
(-1, -0.7668198160787923)
(0, 0.1117414636746046)
(1, 0.8927254523081929)
(0, 0.1226354050201246)
(1, 0.8415757779682622)
(0, 0.15323159205468764)
(0, -0.03997394092460971)
(0, 0.12588913823699815)
(0, -0.30698502188021776)
(0, -0.03331534250926778)
(1, 0.7759575038203347)
(0, 0.13150485664300798)
