(1, 0.5517392672091206)
(0, -0.025865774360801286)
(0, 0.050921178747622614)
(0, -0.00046780444179790603)
(0, -0.1617123382020982)
(-1, -0.5100391975387736)
(1, 0.486621451016082)
(0, 0.10723237010658823)
(0, -0.21025216040869169)
(-1, -0.8810216895517824)
(-1, -0.5332317481465088)
(1, 0.8837049437748487)
(-1, -0.5355545557182166)
(0, -0.2503280026463958)
(-1, -0.6804908790821583)
(0, -0.37540020806847585)
(0, -0.022032062744902856)
(-1, -0.9137220697982434)
(0, -0.03526955988087528)
(0, -0.1903916852252145)
(-1, -0.6656186072967578)
(0, -0.004783692824374214)
(0, 0.04554950588921482)
(-1, -0.4825730569993054)
(-1, -0.6120967997239706)
(-1, -0.9850609140838167)
(-1, -0.4797771476520576)
(0, -0.09724793568296371)
(0, -0.0348545439831211)
(0, -0.10635608993162439)
(-1, -0.6847359318237768)
(0, -0.3344835853220667)
(-1, -0.6811983362557634)
(-1, -0.8674191772564871)
(0, -0.024882716353282763)
(-1, -0.9789264237031796)
(-1, -0.3541615496349102)
(-1, -0.6854858930819058)
(0, -0.07356974114930204)
(0, -0.00813947556750641)
(-1, -0.15278851948690653)
(1, 0.63237294675931)
(0, 0.054471197969282875)
(-1, -0.844150705120844)
(1, 0.21442131629237343)
(1, 0.5443311741510252)
(0, 0.0004159423725279554)
(1, 0.7612577680449799)
(-1, -0.4983170537510677)
(1, 0.7724694679194981)
(1, 0.17856560272960953)
(-1, -0.22258696807732364)
(0, -0.25965643667758487)
(0, -0.4210427865119944)
(1, 0.9099993310930201)
(0, -0.13003050566089872)
(1, 0.7398569374907853)
(0, 0.006030510120408755)
(0, -0.048789829808628005)
(-1, -0.6307060079080402)
(0, 0.006447542745499066)
(1, 0.7025465011763401)
(0, -0.03275840244858978)
(-1, -0.21788249269087695)
(-1, -0.6346038727083539)
(-1, -0.7827673983347414)
(1, 0.013000682245473072)
(0, -0.0791688525951659)
(0, -0.3552360174830753)
(-1, -0.4291876499568684)
(0, -0.3197046991716421)
(1, 0.8824784806741353)
(0, 0.026023975171350126)
(0, 0.2963715908218463)
(-1, -0.20074913442707434)
(-1, -0.898497318826906)
(-1, -0.7094878661382369)
(-1, -0.5258801763976239)
(-1, -0.8892653195034648)
(1, 0.22333175252820964)
(0, -0.002399856838627451)
(-1, -0.9744553304370019)
(1, 0.41418648140451775)
(0, -0.22727102273353714)
(-1, -0.8454106553591979)
(-1, -0.7908713632315074)
(-1, -0.9080740231371048)
(0, -0.13680796439510337)
(-1, -0.14234694175495677)
(-1, -0.8796141316437073)
(0, 0.03879686131228642)
(1, 0.6042410593202968)
(1, 0.6218762901054217)
(0, -0.04732885391075714)
(0, -0.02178607695265673)
(0, -0.06076766455184642)
