(-1, -0.4399586433367837)
(-1, -0.4058261383710514)
(0, 0.3008492698973382)
(0, -0.07057626148459492)
(0, 0.35904273913510326)
(0, 0.036214103871990394)
(1, 0.8173958160283097)
(0, -0.21176958790947842)
(0, 0.054882584103669904)
(0, 0.30972504541088286)
(0, 0.04784961507799669)
(0, -0.03995460217177647)
(0, -0.14254491296850286)
(1, 0.47954448232379693)
(0, 0.3072031358483192)
(1, 0.0025138861697064363)
(1, 0.2866021073992308)
(0, -0.2476849625310125)
(-1, -0.8422715952097606)
(1, 0.6644894547458927)
(1, 0.8570408951226324)
(-1, -0.9463323373665877)
(-1, -0.6321996210993248)
(1, 0.26390848479977813)
(-1, -0.8531637171746749)
(-1, -0.864722704391995)
(1, 0.5436855143296322)
(1, 0.9872117312553766)
(1, 0.555639756955518)
(1, 0.521996912411886)
(-1, -0.46651876971117306)
(-1, -0.8044821453435256)
(-1, -0.8234571694599165)
(1, 0.6529403177862646)
(-1, -0.9614623352135129)
(1, 0.9405253125285818)
(-1, -0.9488384786596904)
(1, 0.21423209578156416)
(1, 0.0208103228888743)
(-1, -0.9096212529387897)
(1, 0.7532242864492437)
(1, 0.19685870820687645)
(1, 0.8924567729378428)
(1, 0.32884504203429543)
(1, 0.035001549175767754)
(-1, -0.7085640454666289)
(0, -0.1258992642671308)
(0, -0.10907848520364916)
(0, -0.004979290115234428)
(0, 0.015371814814682593)
(0, -0.0019507026616459588)
