(1, 0.38672392355630336)
(-1, -0.31287939411273546)
(-1, -0.9419644223852545)
(1, 0.9440931574620267)
(0, 0.12894688329438864)
(-1, -0.7836260413857246)
(0, -0.16173558129407015)
(0, -0.12825137906610914)
(1, 0.48942416497547525)
(1, 0.7461229351423964)
(1, 0.9880466549672938)
(0, 0.13812026048483356)
(1, 0.06731677489566301)
(1, 0.26997660519701155)
(1, 0.6688919967246894)
(-1, -0.53348049531042)
(1, 0.6120826469365573)
(-1, -0.8546807653787789)
(0, -0.140100360899668)
(-1, -0.9872932596706979)
(0, -0.06826309772653083)
(0, 0.2902851206089627)
(-1, -0.9455324710185099)
(1, 0.12452763225013574)
(-1, -0.8271606994272103)
(-1, -0.7025470492926635)
(-1, -0.9495238436742369)
(0, 0.04184092500227551)
(-1, -0.8503261013809418)
(1, 0.8778753417288183)
(0, -0.03149351749500569)
(-1, -0.019830608327715382)
(1, 0.8669768170121989)
(1, 0.7682447406703552)
(1, 0.40870114509774286)
(1, 0.5782438875731872)
(1, 0.973805159379606)
(-1, -0.1417029508885616)
(0, -0.20798811475121573)
