(-1, -0.8636775153865053)
(-1, -0.21608823076280698)
(1, 0.9648904516612953)
(1, 0.44273015490093653)
(0, 0.2451629643917155)
(0, -0.33653693785646904)
(0, -0.2548373702386712)
(1, 0.5684089724580557)
(0, -0.010377520961669218)
(1, 0.49077802540260973)
(1, 0.6253491685835215)
(1, 0.20086973037743577)
(-1, -0.8039439886077765)
(-1, -0.7339610787618455)
(-1, -0.5127782218833418)
(-1, -0.5659434708901465)
(-1, -0.9340765539116367)
(0, 0.24574095685471817)
(-1, -0.9511551724257685)
(0, 0.1600055066933122)
(1, 0.9959218787709425)
(0, -0.12910650363181567)
(-1, -0.49746191407462825)
(1, 0.35753188689870763)
(-1, -0.5740402181366301)
(0, -0.3627917537117582)
(-1, -0.4120929952739715)
(0, -0.2626500182623005)
(-1, -0.3143498301708938)
(-1, -0.8345397922882931)
(1, 0.1283237196855893)
(0, -0.1796239064796286)
(-1, -0.2951038913343807)
(-1, -0.9784387020955867)
(-1, -0.37106883262738644)
(1, 0.1578933395402985)
(-1, -0.3793840185376948)
(0, 0.012415936270674)
