(-1, -0.9997664993770222)
(-1, -0.35896705684878644)
(1, 0.34987246781543374)
(0, 0.22340487329048941)
(0, -0.18671735994434957)
(-1, -0.25503344424144153)
(-1, -0.6290508780768691)
(0, -0.06589192000736105)
(0, 0.2815605496773369)
(1, 0.32693053284651863)
(1, 0.7051246384805147)
(-1, -0.7202438114265519)
(1, 0.7559740076366822)
(-1, -0.9814134016170699)
(-1, -0.39219755942552037)
(0, -0.06733376410929655)
(1, 0.8215154431938556)
(0, -0.22915995112190735)
(0, -0.21979470426675696)
(-1, -0.3676481049779504)
(-1, -0.7947280361810274)
(-1, -0.6812675595748208)
(-1, -0.8903653657462083)
(0, -0.03720263012890457)
(0, -0.06765460210613114)
