(1, 0.12973194208733635)
(-1, -0.9574187406486003)
(0, -0.08596257802234285)
(1, 0.26389528750861635)
(1, 0.4768061963381334)
(1, 0.5298132090937768)
(-1, -0.7690577486609742)
(1, 0.01455146050697359)
(1, 0.7814836034371512)
(0, -0.011551923389307009)
(1, 0.7862835083696482)
(-1, -0.49651014700437646)
(1, 0.9673417833023518)
(1, 0.5981984905252495)
(1, 0.1819832853074857)
(1, 0.9970602557826925)
(0, 0.03665468812041505)
(0, 0.1324826148160837)
(1, 0.23145213139396661)
(1, 0.3612946803383218)
(1, 0.32073367813917314)
(1, 0.5802359174634517)
(-1, -0.30667374148847326)
(1, 0.8904039856861098)
(1, 0.5055376428502298)
(-1, -0.46684881030703645)
(1, 0.026929447083975933)
(1, 0.4066306546268158)
(0, -0.022933717938935734)
(1, 0.833476780528845)
(0, 0.11441359630630724)
(0, -0.04657418684060502)
(1, 0.6033884006607758)
(0, -0.33939315182966806)
(0, -0.0010895147827971047)
(1, 0.8228919387396678)
(0, 0.006017493502844404)
(-1, -0.3145148470918216)
(1, 0.92733410394601)
(1, 0.2619034823073101)
(0, 0.03309292283063495)
(0, 0.10500332357304246)
(0, 0.11163726212644905)
(1, 0.6013386169919254)
(1, 0.4090372740398711)
(0, -0.07226605590240062)
(0, 0.32307906666887143)
(0, 0.09313615203257405)
(-1, -0.22771244453590828)
(0, 0.03493919438767375)
(0, 0.019901214347679375)
(0, 0.009522124800024744)
