(1, 0.5186553765917981)
(1, 0.6401497070730267)
(1, 0.05378297255626591)
(1, 0.45212828278783485)
(-1, -0.05036144587600594)
(-1, -0.5841525698767265)
(-1, -0.7150119315944976)
(-1, -0.6941865014799757)
(-1, -0.5805570664308517)
(1, 0.7670612978280313)
(-1, -0.4768265033126372)
(0, 0.06103254455237245)
(1, 0.58435598028339)
(-1, -0.5247040057685362)
(0, -0.03954733276813127)
(1, 0.7105072261958147)
(-1, -0.7062116974404118)
(-1, -0.7132033913491734)
(1, 0.8398357239346786)
(-1, -0.4270427949824389)
(1, 0.5666656433333054)
(1, 0.8766308396994851)
(-1, -0.7165287545266852)
(1, 0.5025357411474725)
(-1, -0.30825671330011767)
(-1, -0.4688108011138099)
(1, 0.5775172401754369)
(-1, -0.12044907121635984)
(1, 0.10126842372168215)
(1, 0.7293063931229818)
(1, 0.9280422210329334)
(0, 0.004469170286688459)
(-1, -0.8657004337206128)
(1, 0.3968138796062399)
(-1, -0.5928601209457428)
(1, 0.6013977727620425)
(-1, -0.5867899057123457)
(1, 0.9474588521966832)
(0, 0.23479792819833772)
(1, 0.1334292945571574)
(1, 0.08232125502295062)
(1, 0.21672229432901102)
(-1, -0.5064507488594767)
(-1, -0.4612796193504306)
(1, 0.9620146522727564)
(1, 0.6699589492068895)
(1, 0.41691044084228035)
(0, 0.21842767443041072)
(1, 0.7252904549429264)
(0, 0.08985456382643826)
(-1, -0.7809743033092873)
(0, -0.2506557467722653)
(0, -0.17519013050424775)
(1, 0.6684633022767263)
(-1, -0.6251562398575428)
(0, 0.33609699458156966)
(-1, -0.275175562637587)
(-1, -0.9917458991825405)
(1, 0.8626021005904286)
(1, 0.9770465942155911)
(1, 0.19802346384604513)
(1, 0.7802340908602348)
(-1, -0.28495220689957174)
(-1, -0.05376704549354877)
(1, 0.6087729535602249)
(1, 0.627143805409104)
(0, 0.17172048086373262)
(-1, -0.4541611046273346)
(-1, -0.5929667909626672)
(1, 0.28759740155786584)
(0, 0.16202394340179682)
(-1, -0.6830392587024441)
(-1, -0.9015622187451453)
(-1, -0.8502488255149967)
(-1, -0.7303304492036179)
(1, 0.41838891145043056)
(1, 0.47169524479741803)
(-1, -0.47485553471761466)
(1, 0.6724166846545944)
(-1, -0.4684077780799133)
(-1, -0.6628191790440142)
(-1, -0.5469991191779552)
(-1, -0.7002849224766083)
(0, -0.10637481414638222)
(0, -0.035412235186615335)
(-1, -0.8621629199988123)
(0, -0.16363416616613052)
