(0, 0.10030853260637876)
(1, 0.9892259960143738)
(0, -0.019631797849994637)
(-1, -0.6945316320159775)
(-1, -0.7987821218737333)
(1, 0.3647916831878982)
(0, 0.2897444729545498)
(1, 0.631671341825865)
(0, -0.018641834087334858)
(1, 0.9551187418920981)
(-1, -0.789029382338342)
(1, 0.5814639683324655)
(1, 0.315588660166075)
(1, 0.9616582377568252)
(1, 0.8835798615597256)
(-1, -0.2427858455195374)
(1, 0.9716484768579209)
(1, 0.6851018816658184)
(-1, -0.6063021674781517)
(-1, -0.3192385743442092)
(0, -0.212655072508003)
(0, 0.02151452717570601)
(1, 0.9473299486249576)
(0, 0.08214119598479502)
(-1, -0.631974886863671)
(1, 0.042731374137499334)
(1, 0.9341270110791818)
(-1, -0.6694258323826735)
(-1, -0.7348456344282259)
(0, 0.05167144962006147)
(0, -0.24292327307133713)
(0, 0.09968614430851783)
(0, -0.031191379220949583)
(0, -0.047822237170334514)
(-1, -0.9513043376569904)
(0, -0.06894526247122122)
(0, 0.05562150709780927)
(0, 0.05850463044081615)
(0, 0.004369250405244062)
(1, 0.4368950759505513)
(-1, -0.6943238005535549)
(-1, -0.7788255299388065)
(-1, -0.11849007044433207)
(1, 0.8384471079520835)
(-1, -0.258771821134259)
(1, 0.5685835218221961)
(1, 0.026914251293372493)
(0, 0.11179353017579119)
(0, -0.00586441452606435)
