(1, 0.615952663064205)
(-1, -0.31547326233098044)
(0, -0.37612600229750265)
(1, 0.22659906293822912)
(0, 0.004186258985874117)
(-1, -0.6251306741345828)
(1, 0.5727503860884718)
(0, -0.020990103668080226)
(-1, -0.1528442221703426)
(0, -0.047721790502664896)
(0, -0.014410466456515968)
(0, 0.4627048570656321)
(1, 0.8069775615707852)
(1, 0.3054132222465505)
(0, -0.20020601619360354)
(1, 0.5280388349478735)
(1, 0.6102050274482292)
(0, 0.048540399417494384)
(-1, -0.7474474419290298)
(0, 0.1654230002082794)
(0, -0.104948495925073)
(-1, -0.9686501039568552)
(0, 0.1334195179169011)
(1, 0.5366395195392757)
(1, 0.7699983128217177)
(0, -0.21227208673865391)
(-1, -0.24196039652154)
(1, 0.7934991093761465)
(1, 0.8972559759872577)
(1, 0.6241532273019156)
(-1, -0.8799035910880981)
(-1, -0.6604146362449742)
(0, 0.03776311540650726)
(0, -0.12059523032747481)
(0, 0.20523330234657744)
(0, -0.16155760089137444)
(0, 0.02551945793816015)
(0, -0.16100483207158683)
(1, 0.39512935011090655)
(1, 0.7749916279942272)
(1, 0.9868712614320644)
(0, 0.036784758146509944)
(0, 0.10143793640220863)
(-1, -0.4361695574322594)
(0, -0.13541883839824956)
(0, 0.04541834652438717)
(-1, -0.03736120762042311)
(-1, -0.3487655697121076)
(1, 0.4707639932421098)
(0, 0.06527609309429228)
(1, 0.46039884737077696)
(1, 0.45742844917002173)
(0, 0.045676405123073804)
(1, 0.036332980470442144)
(-1, -0.17430072997064677)
(1, 0.5498604803789362)
(0, 0.008760547386424095)
(0, -0.16099827393860125)
(0, -0.06827891211884801)
(1, 0.8745882078922115)
(1, 0.17144446940742486)
(0, -0.034930898011727676)
(0, 0.32313075054488855)
(1, 0.9313831048109357)
(-1, -0.25191663692565436)
(0, -0.047607643589477056)
(1, 0.04148080076665622)
(0, 0.008967120198060174)
(0, -0.3137626531116646)
(0, -0.09693310806295347)
(0, -0.2653706812915786)
(0, 0.12900256853732794)
(0, -0.19572787204560066)
(0, -0.03497445247196919)
(-1, -0.3200366268484428)
(-1, -0.6878704815134888)
(-1, -0.8472894186942684)
(-1, -0.9355941068085258)
(0, -0.08180313828950192)
(0, -0.02750295570042042)
(0, -0.030839699354938695)
(-1, -0.863754917146688)
(0, -0.2590298068356824)
(0, -0.061081103855906246)
(0, -0.09084319422539427)
(0, -0.24528595389109314)
(0, -0.16039744977867992)
(0, 0.0019236054547455417)
(1, 0.27575640773743326)
(0, 0.042242706562427484)
(0, -0.28716152613183055)
(-1, -0.680457766206407)
(0, 0.013220415297337376)
(1, 0.15524580010672356)
(0, -0.05029471336588012)
(0, -0.009173726140615013)
(0, -0.2450583429701465)
(1, 0.4878517310401215)
(-1, -0.3290460317569722)
(-1, -0.8836947411503846)
(1, 0.22730452138479368)
(-1, -0.5599699852961062)
(-1, -0.39556318346470587)
(-1, -0.257688056431453)
(-1, -0.32867281694421935)
(-1, -0.39763693099311076)
(-1, -0.5304298834372349)
(-1, -0.8255112565513141)
(0, -0.06765460210613114)
(-1, -0.6333692691680697)
(-1, -0.3041616296793656)
(0, -0.022216120540888756)
(1, 0.5546384082249174)
(0, -0.11915280083746)
(-1, -0.1212321313015931)
(1, 0.3214736935011883)
(-1, -0.5171402911855232)
(0, -0.09456035862659468)
(0, -0.43342309718163846)
(0, 0.05897642585774665)
(-1, -0.49584384372360063)
(-1, -0.5982633783805236)
(-1, -0.029519485206391083)
(0, 0.014932657399783944)
(0, -0.11254949531936301)
(0, -0.004804108704775559)
(0, 0.060738743697144215)
(0, 0.00037008396076346206)
(1, 0.15855702256447463)
(1, 0.8094946912927277)
(1, 0.20746972700949556)
(-1, -0.18477291767943982)
(1, 0.8852401480299633)
(0, 0.14209080454332432)
(0, -0.14442154822356457)
(-1, -0.26178114532797625)
(1, 0.39372617870032744)
(-1, -0.3794442152642667)
(1, 0.2698849253922086)
(-1, -0.8299482307237371)
(0, -0.0863737781833454)
(0, -0.028724455131582873)
(-1, -0.20874340445520184)
(0, 0.10824745922956122)
(1, 0.27585841585839643)
(1, 0.8319386464859412)
(1, 0.6514913993474049)
(1, 0.9530901645759354)
(1, 0.4240992245065599)
(-1, -0.34904245436180653)
(1, 0.8983295680256047)
(0, 0.033209938040494144)
(0, 0.2919786725731728)
(0, -0.1377351537467508)
(0, -0.09873422126208536)
(0, 0.032736294008949694)
(0, 0.0015120624276680629)
(1, 0.9618845602057233)
(0, -0.09528432983547469)
(0, -0.14305954904403292)
(0, 0.1510532195499958)
