(0, -0.04570791756457557)
(-1, -0.5288153437948837)
(1, 0.9997832639772206)
(1, 0.4889782902368845)
(0, 0.25761264518986277)
(1, 0.5517779400016027)
(1, 0.28923987995922684)
(1, 0.9575538334766549)
(1, 0.9767710066628014)
(-1, -0.20230064265768066)
(-1, -0.1945208454960647)
(0, -0.01938964873664431)
(0, -0.21010640090994526)
(-1, -0.6414047836833717)
(0, -0.09079357081793746)
(0, -0.005424532227069571)
(1, 0.2857582380836601)
(1, 0.7326208483406936)
(0, 0.2059580172367392)
(1, 0.6703156911016152)
(1, 0.7639477427419151)
(-1, -0.0361797318883092)
(0, 0.01740671642882563)
(1, 0.35164341522927395)
(-1, -0.06532310180185785)
(0, -0.023493429596240782)
(0, 0.2620062292894783)
(1, 0.6311814447946736)
(0, 0.032171633578043236)
(0, 0.03287162597061169)
(0, 0.2615582051604573)
(0, 0.016092889669790555)
(0, -0.06285838029731355)
(0, 0.039416106389436656)
(0, -0.09691017348448672)
(0, 0.14722979311077586)
(0, 0.09321375229226037)
(-1, -0.11599892323626193)
(0, 0.00376250021649549)
(0, -0.17026460351352196)
(0, -0.04972839232743845)
(1, 0.9759373367276731)
(1, 0.7085410372669874)
(1, 0.6270305740724728)
(1, 0.9776791754451304)
(1, 0.5629899455904408)
(-1, -0.4087542241756458)
(0, 0.08381455510501513)
(-1, -0.9444368186815749)
(-1, -0.5052754773363674)
(0, -0.08327384378847752)
(-1, -0.6715085146156436)
(-1, -0.9418826377698869)
(-1, -0.8163709918612803)
(1, 0.9365004451321474)
(1, 0.12755992068792887)
(-1, -0.17582804964645837)
(1, 0.6845695501920619)
(0, -0.17862376400168153)
(0, -0.19167279086803254)
(0, -0.0018980906210340062)
