(-1, -0.6625685191996823)
(-1, -0.12058372346222151)
(1, 0.3391510486258949)
(1, 0.9623270779164389)
(-1, -0.4820868903918215)
(0, 0.41823007358827613)
(1, 0.8081107231424203)
(1, 0.3228463516266893)
(-1, -0.9931210744696357)
(-1, -0.2094437907081924)
(-1, -0.6872162854235904)
(-1, -0.10349669622842256)
(0, 0.44554377591754407)
(0, 0.161452790041109)
(0, 0.36377696308654206)
(1, 0.8621537132051766)
(0, 0.06584392547276888)
(1, 0.4310953338245944)
(0, 0.2975883368828388)
(1, 0.5688318085472558)
(1, 0.6241448739801758)
(0, 0.025744151348820493)
(1, 0.45783879721091203)
(1, 0.577124717616287)
(0, -0.058592714449509045)
(1, 0.596451181797973)
(1, 0.5232194258096576)
(1, 0.2651057200466372)
(-1, -0.3589499010550724)
(1, 0.8648021443899911)
(-1, -0.10350477536951935)
(0, -0.30965708489759897)
(0, 0.43557881641389024)
(0, 0.03860403969451766)
(0, 0.009353260137710206)
(-1, -0.019569693729364013)
(-1, -0.11764383888190216)
(1, 0.7289767640108334)
