(1, 0.9999883552309276)
(1, 0.3876108549097065)
(0, -0.1816806499522799)
(1, 0.2780188164254161)
(0, -0.11448427247904686)
(0, -0.26473686544160213)
(1, 0.677714279167569)
(1, 0.3973218009493028)
(1, 0.6643440042083025)
(1, 0.8415762328631896)
(1, 0.9046437972589599)
(-1, -0.34758526820620456)
(0, -0.04774572288120269)
(-1, -0.4652461259941709)
(0, 0.2064041552138702)
(1, 0.6046919130934463)
(1, 0.5081850067309561)
(1, 0.5374956245635905)
(-1, -0.5083198905127729)
(1, 0.32478548110975664)
(1, 0.9904051777519834)
(1, 0.042745561822036926)
(1, 0.6184440270498625)
(1, 0.14851532659198163)
(-1, -0.5077366007010822)
(-1, -0.21618133493108038)
(-1, -0.07022527387716637)
(1, 0.07439368587130529)
(1, 0.08892139183642706)
(1, 0.7797840820486526)
(-1, -0.5078574942956802)
(0, -0.2450586224480067)
(0, -0.25345922544445115)
(0, 0.021756798869322663)
