(1, 0.9680438957979293)
(0, -0.1780517645711676)
(-1, -0.9575660373472576)
(1, 0.8606893828616302)
(-1, -0.7472181559460827)
(0, -0.10071290156263084)
(1, 0.6550865850628502)
(-1, -0.017013497390660437)
(0, 0.05836483587588086)
(1, 0.4472039648617981)
(0, 0.03576544646906665)
(0, 0.3234480962371366)
(-1, -0.7678941728454151)
(1, 0.6413199764511037)
(0, 0.19895880628421844)
(1, 0.9566695515818125)
(0, -0.0019422483699173421)
(0, -0.265029581863268)
(0, -0.1383842536221566)
(-1, -0.8666863047856527)
(-1, -0.26527024089730733)
(-1, -0.8684649600285734)
(0, -0.10297721344241378)
(1, 0.1378693119718662)
(0, -0.1380029983785948)
(0, -0.11755796699764519)
(1, 0.8321731656557474)
(-1, -0.9789013167543436)
(0, -0.03396137540055814)
(0, -0.02318956202993279)
