(0, 0.07199605783298822)
(0, -0.06506862275521369)
(1, 0.9555345922466882)
(0, 0.10349289430622051)
(1, 0.9941711968575888)
(0, -0.2481723010952857)
(-1, -0.5061025522917246)
(1, 0.3460453135416488)
(1, 0.46307869989733463)
(1, 0.8636715443352934)
(0, 0.12114811038292744)
(1, 0.7811432919663274)
(1, 0.7286625465558563)
(-1, -0.904903887637471)
(1, 0.7754473626671867)
(1, 0.575009626861986)
(0, -0.09413395949629344)
(0, 0.3990307464322354)
(-1, -0.6855636514817269)
(1, 0.2355255005311591)
(-1, -0.7535677853255591)
(-1, -0.7222833548460218)
(-1, -0.5689244775686235)
(-1, -0.9624592276213357)
(0, -0.35108426584494973)
(0, -0.008064472200370064)
(1, 0.3030394675015961)
(0, 0.006321834300341957)
(0, 0.346925517637312)
(0, -0.028391159773098133)
(1, 0.7450135742063914)
(0, 0.25117924688435334)
(1, 0.23109114806682224)
(-1, -0.5100361914901148)
(0, 0.008663439840910843)
(0, 0.07340547060849992)
