(1, 0.6522734360629576)
(-1, -0.2168841270922604)
(0, -0.037342994018790016)
(0, 0.41817246468359986)
(-1, -0.9670423874491129)
(-1, -0.9884632869043524)
(1, 0.7390363221228935)
(-1, -0.24738813193850928)
(1, 0.38695308009940993)
(1, 0.736951159986156)
(0, 0.043009572800598674)
(0, -0.1798231298171164)
(-1, -0.5263848412247126)
(1, 0.9062916674081276)
(-1, -0.43311922676507797)
(0, 0.07344609550909748)
(-1, -0.9438511372138603)
(-1, -0.9145193923160903)
(-1, -0.6591244923780478)
(0, 0.05641609826807158)
(0, -0.24962879633678334)
(-1, -0.7662462858813986)
(-1, -0.9199831283166674)
(-1, -0.7367988065911425)
(1, 0.9426895781318458)
(-1, -0.9892811109176082)
(-1, -0.846137988505371)
(0, 0.04075277599229132)
(-1, -0.030737238935167666)
(-1, -0.8649640817461716)
(1, 0.5035700845982183)
(1, 0.9339476350122042)
(1, 0.9176076602294393)
