(1, 0.8901186941976303)
(0, -0.061327655543563425)
(1, 0.8801736437117037)
(1, 0.800470492840372)
(-1, -0.3847207126946699)
(1, 0.9708449189234621)
(-1, -0.22089136081632876)
(0, -0.25948259832116227)
(0, 0.02007528560957908)
(0, -0.08829069199783823)
(-1, -0.35657533816027054)
(-1, -0.38790591226539967)
(0, 0.19574998910350397)
(0, -0.003800378026609808)
(-1, -0.4251107957761938)
(1, 0.35153463432842263)
(0, -0.028645314996995352)
(1, 0.5142748716788483)
(1, 0.004948915220584105)
(0, 0.14714015993859536)
(1, 0.4505681330993993)
(-1, -0.421936212315233)
(0, -0.01465938224132972)
(1, 0.8084574681384687)
(1, 0.9310104350846491)
(-1, -0.3344538791520369)
(-1, -0.6704100754863649)
(-1, -0.3423560218552372)
(0, 0.008797336653550425)
(1, 0.35883836767506483)
(-1, -0.49561055251072317)
(1, 0.7287448426423041)
(0, 0.16693300577664366)
(0, -0.0537749904006356)
(0, 0.0842179047000421)
(0, 0.04806314520837633)
(0, 0.04400045053140022)
(0, 0.21900795989675206)
(1, 0.7974301638491664)
(-1, -0.4568798593970067)
(0, 0.05969030842919075)
(1, 0.8516236773168407)
(1, 0.6193941467087588)
(0, -0.021882728578974366)
