(0, 0.002996521180767875)
(1, 0.4344531201370935)
(1, 0.45553784450810675)
(-1, -0.318824931955051)
(0, -0.12505125834244055)
(1, 0.25207525281380433)
(-1, -0.5340566926201702)
(-1, -0.5982569113090287)
(0, -0.1397148894176423)
(0, 0.11772554175345229)
(1, 0.6255436760372961)
(-1, -0.38480274179951646)
(0, -0.23977612969830042)
(0, 0.2365193428676353)
(0, 0.10661841540311431)
(1, 0.24987889851929113)
(-1, -0.9879409612041297)
(0, 0.0721792080566648)
(0, 0.0948233992434756)
(0, -0.10196609296362213)
(0, -0.44077924773276483)
(0, 0.08652683564053953)
(0, 0.05425830281131877)
(0, 0.07598506065882163)
(0, 0.3374584858600576)
(0, 0.03757297628331454)
(0, 0.0036855117053862753)
(0, -0.08744219143014711)
(0, 0.3009710307648891)
(1, 0.2821583468853045)
(0, 0.0754537696256858)
(0, 0.24711488905301843)
(0, -0.04477132143733102)
(0, 0.020951176705661455)
(0, 0.21307152441442032)
(1, 0.6067221130026059)
(1, 0.3286270546911162)
(0, 0.031270001624255)
(-1, -0.2336933511109989)
(0, -0.18821518200478568)
(1, 0.806005043577635)
(1, 0.8984125868680485)
(-1, -0.3075549617867326)
(0, 0.1662338616847741)
(1, 0.3118869428801955)
(-1, -0.3938777554697554)
(-1, -0.37351001964748537)
(-1, -0.18355025151244425)
(-1, -0.9103449187601311)
(-1, -0.5168475439781122)
(0, 0.09577977252563338)
(1, 0.7216954358803708)
(0, -0.06523115258731482)
(-1, -0.6548885812588033)
(-1, -0.3318437624702508)
(0, -0.0425196335832172)
(-1, -0.3839851441370235)
(-1, -0.4087098429183763)
(0, 0.020560195094672874)
(-1, -0.7934182281459086)
(-1, -0.9991088209003456)
(-1, -0.57089119998552)
(-1, -0.6206562276015758)
