(0, -0.00686597159523028)
(0, -0.04415067905593906)
(-1, -0.6138643417252443)
(1, 0.3858070276997193)
(0, 0.37188108393730573)
(1, 0.33755032595685885)
(0, 0.16176137295961984)
(0, -0.13314220949662445)
(0, -0.02131171126445751)
(1, 0.8935872113938187)
(0, -0.06626452010766318)
(-1, -0.22670642173556765)
(0, -0.2725298418453469)
(0, 0.09065808751100692)
(0, -0.01904395311056356)
(-1, -0.21572957964719075)
(1, 0.900256242348156)
(1, 0.7681909895214808)
(0, 0.05763850453512882)
(-1, -0.8282008674857638)
(0, -0.00470765713366833)
(0, 0.03177805059526895)
(0, 0.2544996324465889)
(1, 0.2553897085284581)
(0, -0.028971238462115627)
(0, 0.06866531620073067)
(0, -0.12288653459297529)
(0, 0.228297691684895)
(0, -0.029062201240607294)
(-1, -0.5169706902670045)
(0, 0.13783241405897095)
(1, 0.5638412726230974)
(0, -0.13425656021372007)
(1, 0.7021094088522509)
(1, 0.7478956022727576)
(0, 0.1314374324758696)
(0, 0.2253858120491267)
(0, 0.18339965255643)
(1, 0.5903386466203211)
(0, 0.07376578081118469)
(1, 0.1630427762581214)
(0, 0.006893421575578498)
(0, 0.056120518048633966)
(0, -0.37908439807647165)
(1, 0.7303947563005982)
(0, 0.328205792557461)
(1, 0.8201592709470422)
(-1, -0.2809291935209941)
(0, -0.3607201145894392)
(0, 0.1029754801844541)
(0, 0.005815454073294035)
(0, -0.009933953376171055)
(0, -0.10221867099829395)
(1, 0.2115510757418064)
(0, -0.16480050530960197)
(0, -0.16164625522148313)
(0, 0.05123018272326577)
(0, 0.10758252674508381)
(1, 0.026121141875401654)
(0, -0.08922813390904114)
(1, 0.32123211909490207)
(0, -0.15941686447644013)
