(1, 0.1429916312811858)
(0, -0.15019974463567304)
(0, 0.30482757542947303)
(-1, -0.2798331295154223)
(0, -0.1370439672942577)
(1, 0.9708566639086378)
(0, -0.05982203155591506)
(0, -0.276182020704583)
(1, 0.797414503827775)
(1, 0.01234220808406683)
(0, -0.2862692737508209)
(1, 0.6366938594889009)
(-1, -0.15549155577333332)
(1, 0.9193246239335573)
(-1, -0.8474940820544548)
(-1, -0.37115252933287807)
(-1, -0.9403665084141254)
(0, 0.20533341632058844)
(0, 0.05902657257805602)
(-1, -0.6047432883748792)
(-1, -0.9758242944235516)
(1, 0.5728317783390622)
(0, 0.13463462536224763)
(-1, -0.9541376368417339)
(-1, -0.3228177035167391)
(-1, -0.6762818062333441)
(-1, -0.28424100004548153)
(0, -0.005296257562707407)
(1, 0.6589624596882421)
(-1, -0.41933070481124807)
(0, -0.23432279839579478)
(1, 0.42592028469981086)
(-1, -0.9204663963581624)
(0, 0.14842063901833286)
(0, 0.0014425493141073664)
(-1, -0.7883585694866029)
(-1, -0.7393262094208162)
(0, 0.058543191995420435)
(0, 0.03856344057065694)
(-1, -0.7758807501513107)
(0, 0.015595872468283034)
(0, -0.24395089896258257)
(0, 0.07719378028857757)
(1, 0.43284640059692653)
(0, -0.21068708858889057)
(0, 4.9982784795843394e-05)
(0, 0.008027248515955376)
(0, 0.002926144598480826)
(-1, -0.18073289822791794)
(0, -0.21544767123640202)
(-1, -0.818856375030385)
(-1, -0.9285337020200161)
(0, -0.09458862917148664)
(-1, -0.9902680027628942)
(-1, -0.12036583454819694)
(1, 0.4994537099476889)
(0, 0.28959066627386976)
(-1, -0.18328045409499089)
(-1, -0.6745465464928233)
(-1, -0.4495213197984589)
(-1, -0.675050794730723)
(0, -0.29268676518062214)
(0, 0.2533243287816829)
(0, 0.015454534706863938)
(0, -0.2303718249408176)
(-1, -0.832622907466585)
(0, 0.07434445984684858)
(0, 0.025649839383456115)
(0, 0.09060227716628516)
(1, 0.2808267504338313)
(-1, -0.40088333621092126)
(1, 0.8724804768648325)
(0, -0.09441060180931896)
(1, 0.7361770576180745)
(1, 0.6681460392274549)
(-1, -0.07043807921276696)
(0, -0.042616357834154905)
(0, 0.197613044530058)
(0, -0.15092243061666927)
(0, -0.24688739172277888)
(1, 0.26199461297131355)
(-1, -0.6163225381421428)
(0, 0.05653310293611087)
(0, -0.024053641900546596)
(0, -0.042165096830553084)
