(0, -0.06434814783597914)
(1, 0.6525069678889666)
(-1, -0.5429141421982742)
(0, 0.09431317187609799)
(1, 0.23767780443947922)
(1, 0.9601413382015556)
(1, 0.48140135671836826)
(1, 0.18394590617718265)
(0, 0.18329879496293186)
(0, 0.12825679256372097)
(-1, -0.29383011885584726)
(0, -0.015500216797512997)
(0, -0.039134963103654274)
(1, 0.5722286923372842)
(0, -0.2628855792107784)
(-1, -0.22980290192898634)
(0, 0.005113132540610271)
(0, 0.07399874680257637)
(0, 0.10818557317586855)
(0, 0.13649215178039625)
(-1, -0.9072434917004556)
(0, -0.2603433273228186)
(-1, -0.39348769546879614)
(-1, -0.6451184869793003)
(1, 0.6228305852968121)
(0, 0.03400717873270491)
(1, 0.6182111126329799)
(0, 0.13081600681326225)
(-1, -0.6156482592794814)
(0, -0.2484187146014872)
(-1, -0.5771802795968871)
(-1, -0.02623096663921798)
