(1, 0.378307625246292)
(0, -0.000632814404632049)
(0, -0.10332984341964702)
(0, -0.029658161251525095)
(1, 0.43153959820772886)
(1, 0.9547145721896807)
(0, 0.18603366091641382)
(-1, -0.13065671567758624)
(1, 0.5922764950002952)
(1, 0.9830615889729318)
(0, -0.04735510264717037)
(1, 0.7052449442159859)
(-1, -0.16199978873614113)
(-1, -0.8061651946674565)
(1, 0.4373073725092849)
(1, 0.1629739840511812)
(-1, -0.400425225227316)
(-1, -0.4543416875802993)
(1, 0.6877539669383241)
(-1, -0.51509432301776)
(1, 0.8498487432521498)
(1, 0.1045258997475833)
(1, 0.6372710257127899)
(0, 0.18419041529312968)
(0, 0.2604218438834018)
(-1, -0.7960464412606852)
(1, 0.5474130641804869)
(1, 0.5887200599337623)
(0, 0.02332489177558543)
(0, -0.10806375305152235)
(1, 0.883805495071867)
(-1, -0.5624937164421482)
(1, 0.4028087834369196)
(0, 0.021399295184950914)
(0, -0.020537130929819403)
(0, -0.010642414620365038)
(0, -0.07060822333823301)
(0, 0.25430942557157477)
(0, -0.08158607410630761)
(1, 0.44957449985967113)
(0, 0.10418356130255303)
(-1, -0.3436538067020465)
(0, 0.18216424094436193)
(1, 0.8337259309683283)
(1, 0.9000014684667671)
(-1, -0.22981446749316983)
(0, -0.00648935214968054)
(0, -0.03669144180683834)
(0, 0.27444698303050785)
(0, -0.025453904988806477)
(0, 0.08156247675586567)
(1, 0.42507920833234314)
(-1, -0.5856333516863682)
(1, 0.5326622695500111)
(0, 0.04395238132046141)
(-1, -0.46986743190394553)
(0, 0.006400796665478537)
(0, -0.009478561369019228)
(0, 0.0164852265553456)
(1, 0.7461509031952983)
(0, 0.11532214875246402)
(0, -0.13378408073555745)
(1, 0.44542727506217594)
(1, 0.4226531140401881)
(0, 0.02435422089227314)
(0, 0.04014438886611919)
(0, -0.0008767634297148809)
(0, 0.10701753041158496)
(-1, -0.20007056671631557)
(0, 0.05233766600588027)
(-1, -0.7097938592518093)
(0, -0.16618465467910132)
(-1, -0.23362297306271018)
(0, 0.05470462229627636)
(0, 0.17269378188517623)
(0, -0.1663302351461906)
(1, 0.6726885908702156)
(0, -0.034937377524713875)
(0, 0.0589353197160426)
