(1, 0.9915181650785155)
(0, 0.12233585639348468)
(1, 0.7733959245540519)
(-1, -0.595656138786328)
(0, -0.03838641812985703)
(-1, -0.2546828726356238)
(1, 0.47453994379183684)
(1, 0.6549229405800104)
(1, 0.9975607003820853)
(1, 0.3878605299128681)
(1, 0.3540046705405391)
(1, 0.6405078347920914)
(1, 0.5378956079517769)
(0, -0.08147579003383457)
(-1, -0.428462152150517)
(1, 0.34902409695205056)
(0, 0.1119841379687111)
(-1, -0.23342094357507254)
(1, 0.6445834186037717)
(1, 0.17358968544384556)
(1, 0.49700972242190544)
(1, 0.7414788990700928)
(0, -0.11795502070158032)
(-1, -0.17866107580334473)
(0, 0.2921263562171212)
(-1, -0.7460008448877321)
(0, 0.06129450717095371)
(-1, -0.17779073274455048)
(0, 0.019901214347679375)
(0, 0.004176167462555853)
(0, -0.002305750116546934)
