(1, 0.5367580667072015)
(-1, -0.6236391524735722)
(-1, -0.1803484053062515)
(1, 0.9268002411218829)
(-1, -0.512026666756678)
(-1, -0.27034873035043683)
(0, 0.3986736438706678)
(1, 0.7726031772076182)
(-1, -0.23656591331489674)
(0, 0.38984284063685437)
(1, 0.15646861896480296)
(1, 0.8179142630970121)
(0, -0.004594153666844847)
(-1, -0.07398917744700279)
(-1, -0.6789911373978373)
(-1, -0.023972113438081755)
(-1, -0.12952853345468296)
(-1, -0.6135280785714834)
(-1, -0.8524388193214979)
(0, -0.45405926400186736)
(0, -0.0262281446898857)
