(0, 0.16481300236717253)
(0, -0.08099902061750974)
(0, 0.010408895760185836)
(0, 0.05875868259241068)
(1, 0.1452419063073287)
(0, -0.044142639173334886)
(1, 0.30872204072367554)
(0, -0.15328388315561303)
(-1, -0.035048515403512226)
(1, 0.4905113443719866)
(1, 0.8737708721076575)
(0, 0.2560587577054006)
(0, -0.21933421363690198)
(-1, -0.4859084444164815)
(1, 0.9042143906973427)
(0, 0.12097612786862443)
(0, -0.031885260071815226)
(1, 0.6867927200731162)
(-1, -0.5007785051346081)
(0, 0.03807581447805841)
(1, 0.9777075124247013)
(0, -0.14910951930656663)
(0, -0.308358163669083)
(-1, -0.9274993956830357)
(-1, -0.3419466654364389)
(1, 0.8167460163592667)
(-1, -0.9157760024885951)
(-1, -0.9977410151811641)
(-1, -0.35267864662189397)
(1, 0.321732049433955)
(-1, -0.29961458143776026)
(0, 0.004772041602961639)
(0, -0.02845826891110012)
