(1, 0.8487666885591273)
(-1, -0.9270886487578563)
(-1, -0.37101257964092665)
(1, 0.8007956460853236)
(1, 0.4418519133824957)
(1, 0.11243746672755678)
(0, -0.35271948041086726)
(1, 0.5507988513710144)
(-1, -0.3039575235102689)
(0, 0.3370329005839355)
(-1, -0.08665837547075966)
(-1, -0.5642803767183132)
(0, 0.02681506047646351)
(0, -0.058544178491761606)
(-1, -0.2821555814488012)
(0, -0.005535432425171405)
(1, 0.6428498487798997)
(1, 0.022762611446351944)
(0, -0.2795886963551286)
(-1, -0.22846551634780626)
(1, 0.8676237609233034)
(-1, -0.23076159192428397)
(0, 0.22401064418489858)
(1, 0.042007732054401004)
(1, 0.011793948217435957)
(-1, -0.9877805068541708)
(0, 0.08290305325178428)
