(-1, -0.6485253872964016)
(0, -0.021841329526297304)
(-1, -0.6492569164223618)
(-1, -0.6909487704689217)
(0, 0.19042087624674367)
(1, 0.655757621334757)
(1, 0.2647609090510701)
(-1, -0.4874519183861244)
(0, -0.12184507420279589)
(0, 0.2632769834013779)
(-1, -0.3828888014647851)
(-1, -0.6095470343190293)
(-1, -0.3140581315868979)
(1, 0.23066619824431014)
(0, -0.1020288301645115)
(-1, -0.4351630065575173)
(0, -0.07138740646877602)
(-1, -0.7773627156615802)
(-1, -0.2120677636419015)
(1, 0.2555473712544169)
(1, 0.7321948159402094)
(-1, -0.7010614206317878)
(-1, -0.8899859783763042)
(1, 0.48807675513945037)
(-1, -0.002392551449264313)
(1, 0.7611361653700862)
(0, -0.014936513942086442)
(0, 0.3884346551134648)
(-1, -0.6810148591942782)
(1, 0.54042949022071)
(0, -0.036299253562879205)
(-1, -0.9061694407042981)
(1, 0.41340171926930935)
(-1, -0.9992557167917022)
(0, 0.11294998273757759)
(1, 0.9233472764129741)
(1, 0.09279785316368178)
(-1, -0.5386684505975137)
(0, -0.09104204690534512)
(0, 0.26737693831772613)
(0, 0.0003357919370944821)
