(1, 0.9650617159663946)
(1, 0.6215693756913937)
(1, 0.4039678086150259)
(0, -0.20968789885109476)
(0, -0.18242809539361865)
(0, -0.27828112657029214)
(-1, -0.7655486405815098)
(0, 0.09106947697408904)
(0, 0.43520894472997285)
(0, 0.06478943800158136)
(-1, -0.059601002873505504)
(1, 0.34506422775413437)
(1, 0.48857574914414686)
(1, 0.618857151901019)
(-1, -0.4446157273060609)
(-1, -0.8211994179686969)
(0, 0.030784065413862697)
(-1, -0.583995797518763)
(1, 0.602955178450739)
(1, 0.9413041326046178)
(0, 0.03091890956225199)
(1, 0.5532554673799078)
(1, 0.5416817624473254)
(1, 0.8927554913779958)
(1, 0.0009481987437205963)
(1, 0.4581821951411038)
(1, 0.3776308014819723)
(1, 0.20525642668725147)
(1, 0.6126621797655902)
(1, 0.5611481195697459)
(1, 0.48719219099770716)
(0, 0.07363335250845338)
(0, 0.08174554649779452)
(-1, -0.6845886263149605)
(0, -0.01375147838337816)
(1, 0.7726572320719655)
(0, 0.06941011943175077)
(0, 0.004472167633640629)
(1, 0.738856554486045)
(0, 0.10591941066840357)
(0, -0.19876828558349255)
(-1, -0.1817979750298518)
(0, 0.07955948919395828)
(0, -0.316204998412355)
(-1, -0.09405866281824565)
(-1, -0.7470800208944355)
(-1, -0.9596452954850913)
(-1, -0.4422789254233275)
(-1, -0.8599247806728099)
(0, 0.20269035070681152)
(-1, -0.8988845314065044)
(0, 0.018834898758262095)
(0, -0.0445195566563925)
(-1, -0.048810794898908105)
(-1, -0.0198889721355891)
(-1, -0.3627598319325023)
(0, -0.175050963174416)
(-1, -0.9797796638182038)
(0, -0.06753618408525268)
(0, -0.17027831476893113)
(0, -0.1917709332724183)
(1, 0.8302054269779618)
(1, 0.5693616701629932)
(0, 0.05861127070023145)
(0, 0.03067692038768545)
(-1, -0.7257452107569147)
(-1, -0.6845503230549886)
(1, 0.9318898958955432)
(-1, -0.5740793794769606)
(0, -0.21740158783182048)
(1, 0.8591232052610541)
(1, 0.0950665649174231)
(1, 0.01243065708914226)
(0, 0.013361819238080858)
(1, 0.3031680319044061)
(-1, -0.1496488537731962)
(1, 0.5142561052610243)
(1, 0.7855929600137757)
(0, 0.0732927413101856)
(-1, -0.6782323276152875)
(-1, -0.33813432373940727)
(0, -0.2727668970038458)
(0, -0.032313609996310166)
(0, 0.08077783382075028)
(0, 0.018398176515287173)
(0, -0.002041639542148907)
(0, -0.29557648040036266)
(1, 0.67082308735314)
(1, 0.40092377673735463)
(0, 0.07377015952482768)
(1, 0.19673209353847992)
(-1, -0.3670781002170176)
(0, -0.061016789673218275)
(0, -0.0010459647075918566)
(-1, -0.5758254606585815)
(1, 0.46100140585430893)
(0, 0.2275831489449074)
(0, 0.03226752521607243)
(-1, -0.23683526584589598)
(-1, -0.40030546260041977)
(-1, -0.5153315406140352)
(1, 0.15608426260483477)
(-1, -0.7702671117225104)
(-1, -0.15226623418837482)
(1, 0.4190525131196031)
(1, 0.49821417217131114)
(-1, -0.6989373349649528)
(-1, -0.7308867720947383)
(-1, -0.7141975936263827)
(-1, -0.8753833870914772)
(-1, -0.7133410048798338)
(0, 0.04251524241046444)
(0, 0.28863781151249124)
(0, -0.06709558207626892)
(0, 0.00525304743595232)
(0, -0.06016925368535115)
