(0, 0.00333743013424026)
(-1, -0.7515356761642298)
(-1, -0.8439669791251845)
(1, 0.2725875016909378)
(1, 0.21995217082923119)
(0, -0.02393681283504967)
(1, 0.7889050072406902)
(-1, -0.7843523675271364)
(1, 0.5942162087566456)
(1, 0.45041465815269044)
(0, -0.1992584225511002)
(1, 0.5994756003935955)
(0, -0.0833713423358121)
(-1, -0.6463496151789665)
(1, 0.4877754594627125)
(-1, -0.3916668626830652)
(-1, -0.9952925074004021)
(-1, -0.4656202997457335)
(0, -0.15975240388521364)
(-1, -0.9499148315723199)
(-1, -0.17635307111169374)
(-1, -0.7535180103802477)
(-1, -0.7736715581493511)
(0, -0.019300175643334166)
(1, 0.9881345639919676)
(1, 0.08756245962588771)
(0, -0.1187691970973627)
(-1, -0.8556214789771701)
(0, 0.24397020333519165)
(-1, -0.5389652651786254)
(0, -0.12966509068975107)
(1, 0.2994053370469873)
(1, 0.6318996459331582)
(1, 0.8510357553544033)
(-1, -0.9045793521806879)
(0, -0.06765460210613114)
(-1, -0.4901392037710321)
(0, -0.07522688458780949)
(-1, -0.930832112801623)
(0, 0.010836018951554671)
(1, 0.39607462924701553)
(-1, -0.20325828146414654)
(0, 0.13622020896918152)
(0, -0.1804933805370429)
(-1, -0.5404552555390391)
(-1, -0.6319576114379046)
(1, 0.9068375872953836)
