(-1, -0.9133813403271018)
(0, 0.4246269603982689)
(-1, -0.5725762259310632)
(-1, -0.7730485368441469)
(-1, -0.41455636955182185)
(0, 0.013840788628096318)
(-1, -0.18284092064849333)
(-1, -0.4644959247029163)
(0, -0.18835350441812823)
(-1, -0.03392380148796492)
(1, 0.867013025150925)
(0, 0.29479191820802436)
(-1, -0.1418266029032958)
(-1, -0.7266931193074092)
(0, -0.09957967753792349)
(-1, -0.16866108374054628)
(0, -0.009706877507671848)
(0, -0.004200696739058346)
(1, 0.41240007235573295)
(0, -0.06765460210613114)
