(-1, -0.5054556034234592)
(1, 0.37442920989466927)
(-1, -0.6759601358328402)
(-1, -0.7035090142603533)
(1, 0.9628698966219197)
(0, -0.15501631835979668)
(0, -0.002705034111099111)
(-1, -0.41876940151132114)
(-1, -0.6901388719088521)
(-1, -0.5757337996504676)
(1, 0.8066480078638029)
(0, 0.027636004769201923)
(1, 0.8321061658310592)
(-1, -0.6427144573672084)
(-1, -0.9996734889729519)
(0, 0.1230613486907999)
(1, 0.2758700520906412)
(-1, -0.9974670099961552)
(-1, -0.8465019854577711)
(1, 0.3019993873955443)
(1, 0.3227318464342653)
(1, 0.273993387693336)
(-1, -0.4241868645784307)
(-1, -0.07290126299253324)
(1, 0.4417105059025557)
(0, -0.373388009163755)
(0, -0.07657397362212151)
(1, 0.9956651025162235)
(1, 0.7804257133926077)
(0, -0.1742057510060228)
(1, 0.839341898822443)
(0, -0.36325380294462656)
(0, 0.09295666710990938)
(1, 0.21654599239292027)
(-1, -0.32916518811590567)
(0, -0.08643152593640988)
(1, 0.37452553776351194)
(1, 0.29129857860739816)
(0, -0.011477133359376928)
(0, -0.09064896640079342)
(-1, -0.3524909222434528)
(1, 0.9642750093379696)
(0, -0.1650194822507297)
(0, 0.19256403666156122)
(1, 0.5352327207869464)
(1, 0.25602172386427025)
(1, 0.8298144253432883)
(0, 0.06965207777403093)
(0, 0.014375114757090628)
(-1, -0.4335214229161785)
(1, 0.7590706878986792)
(-1, -0.7162755768238642)
(0, -0.45738565935830555)
(-1, -0.02574797269793011)
(0, -0.351571257856468)
(-1, -0.8785115866649797)
(0, -0.19991463639139856)
(-1, -0.8500068379987182)
(-1, -0.9809634715485885)
(0, -0.23778901983726256)
(1, 0.3755233025622973)
(-1, -0.7961475993451097)
(-1, -0.46430896538606864)
(1, 0.7315750574247295)
(1, 0.7790781601491559)
(1, 0.08558472256052657)
(0, -0.31858622128880115)
(0, -0.10976248387361678)
(1, 0.6308722240711715)
(1, 0.9671809448919142)
(1, 0.10925309913645032)
(-1, -0.7764496762759028)
(-1, -0.8289625340118669)
(-1, -0.7227565037693784)
(-1, -0.38813066957487685)
(0, 0.06577411501526902)
(-1, -0.635081154127485)
(1, 0.19439567790129147)
(-1, -0.24943376473284506)
(0, -0.12516786439449265)
(0, -0.040389623807110975)
(0, -0.22687973709712866)
(1, 0.18859558683676042)
(1, 0.611388188959042)
(0, -0.08236870388241353)
(1, 0.4677106617183664)
(0, -0.01950081707765343)
(-1, -0.007161194321242181)
(1, 0.7580947759461844)
(-1, -0.47740769792829874)
(1, 0.4825022344862256)
(0, -0.04889346742767814)
