(1, 0.7628244892051609)
(1, 0.961615358478554)
(-1, -0.9447003775778857)
(-1, -0.9879071464446838)
(0, 0.295176606086286)
(1, 0.3555467605127084)
(0, 0.2506773339553302)
(0, 0.33927898543140006)
(0, 0.3069838080148529)
(0, 0.201113096171823)
(-1, -0.44530535742673527)
(0, 0.0719103662627884)
(-1, -0.8792512479148356)
(-1, -0.06905166534901802)
(1, 0.9741659036359962)
(-1, -0.7281765959862083)
(1, 0.9532774242549686)
(-1, -0.9420161581503756)
(-1, -0.9581520311426196)
(0, -0.021080805165214926)
(0, 0.022656141624010084)
(0, 0.11370558451787681)
(1, 0.16274714536357396)
(1, 0.026106904401987263)
(1, 0.6497620291666916)
(0, -0.0768425351682071)
(-1, -0.8096114674616706)
(-1, -0.5597917913056765)
(-1, -0.7277109233591273)
(0, -0.30274862404797953)
(0, -0.08497141685244478)
(1, 0.5250814869407425)
(1, 0.4653413101088672)
(-1, -0.9882956268513878)
(-1, -0.6634284753170268)
(0, 0.251130040131154)
