(1, 0.9243986609396161)
(0, -0.2224087121422672)
(0, -0.18494225041964635)
(1, 0.944571471779346)
(0, 0.0253918345481461)
(1, 0.6460755502654035)
(1, 0.9509198555128447)
(0, -0.012620528245275667)
(0, -0.007090102214872773)
(1, 0.5951181801965516)
(1, 0.48907346141866437)
(0, 0.09267656141995548)
(1, 0.6468350177652504)
(-1, -0.3559148019385603)
(1, 0.39660911293254014)
(0, -0.032699129872596794)
(1, 0.9834037143440418)
(-1, -0.9330002424533748)
(0, 0.04733922069048359)
(1, 0.6510957610470721)
(0, 0.07519140592647637)
(1, 0.7083832015988278)
(1, 0.40170604162187523)
(1, 0.683347731280413)
(1, 0.9388686601252436)
(-1, -0.9326995150315732)
(1, 0.9187388935034684)
(-1, -0.7510355532157049)
(-1, -0.9882158407639229)
(0, 0.0072532308344925855)
(0, 0.00525304743595232)
(0, -0.07613133306630263)
