(1, 0.9897220772069776)
(0, 0.03965538351364593)
(1, 0.20764541299969086)
(0, -0.08370714745779756)
(-1, -0.3448821933279201)
(0, 0.12446490610228234)
(-1, -0.666343815074292)
(1, 0.5666969621201088)
(-1, -0.7730523293906681)
(1, 0.9577532827941168)
(1, 0.014495710172655885)
(1, 0.8557065713734869)
(0, -0.42692384229937747)
(1, 0.7001768246790958)
(1, 0.6193566014625151)
(-1, -0.8262605517140108)
(1, 0.9789150882608879)
(0, -0.06574029315917455)
(1, 0.7561928292699541)
(0, -0.050335862925303655)
(1, 0.8061838083355919)
(0, -0.09754038151070854)
(1, 0.762084454326967)
(1, 0.06478626390149073)
(1, 0.8274396046135413)
(0, -0.15719725299163015)
(1, 0.2866847980265863)
(1, 0.5804664041477707)
(-1, -0.5306800323778674)
(0, -0.0037013326300393903)
