(0, -0.19305505565506345)
(0, -0.0030263360444376837)
(0, 0.0013490346351537653)
(0, 0.24056229238215698)
(0, 0.2767774992627232)
(0, -0.0124308890333871)
(1, 0.6999181346167973)
(1, 0.8463948058857739)
(1, 0.6419470587145837)
(0, 0.028324527827657146)
(0, 0.1544354611040939)
(0, -0.046434659336764675)
(0, -0.08045167677271467)
(1, 0.19760405998334524)
(1, 0.3657706711344072)
(0, -0.022653862376555867)
(0, -0.0026195920162515388)
(0, -0.1300031953071982)
(0, -0.0006553191454765905)
(-1, -0.45644570427936615)
(0, 0.15649395922666226)
(0, 0.014546242281602256)
(1, 0.16825416430886128)
(1, 0.9948066772181645)
(1, 0.2741621375661398)
(0, 0.10465854672734101)
(-1, -0.5703157394303027)
(-1, -0.46874481082745223)
(0, -0.019510910367397757)
(0, 0.4566278099361178)
(1, 0.9349552309827891)
(-1, -0.5246265762538712)
(1, 0.5885188633807232)
(0, 0.11032991903003944)
(-1, -0.425550440626232)
(1, 0.0933029949705888)
(1, 0.03413508209411292)
(-1, -0.5761916428998354)
(-1, -0.5043438800387205)
(0, 0.0997723368399879)
(0, 0.032621787034047195)
(0, -0.1334799145530166)
