(1, 0.9943598822506048)
(1, 0.9622054511276992)
(0, 0.27482921702709906)
(1, 0.6452578870247241)
(1, 0.8642672807875409)
(1, 0.9005221473609103)
(1, 0.7653567785807754)
(1, 0.795119830382726)
(1, 0.9787193114360804)
(0, 0.0006629884915651807)
(1, 0.3687169186517014)
(1, 0.8538716926803733)
(1, 0.858406822483133)
(1, 0.6688566604839034)
(0, 0.0206902592420765)
(0, 0.018060451045651828)
(0, 0.019019895864582588)
(0, 0.04423943832364964)
(1, 0.7882335620640585)
(0, 0.074217185038706)
(0, 0.0071569597638442665)
(1, 0.41669969226282977)
(0, 0.019901214347679375)
