(1, 0.8239369345368673)
(1, 0.592566565153593)
(-1, -0.4785713929127683)
(-1, -0.7071268503231053)
(-1, -0.8153302201812987)
(1, 0.774617790820911)
(1, 0.6883065316224687)
(-1, -0.8038692966088066)
(-1, -0.9997593419575134)
(-1, -0.5460439203064948)
(1, 0.2577123569989124)
(0, 0.06510934563134581)
(1, 0.01739846568197928)
(-1, -0.7221233754930203)
(-1, -0.08083901781819364)
(1, 0.2069640143826833)
(-1, -0.6448522540562949)
(1, 0.7144974433415601)
(1, 0.2251364310646059)
(0, -0.0266801150115778)
(1, 0.9604925997758244)
(0, 0.00013770755204760353)
(0, 0.021756798869322663)
(1, 0.8888853550397674)
(0, -0.042251449789393936)
