(-1, -0.4900429960934076)
(-1, -0.7807613387105683)
(-1, -0.6190211572336133)
(1, 0.9974052361579754)
(-1, -0.3079074825197474)
(0, -0.27864385150979165)
(0, 0.11622339977703572)
(-1, -0.5366311559848583)
(1, 0.9061058242696309)
(0, -0.3336178189437884)
(0, -0.10408888487235288)
(1, 0.561620553320079)
(0, 0.07603088163468107)
(0, 0.041615006827710584)
(1, 0.8926817975991996)
(-1, -0.6854736735916618)
(1, 0.11773847450998592)
(0, 0.004672716334175869)
(-1, -0.5064249161606527)
(-1, -0.6866766875668833)
(1, 0.9514212850385569)
(-1, -0.9863010319587121)
(0, -0.21647793605166205)
(0, -0.02412288120455236)
(1, 0.3690485886383772)
(-1, -0.6992317165739568)
(1, 0.8156092431026664)
(1, 0.028552100163469873)
(0, 0.11554113047705333)
(1, 0.7049412187550513)
(1, 0.5583430890222139)
(1, 0.7302036876386544)
(0, -0.14476872527185536)
(0, -0.09417839192950908)
(-1, -0.21971888202305118)
(-1, -0.9877068618231479)
(1, 0.5530190739799603)
(1, 0.611897690772131)
(1, 0.8755113075853715)
(1, 0.6986756179708923)
(0, 0.12795408735144007)
(1, 0.7582769246280842)
(0, 0.03870063363242822)
(-1, -0.6660914911162843)
(1, 0.9597515573948137)
(-1, -0.8668600516161853)
(1, 0.27733811873634434)
(0, -0.1535824579475394)
(0, -0.01115235261736288)
(0, -0.16670707781609925)
