(-1, -0.56646781567072)
(-1, -0.43224353628431533)
(-1, -0.7265505296313178)
(-1, -0.4888265092540427)
(-1, -0.8927493131963778)
(-1, -0.5915436400412832)
(0, -0.29217024300268213)
(0, 0.07793622459061227)
(1, 0.9531983047416123)
(0, 0.018704857914592518)
(-1, -0.9833348593792555)
(0, -0.2618749119882826)
(-1, -0.48407191018508194)
(0, -0.1980805911718339)
(-1, -0.21125399218496033)
(0, -0.19897089521741512)
(0, -0.1506599736399279)
(-1, -0.3317961859014878)
(-1, -0.4113580720113914)
(0, -0.12686212583254589)
(-1, -0.3816424201114208)
(1, 0.7127942288105771)
(-1, -0.42993727984692237)
(-1, -0.5802484374640596)
(0, 0.012953061335325953)
(0, -0.35234146303019087)
(0, -0.05662303796596345)
(0, -0.21170061455302416)
(1, 0.7143505863768441)
(-1, -0.9980735394669233)
(1, 0.7193529358454158)
(-1, -0.9556045037640362)
(-1, -0.37407932062301535)
(-1, -0.585277582373888)
(1, 0.6953014573760812)
(1, 0.23048729899360224)
(1, 0.7303286015436068)
(1, 0.8563264116933174)
(-1, -0.6693108676238775)
(0, 0.13745208957927416)
(0, 0.13893076233691062)
(0, -0.21142358099069616)
(0, -0.08490538681951884)
(-1, -0.7665713653483269)
(-1, -0.8494710440163915)
(1, 0.3436702499497046)
(1, 0.7083973252177825)
(-1, -0.9042567738326427)
(0, -0.0849326347514327)
(1, 0.86245286512236)
(0, 0.2413775289634028)
(1, 0.26283219783375283)
(0, 0.25469672801118176)
(0, -0.007677289106338164)
(-1, -0.12583467810474253)
(1, 0.9450060980359746)
(1, 0.40649713028963547)
(1, 0.7862452353367628)
(0, -0.0326953099180286)
(1, 0.7852528660610428)
(-1, -0.9027971669818593)
(1, 0.4993814642459191)
(0, 0.06408869221046519)
(-1, -0.5044100494375294)
(0, 0.018872156244287203)
(-1, -0.7345531543945609)
(0, 0.22425811684137548)
(1, 0.5333052362836231)
(1, 0.46908796930520213)
(1, 0.19313630043714164)
(-1, -0.44607192517059446)
(-1, -0.7422365486752587)
(-1, -0.27395077639894955)
(-1, -0.3614415838616813)
(1, 0.652794512869404)
(0, 0.060421058201148334)
(0, 0.011116848707269311)
(-1, -0.641319369543436)
(1, 0.007695143846186581)
(1, 0.6606172892577915)
(1, 0.20490080998164395)
(1, 0.1313956323308199)
(-1, -0.5727326336944202)
(0, -0.07094943979676019)
(0, -0.3382834158720057)
(0, 0.002583953782461082)
(0, 0.17132869586414234)
(0, 0.3584663960886997)
