(0, 0.14469422005578936)
(0, 0.030258521174318362)
(1, 0.4688803305525182)
(0, -0.033016128909123525)
(0, -0.15481159657730775)
(0, 0.004410523281185054)
(-1, -0.0409974857957105)
(1, 0.4418774797385999)
(0, 0.075623272208706)
(0, -0.393260729487963)
(1, 0.9779014819638814)
(1, 0.09344360986913153)
(1, 0.11660894476925587)
(0, 0.022731915694087335)
(0, -0.16813912479749427)
(0, -0.1823126463013158)
(0, 0.15867423194466856)
(0, -0.393260729487963)
(0, -0.18070296306933628)
(0, -0.2558813217377338)
(0, 0.0086037772708655)
(0, -0.015669238402030224)
