(-1, -0.30261968122922744)
(0, -0.3350956417417702)
(-1, -0.15012921897656478)
(1, 0.9018818793966173)
(-1, -0.9354689580514944)
(0, -0.33188793676720707)
(0, 0.044697953436363846)
(0, -0.17622103479559262)
(1, 0.9506955448582207)
(0, 0.2972398984207113)
(1, 0.41000185883492507)
(0, -0.08437877781532525)
(-1, -0.021261041897440325)
(-1, -0.31579149508234583)
(1, 0.43756266355955387)
(0, -0.024491655657577053)
(1, 0.5515664405330066)
(1, 0.439844234675952)
(1, 0.9910388873215413)
(1, 0.9867399926193023)
(-1, -0.917079923003761)
(1, 0.06885262998851366)
(0, -0.06701148804476667)
(1, 0.5896615601764806)
(1, 0.5081962118976507)
(1, 0.37886457587683414)
(1, 0.9079076835153153)
(1, 0.10266831284475497)
(1, 0.9129083602213648)
(1, 0.47054607034746554)
(-1, -0.4347710082074536)
(-1, -0.7034960378896546)
(1, 0.87010834103161)
(-1, -0.4987097529776442)
(-1, -0.6234005875327534)
(1, 0.5439543322634244)
(1, 0.13876618434157134)
(-1, -0.827002244668114)
(-1, -0.5920128955574381)
(-1, -0.5424642824021472)
(1, 0.9046663832367674)
(1, 0.6527635720145953)
(-1, -0.5695305198063213)
(1, 0.8438042569896134)
(-1, -0.803732882873005)
(-1, -0.36282538295868483)
(-1, -0.8858160653339608)
(1, 0.7546461822507973)
