(0, 0.00333743013424026)
(-1, -0.7515356761642298)
(-1, -0.8439669791251845)
(1, 0.2725875016909378)
(1, 0.21995217082923119)
(1, 0.8622642388009132)
(-1, -0.7843523675271364)
(1, 0.5942162087566456)
(-1, -0.08054745332333813)
(1, 0.45041465815269044)
(1, 0.2610438891344938)
(1, 0.43812595643544994)
(0, -0.0833713423358121)
(-1, -0.8667530837476888)
(1, 0.6575224068682686)
(-1, -0.9986429608659982)
(-1, -0.48944666216097577)
(-1, -0.9885984643715673)
(-1, -0.9723188732706508)
(-1, -0.4700692798779911)
(-1, -0.7535180103802477)
(-1, -0.7736715581493511)
(1, 0.9912014764384575)
(1, 0.08756245962588771)
(-1, -0.6575804380983256)
(-1, -0.8928313722514715)
(0, 0.24397020333519165)
(-1, -0.8754289621190925)
(1, 0.28013769967644103)
(0, 0.40414529832554963)
(1, 0.8890188209346139)
(-1, -0.8280034258003633)
(-1, -0.6227042491276752)
(0, -0.014072371286424773)
(-1, -0.9623103519283623)
(1, 0.7619596283315201)
(-1, -0.46308210183508447)
(0, 0.13622020896918152)
(1, 0.2850195810135727)
(-1, -0.8140645032878441)
(-1, -0.6774107037165196)
(-1, -0.9377760074896205)
(1, 0.9284032317531045)
