(1, 0.9748037299307861)
(1, 0.1695207262247363)
(1, 0.9481715552569789)
(1, 0.7858561491231706)
(1, 0.49999867249814994)
(1, 0.8758032133613751)
(1, 0.8875509237103979)
(1, 0.7593080350264025)
(1, 0.9632303399475104)
(1, 0.9446682222118487)
(1, 0.10640274281713169)
(0, 0.28351363318262773)
(-1, -0.12789459400398218)
(1, 0.4893433237244868)
(0, -0.0629601488288507)
(1, 0.25877397438043664)
(0, -0.08668284539524188)
(1, 0.9508868916216396)
(0, 0.29978493868287)
(1, 0.8471127962880511)
(0, -0.08037967067688447)
(1, 0.5096364525356354)
(-1, -0.3820268080287035)
(1, 0.6834997474382289)
(0, 0.31814572293793997)
(1, 0.6954821781677385)
(1, 0.8030164893002364)
(1, 0.9665403199547297)
(0, 0.4314018082447411)
(-1, -0.29942070540484533)
(1, 0.418409790840718)
(1, 0.897918901460423)
(1, 0.8994552089295552)
(1, 0.04094500411241192)
(1, 0.8886266543393461)
(1, 0.08002626854213757)
(0, 0.11877124426300822)
(0, 0.1718977478630666)
(0, 0.001659862271202175)
(0, 0.007132106184502628)
(0, -0.015562758768872323)
