(-1, -0.08267281757433659)
(0, -0.029490733261032024)
(0, -0.017967994071194992)
(0, -0.006351208750230493)
(-1, -0.6785559377447729)
(0, 0.054640512805230364)
(0, -0.35331896871050483)
(1, 0.9221722056832372)
(0, 0.2590272440587077)
(1, 0.8292817049547837)
(0, 0.25923252413846604)
(0, -0.36477322522455335)
(1, 0.7110885473284212)
(0, 0.26463481548520823)
(0, -0.15816373114081458)
(-1, -0.4336993756521519)
(0, 0.2265102692791325)
(0, -0.20795951946081653)
(0, -0.09977723978492031)
(0, -0.014350804272588431)
(1, 0.3394060225557672)
(-1, -0.9526911229536246)
(0, -0.14070032226082843)
(0, -0.05530686672089541)
(0, -0.25695185525616615)
(-1, -0.925641401162771)
(1, 0.6960334180237094)
(0, 0.00687295469148465)
(1, 0.6435129754124639)
(0, 0.0687058211783731)
(-1, -0.6950763631609356)
(0, -0.028034996679031313)
(0, 0.03466395706991959)
(0, 0.014887777920796211)
(0, -2.2196357937686725e-05)
