(1, 0.9807195397163616)
(0, 0.4140142502738219)
(0, 0.056300424981139886)
(0, -0.07277433190539312)
(1, 0.555481853369415)
(0, 0.12840244889837485)
(-1, -0.7309409361661214)
(-1, -0.5641972411214963)
(1, 0.11296583422604833)
(1, 0.28850613594522645)
(0, 0.0746400286744197)
(1, 0.7442027017439556)
(0, 0.041009436610415936)
(0, 0.16381894307954983)
(0, 0.26009941366750894)
(-1, -0.16850187241678544)
(1, 0.2788350036004609)
(1, 0.21537354362076677)
(0, 0.04681829656667122)
(-1, -0.6079338761059481)
(1, 0.3984619037653817)
(1, 0.4079537843607397)
(1, 0.5657837983919035)
(0, 0.019901214347679375)
(0, 0.23065030172401618)
(0, 0.08763422931776116)
