(1, 0.07665155913177873)
(0, -0.27642706701142084)
(0, -0.03786411963343053)
(0, -0.3274269104416188)
(0, 0.08496966937039116)
(0, 0.16542851881883025)
(0, 0.07933950899036626)
(0, -0.239736229708105)
(0, -0.0408296943654291)
(1, 0.5912373094617486)
(0, 0.19890744130670565)
(-1, -0.01988458454652975)
(1, 0.6224780950842468)
(1, 0.9746801804818268)
(-1, -0.14349604628434548)
(-1, -0.7973629850619594)
(-1, -0.7372246990413691)
(1, 0.6399622903612965)
(1, 0.6570575528678442)
(-1, -0.055906415553335864)
(0, -0.042744970057059656)
(-1, -0.5178686530248151)
(1, 0.2851654940473205)
(0, -0.16835865982696932)
(1, 0.5355581154324105)
(1, 0.4745433362638718)
(0, 0.34465240299350486)
(0, -0.02273657717924296)
(0, 0.007589385804380627)
(1, 0.38083349871200856)
(0, 0.006854413302308696)
(0, -0.022898255057347133)
(0, 0.011184389955590596)
(0, -0.040440130825653786)
(0, 0.24162950405440123)
(0, 0.02986816997193592)
(0, 0.26680793570693795)
(0, -0.3721564907179134)
(0, -0.024053641900546596)
(1, 0.6218762901054217)
