(1, 0.6698921584000109)
(0, 0.0828006719841316)
(0, 0.1009601060488737)
(0, -0.05211713941971721)
(0, -0.2935984959881713)
(-1, -0.503560180771529)
(1, 0.7299115681047061)
(0, 0.0360622383963167)
(1, 0.4016448432829641)
(1, 0.42711719561380623)
(0, -0.023073067421194193)
(0, 0.058416855004080406)
(-1, -0.35664250857322527)
(0, 0.14153307447308217)
(0, 0.2421912858784183)
(0, -0.20003433388307273)
(0, -0.044445893394094486)
(0, 0.016216867281176925)
(-1, -0.0947586716750825)
(1, 0.41588748305210366)
(-1, -0.509506278234636)
(-1, -0.8361928713016593)
(-1, -0.8165493429880768)
(1, 0.9516037624467489)
(1, 0.8399775148837133)
(1, 0.4412815536174033)
(0, 0.47120416298962153)
(0, 0.21979062973920585)
(0, 0.23444786584321192)
(0, 0.09554338993079825)
(0, -0.08721059938463292)
