(1, 0.06807556548527788)
(0, -0.09399737094838459)
(0, 0.421943837213957)
(1, 0.7106634979481441)
(0, 0.2514520365614991)
(0, 0.15586774502385325)
(-1, -0.5286879090635864)
(-1, -0.3757502334160457)
(0, 0.02511905915215748)
(0, 0.028116884710303616)
(0, -0.009259040997565401)
(1, 0.7670428856751242)
(0, 0.02128960033606661)
(0, 0.17227344094787359)
(1, 0.9617167851026461)
(1, 0.6584407124944363)
(1, 0.41851425929542796)
(0, 0.24904054152210173)
(1, 0.9793301424387043)
(0, 0.07004581962559342)
(0, 0.09232703688816865)
(0, 0.16153459281575094)
(1, 0.4365280387132078)
(1, 0.6368363867764987)
(1, 0.8714055721758609)
(1, 0.49225723232042395)
(1, 0.8506858688677611)
(1, 0.08401020286263894)
(1, 0.2393452472689495)
(0, -0.10466746996802978)
(1, 0.9859883294436809)
(0, 0.12266537272188655)
(1, 0.9760442293775098)
(1, 0.8849028984481423)
(0, 0.0026559673909535546)
(0, 0.006503045839135198)
(0, -0.013387622124554334)
