(0, -0.20180257877490526)
(0, -0.22063000631193685)
(0, -0.13420178294531515)
(0, 0.29843846937014257)
(-1, -0.35213036275993087)
(0, -0.08418720961142592)
(-1, -0.8791488775598276)
(0, 0.4044369883294065)
(0, -0.12790889330524846)
(-1, -0.7802279734799267)
(1, 0.5225702627481771)
(0, -0.06765460210613114)
(0, 0.05285419426294414)
(0, 0.3126002428330556)
(0, 0.008381774790017699)
(0, 0.09741569060919)
(0, -0.09397588592329706)
(0, -0.10686539898328984)
(0, -0.1111133507205116)
(0, -0.08131180562350428)
(0, 0.013790537023952595)
(1, 0.21712582964674648)
(1, 0.2664334019502304)
(-1, -0.5084408177155009)
(0, 0.018971610299083494)
(0, -0.05841590849293099)
(0, 0.1305242611792211)
(0, -0.0055848089467639694)
(0, -0.132949835834537)
(0, 0.3388193477766054)
(1, 0.3541736865353141)
(-1, -0.3202059432291159)
(0, 0.04251767735107427)
(0, -0.16677176077658115)
(0, -0.019890943964874293)
(0, 0.065466537240501)
(1, 0.32140230276037285)
(0, 0.1049978971284713)
(0, 0.0755823215490815)
(0, -0.025194042250834617)
(0, -0.12402859332276378)
(-1, -0.3593611158574018)
(1, 0.31831243473482196)
(-1, -0.06579898706939447)
(1, 0.8958638215827952)
(-1, -0.5247951628428245)
(-1, -0.8760509096710049)
(-1, -0.6576019995361695)
(-1, -0.21698301779006623)
(0, -0.008069054758059073)
(1, 0.8021274877220357)
(-1, -0.1589921627919777)
(-1, -0.4687427857834421)
(1, 0.8971941171920876)
(0, -0.05929910441552333)
(-1, -0.24704171175157183)
(-1, -0.7271549442080277)
(0, -0.2513856264921241)
(0, 0.13394503893975376)
(0, 0.08302663963801012)
(0, -0.061845416172925285)
(-1, -0.4282690183950691)
(-1, -0.8538899589784417)
(1, 0.0693298570079427)
(-1, -0.884098005775879)
(-1, -0.7569797510002103)
(-1, -0.22065815375336312)
(1, 0.07602526470679893)
(0, 0.05652690679563821)
(0, 0.024663701451883027)
(0, -0.11870608395195247)
(-1, -0.480211807515852)
(-1, -0.4041687777671198)
(-1, -0.18105096892505662)
(0, 0.116372584679568)
(0, 0.251822733094859)
(-1, -0.09916103704536539)
(-1, -0.0064525315419478035)
(-1, -0.2364495629618938)
(1, 0.23582790311094248)
(0, 0.15157109781879974)
(1, 0.5517302702886758)
(0, 0.2520402690407688)
(0, 0.031044613559986695)
(0, 0.23662071814242705)
(0, -0.13702549190940053)
(-1, -0.5720108550992927)
(0, 0.07013144795418108)
(0, 0.1086846776649659)
(0, 0.11316282974975793)
(1, 0.6246011091852988)
(1, 0.585732758595544)
(0, 0.11409161478349686)
(1, 0.8559234873568228)
(-1, -0.596690201546936)
(0, 0.19164977455115537)
(1, 0.05056907399564159)
(1, 0.2783229070018002)
(0, -0.10004193219662669)
(1, 0.7849320782146921)
(0, -0.19670744079072233)
(-1, -0.9491472265387372)
(0, -0.15475529920721204)
(-1, -0.5194423629935487)
(-1, -0.6426812015368488)
(0, 0.08594060814805454)
(0, 0.1443521816002435)
(1, 0.6411124354455259)
(1, 0.6292999805201798)
(0, 0.06738364325883268)
(0, 0.01454467606744695)
(0, 0.014701121906024642)
(0, 0.03900767123382663)
(0, 0.27294643348904035)
(0, 0.010423231409658201)
(1, 0.3821089651315642)
(0, -0.002146545313036728)
(1, 0.5204134945218356)
(0, 0.006320370773967729)
(1, 0.5820568273357015)
(0, 0.24113621912418326)
(0, 0.03385944530838046)
(1, 0.9996663959535532)
(0, -0.0752970313743388)
(-1, -0.27638525514743506)
(0, -0.016421905400914136)
(0, 0.2079255548966163)
(-1, -0.7103031624965922)
(-1, -0.40056539559002147)
(-1, -0.9135057513024472)
(0, -0.16600158358218264)
(-1, -0.49678738951575807)
(0, -0.1510120354920362)
(-1, -0.527597466704072)
(1, 0.147110438038764)
(-1, -0.6695149008685284)
(0, 0.07108909383514422)
(-1, -0.6341223814443867)
(0, -0.22323782704274392)
(-1, -0.973974854310195)
(-1, -0.6082821038189009)
(-1, -0.1947319742122748)
(1, 0.41659658322884296)
(0, 0.07134998366337057)
(0, -0.12338867298155051)
(0, -0.4744035789870915)
(0, 0.26167891364045076)
(-1, -0.6905451431677447)
(1, 0.44672568240860155)
(-1, -0.6015870295577664)
(-1, -0.3275305086899285)
(0, -0.05510028898819741)
(1, 0.2052702253762872)
(0, 0.07462664370319047)
(0, 0.06636757628895566)
(1, 0.8226964485775934)
(-1, -0.2536480299253524)
(1, 0.4519978661706954)
(0, 0.0013741081118345787)
(0, 0.10731955958471343)
(1, 0.10387985449718484)
(-1, -0.44428523636142514)
(-1, -0.8016264685666117)
(0, -0.027113879642683407)
(1, 0.38816472165440113)
(0, -0.3134313169263757)
(-1, -0.797795826236042)
(-1, -0.8990668166677291)
(-1, -0.6942400127125791)
(-1, -0.7078606198520951)
(-1, -0.8020262716133475)
(1, 0.19536409501415594)
(1, 0.3035121435373647)
(0, -0.04757712614301628)
(0, 0.03273802725319809)
(-1, -0.9332572307263436)
(-1, -0.4188099746797921)
(-1, -0.4582893761006424)
(1, 0.09841676523705967)
(-1, -0.6093987416178113)
(1, 0.3045587095943112)
(0, 0.021682507657848737)
(1, 0.916918030113927)
(0, -0.087463749264853)
(0, 0.18840569245260708)
(0, -0.3204234937243667)
(-1, -0.639836169337408)
(0, 0.07246351919736807)
(-1, -0.40438581102167603)
(0, 0.1232334663985042)
(1, 0.7138573861705352)
(-1, -0.9141702009306766)
(-1, -0.4492184420625161)
(-1, -0.9265939280924828)
(-1, -0.9653533926752718)
(1, 0.01805648259037279)
(-1, -0.9419760955055216)
(1, 0.7188566338735517)
(1, 0.811463329843843)
(1, 0.7236516281599302)
(0, 0.2535048051951435)
(-1, -0.04686131909674479)
(-1, -0.2285991881425889)
(0, 0.26760326018846015)
(1, 0.42108965987736446)
(0, 0.02831820608886558)
(1, 0.3901559842054688)
(0, -0.06039422522489643)
(1, 0.7195388662106111)
(-1, -0.9723963821292106)
(0, -0.29724224081448003)
(1, 0.6193450557774848)
(-1, -0.3163093349874715)
(-1, -0.512496915183898)
(-1, -0.9185703457846861)
(0, 0.0006565067242848832)
(0, 0.07249822798256375)
(-1, -0.3390146394594055)
(0, 0.10930780674197749)
(1, 0.524322285763237)
(0, 0.25790494613292103)
(-1, -0.22860100905428773)
(0, 0.19470352222747994)
(-1, -0.4415758346542771)
(-1, -0.5803255565284728)
(0, 0.046510971196454656)
(1, 0.99848251534044)
(0, -0.05404482984343639)
(0, -0.26193228576483335)
(0, -0.06230650494802706)
(-1, -0.8527201668538936)
(0, 0.08616872872245859)
(0, 0.06896188801421108)
(-1, -0.40438581102167603)
(0, 0.03669608929025748)
