(1, 0.8912211899105712)
(0, 0.07121250629218362)
(-1, -0.6925408439028171)
(1, 0.9994561919913659)
(0, -0.41169321482244686)
(-1, -0.5709166182294956)
(1, 0.9329392471118902)
(-1, -0.9215375750145505)
(-1, -0.9588442841149968)
(-1, -0.9745463331375205)
(0, -0.32117981791084543)
(1, 0.9237520682559277)
(0, 0.08412592893260072)
(1, 0.31907041379697265)
(-1, -0.7787648169476333)
(0, -0.06950759786711276)
(-1, -0.8053400323952937)
(0, -0.2815363000548878)
(-1, -0.430152507078911)
(1, 0.2133977008774789)
(-1, -0.647639958272249)
(0, -0.18318660187167543)
(0, -0.008634931656057464)
(0, -0.06534502261980513)
