(-1, -0.24329601655684274)
(-1, -0.848138861991106)
(-1, -0.3950108165149915)
(-1, -0.9338462040570794)
(-1, -0.9416179629707113)
(1, 0.6578382691411654)
(0, -0.19890716554297777)
(0, -0.4599427692796648)
(1, 0.8791359128314165)
(-1, -0.5580129395218323)
(-1, -0.754055604279612)
(-1, -0.17583113774502923)
(-1, -0.013628538657067979)
(0, -0.22816288113782252)
(-1, -0.7957719643974829)
(-1, -0.831265298424875)
(-1, -0.6129877888560458)
(-1, -0.44793457893794253)
(-1, -0.9305982163775456)
(1, 0.07075886666583714)
(1, 0.6911797422858948)
(1, 0.5562793702553571)
(1, 0.1819864284069998)
(-1, -0.20121121823459864)
(1, 0.8085486741045866)
(-1, -0.5514114628602336)
(0, 0.23675320398883729)
(0, -0.12909382655233415)
(-1, -0.3729500814705904)
(1, 0.12818400483113507)
(-1, -0.8617297766378526)
(-1, -0.8857072837870018)
(1, 0.981337430431177)
(0, 0.21950397484215164)
(0, -0.05471485929202992)
(1, 0.6267438099434836)
(0, -0.03185704832855529)
(-1, -0.7553927617559203)
(1, 0.52561260366306)
(-1, -0.06367962080597589)
(-1, -0.8907361256968445)
(-1, -0.880240805051731)
(1, 0.13633996918456057)
(1, 0.4954114638948297)
(-1, -0.5904388560411333)
(-1, -0.4505092646958714)
(-1, -0.6271064091920349)
(-1, -0.6561877196701436)
(-1, -0.5112894688799317)
(1, 0.6230301194325574)
(-1, -0.5665891427945334)
(1, 0.7243374592734718)
(-1, -0.6134843806278246)
(-1, -0.2523135393567867)
(-1, -0.7272908377660838)
(0, 0.054658999969860414)
(1, 0.1632671961897312)
(-1, -0.23084918152691197)
(-1, -0.9483015897286268)
(-1, -0.6456981239216821)
(-1, -0.6022003910786068)
(0, 0.010135285993007614)
(0, -0.06765460210613114)
(-1, -0.3390823144147925)
(-1, -0.5678354395910356)
(-1, -0.07306031000087221)
(-1, -0.5569456013285464)
(0, -0.002305326911060914)
