(0, -0.11430332816333141)
(-1, -0.9131320904908704)
(1, 0.9692981389015871)
(1, 0.07998503969081411)
(-1, -0.8870671930800373)
(0, 0.013272037316129803)
(1, 0.7347765544417213)
(0, 0.0948233992434756)
(0, -0.03417627238775732)
(0, -0.3609652332275827)
(1, 0.7496174294272498)
(-1, -0.6381151718288749)
(1, 0.5778462418411214)
(0, 0.2833381023166217)
(0, 0.1337447453906222)
(1, 0.6617115780345885)
(0, 0.017619854286859526)
(0, -0.04502037494406999)
(1, 0.15439894559411144)
(1, 0.800657916617396)
(1, 0.3038226087797284)
(-1, -0.7177177029570815)
(0, 0.14252792734110925)
(1, 0.03458513839301619)
(-1, -0.08068216614872126)
(1, 0.7159860175587742)
(0, -0.041792459993571174)
(-1, -0.043614839742179)
(1, 0.8624583571704166)
(1, 0.4929548187989894)
(-1, -0.46585455167507483)
(0, -0.013424018187985498)
