(1, 0.54999624689544)
(0, 9.785568229904542e-05)
(-1, -0.21910291623510392)
(1, 0.7035615236669588)
(1, 0.7908886403663697)
(0, 0.004295051815754264)
(0, -0.37528273186015115)
(0, -0.1727247525554351)
(1, 0.4126077268570789)
(1, 0.9587904796961852)
(1, 0.9947043833682692)
(0, 0.20850580999366428)
(0, 0.04047198613226435)
(1, 0.4413340062852541)
(1, 0.5218758097150352)
(1, 0.8810682970086494)
(0, -0.019802513783877998)
(1, 0.09498221874482704)
(0, 0.05188378391296361)
(0, 0.050348007202447205)
(0, 0.1892748841475386)
(0, 0.01245580303830011)
(1, 0.9863100541088803)
(1, 0.5357888557112395)
(1, 0.47762082489746566)
(1, 0.31725183508342136)
(-1, -0.17966046425218402)
(1, 0.871050350111657)
(0, -0.014342813014299932)
(0, 0.01827782235492978)
(1, 0.9254602821682001)
(1, 0.8308967346263516)
(0, 0.06215452959311653)
(0, 0.1982085270838992)
(0, 0.019901214347679375)
(0, 0.009522124800024744)
