(0, -0.01712610656259167)
(1, 0.1765803151537956)
(1, 0.3624873687937619)
(0, -0.032687691424221274)
(0, 0.1655435342967643)
(-1, -0.33681531833026745)
(1, 0.23424508345558492)
(0, 0.12656218727954363)
(0, -0.19189406062795394)
(-1, -0.5461356651285632)
(-1, -0.17796931803451416)
(1, 0.9760490894798738)
(-1, -0.584535531858909)
(0, 0.0864582929629423)
(-1, -0.8891275862929553)
(0, -0.021188270668197118)
(0, 0.03423225178818304)
(0, -0.0325307726315118)
(1, 0.4051133980648738)
(0, -0.39322059596217346)
(1, 0.19447175794519211)
(1, 0.7468977290552763)
(0, -0.12247959612577)
(1, 0.9346667058278562)
(-1, -0.4490923411283807)
(0, -0.08776478920666214)
(0, -0.025548663083532493)
(0, 0.006832436320445629)
(1, 0.39316310024776135)
(0, -0.02801000873654086)
(-1, -0.40639559396678143)
(1, 0.4029418788139985)
(0, -0.07579999538594531)
(-1, -0.32178419820477006)
(-1, -0.34901594293045524)
(1, 0.8881497555972984)
(1, 0.553469828196758)
(1, 0.396828874475352)
(1, 0.8322430935396329)
(1, 0.7849916697243761)
(1, 0.6162367684108283)
(0, -0.1691225742826669)
(-1, -0.5288187779768369)
(-1, -0.33508271171986626)
(0, -0.03659437514790259)
