(1, 0.9689371369635712)
(-1, -0.1653834689981835)
(1, 0.6121459526436769)
(0, 0.10720792403250946)
(1, 0.7670314073027994)
(1, 0.8740917225078811)
(0, 0.028176613964205066)
(0, 0.023559397008614966)
(0, -0.054043611501423124)
(0, 0.015280042364046294)
(0, -0.04174583622680812)
(0, 0.3346161271265201)
(1, 0.9647511139101251)
(-1, -0.20943021270664275)
(-1, -0.5444545310836528)
(-1, -0.5566791322242737)
(0, 0.17907534023690927)
(-1, -0.9899947531191469)
(0, 0.008243650466072644)
(1, 0.9280396169986571)
(1, 0.7327323125115845)
(0, -0.06036307269285848)
(0, 0.1266925555326041)
(0, 0.1856746758967339)
(1, 0.9687300322894757)
(1, 0.5428753792540959)
(-1, -0.4946968694728372)
(0, 0.0310365840035709)
(0, 0.020399331268860975)
(0, 0.03373012193501915)
(0, -0.31352562198827305)
(0, 0.39681147996544575)
(1, 0.630856765246318)
(1, 0.6245384160096018)
(0, 0.27345088044035903)
(1, 0.760405447276927)
(-1, -0.012720844529870767)
(0, -0.15810241487450533)
(0, 0.027395703391637695)
(0, -0.09366374535480565)
(0, -0.06765460210613114)
(-1, -0.5816885778631549)
(0, 0.2759272152020661)
(0, 0.05133117931779087)
(0, 0.05517984545874806)
(-1, -0.415279289307153)
(0, 0.17277523968194208)
(1, 0.7536526758915544)
(1, 0.8786873654722801)
(0, 0.33083319665598415)
(0, -0.08885262609437719)
(-1, -0.4053792262973509)
(1, 0.10548075701115034)
(0, 0.2302905841233327)
(0, 0.03066095917158189)
(0, -0.016331445122852395)
(1, 0.8065922062752567)
(1, 0.5363602957056853)
(1, 0.6847242293409186)
(0, 0.04584042812912931)
(0, -0.08970605805327317)
(0, -0.21949007107240176)
(0, -0.18059632164666128)
(1, 0.4949395921373243)
(0, -0.19361043341019057)
(1, 0.9628695443649756)
(1, 0.20656349429811577)
(1, 0.9772836188561467)
(0, 0.04773194582218033)
(0, 0.2556966270044557)
(0, 0.11285425982966249)
(-1, -0.5594085986193423)
(-1, -0.7967227855290253)
(1, 0.7128537774799619)
(0, -0.28506459738383405)
(1, 0.13385141920985966)
(-1, -0.2103344349424417)
(1, 0.6467589768287828)
(1, 0.48551757803130036)
(1, 0.5416847120202073)
(0, 0.028636264608816586)
(0, -0.007550279729659007)
(0, -0.0036353742740395933)
(0, -0.19300140148387224)
(0, -0.013638036318744919)
(1, 0.4655164095832138)
(-1, -0.13552567628412188)
(0, -0.16169231054666042)
(-1, -0.19562972975225185)
(-1, -0.12719634555868714)
(0, 0.043963118066723955)
(1, 0.714893078594311)
(1, 0.8431406964014188)
(1, 0.728773318251699)
(1, 0.9401080200616959)
(1, 0.21424711300440613)
(-1, -0.4335403873422957)
(0, 0.1598801320977054)
(1, 0.6240374241655842)
(1, 0.657279030918432)
(1, 0.5237824459068148)
(1, 0.6220814004313232)
(0, 0.37935097102003373)
(0, 0.014577878684934313)
(0, 0.0939817850710859)
(0, 0.005141820956863577)
(1, 0.7718188960869097)
(-1, -0.31223320380934527)
(0, 0.31195012668672856)
(1, 0.5400243808557113)
(0, 0.15609366219865933)
(0, 0.28105031332062835)
(-1, -0.18007845851153845)
(-1, -0.5926670806894637)
(-1, -0.145457403027271)
(0, 0.082970021586686)
(0, 0.14000053515011035)
(-1, -0.94520967875067)
(-1, -0.3629883764913603)
(0, 0.13068076176821408)
(1, 0.2843790257978832)
(0, -0.2568420923418162)
(0, 0.07924469687159785)
(1, 0.7333924734241476)
(0, -0.24489678649005509)
(0, 0.027764892540468364)
(0, -0.037766124822665906)
(1, 0.7288767780586468)
(1, 0.6416118208024029)
(0, 0.13282451678059204)
(0, 0.06666098698104464)
(-1, -0.3524616353927098)
(1, 0.9855563259234562)
(0, -0.04010251636472237)
(-1, -0.4777102202497361)
(-1, -0.7214545786950086)
(0, -0.27900170778568256)
(0, 0.06807249108099883)
(0, 0.02736676462278942)
(0, 0.036740514639318156)
(0, -0.06783774115704401)
(0, -0.25427986626471116)
(0, -0.064667356586452)
(0, -0.20144846877615613)
(0, -0.21909817215009442)
(0, 0.3107756744734763)
(0, -0.1767339234622909)
(-1, -0.3674435244132663)
(1, 0.2416811506218795)
(1, 0.7592194274543538)
(1, 0.9217762472406628)
(0, 0.07006401682356489)
(0, -0.2576520962907949)
(-1, -0.4665367509946615)
(1, 0.9406848252841847)
(1, 0.6600108107688164)
(1, 0.5315622134967758)
(0, -0.11854919861790603)
(1, 0.695937918776035)
(0, 0.13598358051147968)
(1, 0.2685946576385778)
(-1, -0.5811436210057586)
(1, 0.24230564164597862)
(1, 0.9159157498920286)
(-1, -0.4165357121617795)
(0, 0.06380000845760003)
(-1, -0.16348697509403148)
(0, 0.04908764668587279)
(0, 0.11347625948987175)
(1, 0.2187127695249323)
(1, 0.7837790489860298)
(0, -0.1535585089511473)
(1, 0.3212495866965219)
(0, 0.06569886307310344)
(-1, -0.7321548832329129)
(0, 0.2928044002920019)
(-1, -0.2819259730055499)
(-1, -0.5967127812971089)
(-1, -0.9181248205529127)
(0, -0.09921886197186651)
(1, 0.48539247162226107)
(0, 0.021237438183551574)
(0, -0.17642205707266323)
(-1, -0.35567383903287864)
(1, 0.704227506115635)
(1, 0.754995924510922)
(1, 0.4825500442715269)
(0, -0.015324793923140151)
(-1, -0.06504582936722242)
(0, -0.2505408305404889)
(0, 0.00431870442216712)
(-1, -0.5116589342863762)
(1, 0.6992393801650632)
(1, 0.8613499193577587)
(1, 0.531959870042152)
(-1, -0.36461584700498323)
(0, 0.18627313682082194)
(0, 0.2747700871878104)
(1, 0.12863717037038902)
(1, 0.4524748951879694)
(0, -0.07197428097915992)
(0, 0.13867571215537472)
(0, 0.1907640335192687)
(-1, -0.4725902541406989)
(1, 0.11859965021037622)
(-1, -0.19620498115507012)
(0, -0.1839939421058599)
(0, -0.05634566004748398)
(1, 0.3520526279693199)
(0, 0.03547935951592335)
(0, -0.2310710597553141)
(-1, -0.5113961601073465)
(-1, -0.4989036503350909)
(-1, -0.47408441466032014)
(0, 0.028527595467116)
(0, 0.2672708455815306)
(1, 0.6075200498999052)
(1, 0.8184080788630559)
(-1, -0.3496078675296914)
(1, 0.5670801169122632)
(0, 0.11438673620747357)
(0, 0.40036916592150457)
(-1, -0.45611542685984396)
(0, -0.033542869856359694)
(1, 0.19106632972457727)
(-1, -0.4538844444578059)
(0, 0.03348388853776037)
(-1, -0.8124867124750222)
(0, 0.11754512498075145)
(0, -0.10833236559930373)
(0, 0.3015160889054923)
(1, 0.10029370720713221)
(1, 0.3724082723944367)
(1, 0.5597038688196865)
(0, -0.08473466033982999)
(1, 0.21386721651069462)
(-1, -0.16039222075604406)
(0, -0.03602428420393271)
(0, -0.16619962781142344)
(0, 0.2273571222961491)
(0, -0.03291037592866903)
(1, 0.5054373514927951)
(-1, -0.7597590988656364)
(-1, -0.8526549487500099)
(1, 0.42404178014169347)
(0, -0.12836701140029008)
(0, -0.05163442983561116)
(1, 0.7354921727238054)
(-1, -0.18522425735991138)
(-1, -0.7228053852171783)
(0, -0.024226038145049422)
(0, 0.2852407134962902)
(0, 0.11037035659655171)
(-1, -0.6462399305487496)
(0, -0.19631546745851555)
(0, -0.1101648691758054)
(0, -0.15945100535669313)
(1, 0.7025202315424058)
(0, -0.0667991398481501)
(-1, -0.6738538959906257)
(0, 0.029099521759733127)
(0, 0.05240483302269583)
(0, 0.05324713967495237)
(-1, -0.5908160083793255)
(-1, -0.8476176798200883)
(0, -0.2898489543784585)
(1, 0.7107159695120797)
(-1, -0.18323162876235172)
(0, 0.06278507398083388)
(0, -0.1837414721971281)
(0, 0.039105958485763335)
(1, 0.8897878880962112)
(0, 0.006714630522777994)
(-1, -0.6681174396793134)
(0, -0.11801860478602749)
(-1, -0.8011689378372856)
(0, -0.19716974889725863)
(0, 0.14138012101530234)
(0, -0.115601698172768)
(0, -0.01181870025752152)
(0, -0.35443502379120395)
(-1, -0.5325908232684886)
(0, -0.004629498116825725)
(-1, -0.1669356293336473)
(0, 0.018599562614619092)
(-1, -0.7305495304357493)
(1, 0.26315211346419337)
(0, 0.06899687084098172)
(0, -0.020713733146918073)
(-1, -0.03700236559969727)
(0, 0.2254530854679268)
(1, 0.5066813275951388)
(0, 0.0835675729222421)
(-1, -0.25535942447324966)
(0, -0.0035620909186715455)
(0, 0.011673308815293049)
(0, 0.2606711802477941)
(0, 0.033979720367508626)
(-1, -0.41353217372747647)
(0, 0.127964177865118)
(0, -0.2105147742839477)
(1, 0.3245529614344391)
(0, -0.03586043064256736)
(0, -0.13107663998535246)
(1, 0.24763650535753862)
(1, 0.7741285653206824)
(0, -0.10739387663843701)
(1, 0.03794328749202752)
(1, 0.40073175929562566)
(0, -0.12060117770374046)
(-1, -0.13047297066040558)
(0, -0.06941047456460347)
(0, -0.09873779170670971)
(1, 0.10164799077706421)
(0, -0.05170298693427744)
(0, -0.08534894526819908)
(-1, -0.23835186095884692)
(0, -0.07745231280514414)
(1, 0.1811891569240112)
(1, 0.5002429996756703)
(-1, -0.46676964117699316)
(0, -0.14516156621112464)
(-1, -0.6896098245018173)
(1, 0.5044073906400359)
(1, 0.367407699462355)
(-1, -0.13099933434718497)
(0, 0.08595842975902315)
(0, -0.02615962869506118)
(0, -0.23252776337731496)
(0, 0.04204418260965358)
(0, 0.1420912776385135)
(0, 0.03097451748353873)
(0, 0.0448395364404674)
(-1, -0.43932286873358917)
(1, 0.9788635938908078)
(-1, -0.42509855612657144)
(1, 0.12455558948313711)
(1, 0.20420702943024294)
(0, -0.28468781620836914)
(1, 0.8165368522480162)
(-1, -0.6045484277803961)
(0, -0.14884948668287903)
(0, -0.028672468275228097)
(1, 0.1833501063619597)
(0, 0.33726892807172504)
(0, 0.12690217439139892)
(0, 0.01035744148370088)
(-1, -0.009595585720231115)
(0, 0.10745257384928614)
(0, -0.023862598227456094)
(1, 0.1127109698792157)
(0, -0.010634046410401637)
(1, 0.18623493098907562)
(1, 0.17239706094907042)
(1, 0.5954842247636197)
(0, 0.11832785768193779)
(-1, -0.5198968302751127)
(-1, -0.5010571051160959)
(0, 0.20373393080125973)
(0, -0.04232791198760777)
(-1, -0.7743037335787657)
(0, -0.17282810745961008)
(-1, -0.20197954156726292)
(0, -0.0666766496191947)
(-1, -0.8295882030709847)
(0, -0.024336174168346048)
(0, -0.3279275543454138)
(1, 0.49535502304195833)
(0, 0.08786124117370617)
(1, 0.7411021361767701)
(0, 0.07085489754281454)
(1, 0.23290270199833155)
(0, -0.0018016694356951801)
(-1, -0.4896197196107191)
(-1, -0.5457277698781655)
(0, 0.0015792894879425867)
(0, 0.20447941449595625)
(0, -0.009555614578609088)
(1, 0.4905446551738311)
(1, 0.5581646022023816)
(0, 0.2007392631337118)
(1, 0.25664934040298437)
(1, 0.06574916938791436)
(1, 0.5193160241926562)
(0, -0.13888618068832514)
(-1, -0.43647731065560463)
(-1, -0.6723198602219859)
(1, 0.22354241880401277)
(-1, -0.4117275551209303)
(1, 0.6519513517744184)
(-1, -0.648207858113991)
(-1, -0.5325452393792951)
(0, 0.08355222534057266)
(-1, -0.4476659925063574)
(-1, -0.2806368124594523)
(0, -0.20320085402196458)
(-1, -0.3035846570211546)
(-1, -0.5125279458838599)
(0, -0.19602829434891905)
(-1, -0.9185572423868376)
(0, -0.3557033940017269)
(-1, -0.038335465599677654)
(0, 0.1515730132628528)
(1, 0.9337196103289106)
(-1, -0.5493037062348396)
(-1, -0.22670254820220334)
(-1, -0.5886279805329051)
(0, 0.04005815194758791)
(-1, -0.7677866200277965)
(1, 0.9968868839697138)
(-1, -0.7076675931462837)
(0, -0.08275399536653999)
(-1, -0.3017445429142468)
(-1, -0.41650218645081966)
(-1, -0.7214600675923956)
(-1, -0.29592174765056156)
(0, -0.03309570009313165)
(1, 0.1346155681537632)
(0, 0.11206513429761406)
(0, -0.003812349564460582)
(0, 0.2983791977210787)
(1, 0.1900478130730237)
(0, 0.11155420578075842)
(0, -0.13523348533987037)
(-1, -0.582869057878686)
(0, 0.17885151345268308)
(0, -0.3977735816327899)
(1, 0.6094250816847764)
(1, 0.3334339598806776)
(1, 0.9661911178670929)
(-1, -0.45636826646720663)
(-1, -0.5042800349865957)
(1, 0.8420161289918392)
(0, 0.14234719066946064)
(1, 0.7699564039692227)
(-1, -0.5082717644794282)
(0, -0.029614059479204827)
(0, 0.14604783464689225)
(1, 0.8444392164600428)
(-1, -0.6275304281809476)
(1, 0.3145622743701886)
(0, 0.08755121476509095)
(0, 0.09322491463951471)
(0, 0.3107071209446133)
(1, 0.5497324501871874)
(1, 0.31326358103883845)
(-1, -0.27059889971120277)
(1, 0.22547950018821167)
(1, 0.1317119622168953)
(1, 0.7534478365345315)
(-1, -0.46213469759756315)
(1, 0.644154029422427)
(1, 0.7707785195042162)
(1, 0.9303315130391699)
(0, 0.03300357299969427)
(1, 0.6146065511378981)
(0, -0.08334100010113218)
(0, -0.01370114546007973)
(1, 0.9104150846063364)
(1, 0.7275645305734407)
(-1, -0.15415158335315146)
(-1, -0.6557449511064651)
(1, 0.7404356131808552)
(-1, -0.5981617798869117)
(1, 0.7374539805413098)
(0, -0.3528043001191454)
(-1, -0.3689949884272249)
(-1, -0.9268490652770951)
(0, -0.28792697111134385)
(1, 0.3384118482526316)
(-1, -0.8693642937535241)
(1, 0.5291108472741421)
(0, 0.07898595592810032)
(0, -0.2484842236227301)
(0, -0.03931943449600332)
(-1, -0.8958038339438514)
(1, 0.1567459823809771)
(-1, -0.45721155684184644)
(-1, -0.778845353614229)
(1, 0.9450526540835016)
(0, 0.03251008067471865)
(-1, -0.7161195120513744)
(-1, -0.9295466488758176)
(0, 0.05693926959225985)
(1, 0.8129156059205799)
(0, 0.0016054383974555388)
(-1, -0.7591750873543858)
(-1, -0.5772466530259155)
(0, -0.27245652294037453)
(0, 0.07974738045750535)
(0, -0.09238919801653744)
(0, 0.11290545002587317)
(-1, -0.07248884399248345)
(-1, -0.7872017225217761)
(0, -0.019580334308732718)
(1, 0.3970078066456806)
(1, 0.7133960255452361)
(0, -0.01992877119983385)
(1, 0.2983222177250111)
(-1, -0.5733502729448443)
(0, 0.1528626877076733)
(1, 0.9375502831013233)
(-1, -0.27478868390785516)
(-1, -0.0603127095515103)
(1, 0.7012021391878563)
(0, -0.0805562993173325)
(0, 0.04426145921900562)
(-1, -0.7678090408817495)
(0, -0.024217491654967754)
(0, 0.29960546480121286)
(-1, -0.4815196309690317)
(-1, -0.36434953560576083)
(0, -0.2978559611722009)
(0, 0.07276609201907575)
(1, 0.4741242867323099)
(0, 0.019400802183533267)
(1, 0.7064401578722799)
(0, 0.14117055976664977)
(1, 0.13230599056232245)
(0, 0.37194698768296397)
(0, 0.05696952903719603)
(-1, -0.5047191411621547)
(1, 0.06747074417412341)
(1, 0.15552393443709933)
(1, 0.5941749407303843)
(-1, -0.2153652442080996)
(0, 0.2037676279145234)
(1, 0.4824732725247297)
(0, 0.24536720546398066)
(1, 0.6959568763688306)
(1, 0.47897173776959284)
(0, 0.22216335848372984)
(0, -0.26565387672833896)
(1, 0.0929107138416827)
(0, 0.00545860750966097)
(0, 0.0138141767419697)
(-1, -0.4475166240317754)
(1, 0.9699843189299745)
(1, 0.7987439727117541)
(1, 0.4054851371476169)
(1, 0.8953802027120479)
(0, -0.23396004005312304)
(-1, -0.5077159653808226)
(-1, -0.12972948090716713)
(-1, -0.47410524078251653)
(0, -0.03468517545640064)
(0, -0.0009471744023935476)
(0, 0.028725361576015088)
(-1, -0.47084312455217836)
(0, -0.1104835433613402)
(0, -0.01190330042460485)
(-1, -0.23542074173163385)
(0, 0.02421617587670999)
(0, 0.07628203451480967)
(1, 0.4928524612415054)
(0, -0.006269831616599525)
(1, 0.6464979015910708)
(0, 0.06625606363974168)
(0, -0.07309105709577858)
(-1, -0.602340021068231)
(0, -0.01771753513567481)
(-1, -0.6374427695823285)
(1, 0.3292924932251913)
(0, -0.257961944999284)
(1, 0.3891097156242952)
(0, -0.10925444627228019)
(1, 0.2632746849513769)
(0, -0.15266870274786554)
(0, 0.1662944322080642)
(0, 0.003631831916691357)
(-1, -0.272149700181449)
(0, 0.3029280821532815)
(1, 0.7431562630872625)
(-1, -0.38790098281551594)
(-1, -0.4524115708888792)
(1, 0.20048616235772732)
(0, 0.12506185232800393)
(-1, -0.5909887116831029)
(0, -0.29333609978743597)
(-1, -0.790438199402715)
(-1, -0.7871614855841137)
(-1, -0.6959649081505853)
(-1, -0.3711928831123199)
(0, -0.021286721995872226)
(-1, -0.46803852453131434)
(0, -0.005339134545715593)
(1, 0.10895378920087673)
(1, 0.691948439467595)
(1, 0.5914600202322936)
(0, 0.16688116555744517)
(-1, -0.09282369883519426)
(0, -0.015168328882161547)
(0, 0.01681046814949881)
(0, -0.16396442477520506)
(1, 0.9900887833643124)
(-1, -0.8704274855180893)
(0, 0.35593450503440727)
(1, 0.26526628354547444)
(1, 0.6810214075947428)
(-1, -0.2560929548380009)
(-1, -0.4593616590310616)
(1, 0.3324101080901074)
(1, 0.542006451666357)
(0, -0.06596919115389731)
(-1, -0.36764293474311)
(0, 0.04082210173308701)
(1, 0.8188934668370137)
(0, 0.2790374392605418)
(0, -0.08146966373414845)
(0, -0.01906051663666236)
(-1, -0.40430231389947296)
(1, 0.6876062690711962)
(1, 0.939279263452925)
(1, 0.9639408828802075)
(1, 0.8891612865171358)
(0, 0.04590997843869321)
(0, -0.15238881752504563)
(0, 0.14807807505570475)
(-1, -0.24669116056348944)
(0, -0.1966581223879581)
(1, 0.5268286615988005)
(1, 0.5702488068334158)
(1, 0.37488686968531315)
(1, 0.8843974479994547)
(0, -0.016489156600406396)
(0, -0.21707327282166683)
(0, 0.08526434020916485)
(1, 0.8947564354736837)
(0, 0.23088061369631585)
(0, 0.44131104853113706)
(1, 0.6652091355561924)
(1, 0.12186094690408472)
(-1, -0.592701181524542)
(0, -0.00775582694153207)
(0, 0.24071939866145756)
(1, 0.8006545725201671)
(-1, -0.29013714228721355)
(1, 0.4044491221544341)
(0, 0.003400639978648451)
(0, -0.13677227314164156)
(0, -0.2880185548543332)
(1, 0.4922710500805372)
(-1, -0.6222580018606072)
(0, 0.13515406895194101)
(-1, -0.6350363946928532)
(0, -0.16461226533246)
(0, -0.05881346988998423)
(0, 0.018632682982967552)
(1, 0.33983856571775917)
(1, 0.7447321327501968)
(0, 0.1719177379973178)
(1, 0.9826247963243182)
(1, 0.8903724709919036)
(-1, -0.11327085103272616)
(1, 0.17033316740968368)
(1, 0.7294831303361314)
(1, 0.5952166325489977)
(-1, -0.4241966689105682)
(1, 0.42967909386437014)
(1, 0.6290013729204059)
(0, -0.008304394967085321)
(1, 0.8671062388402041)
(0, -0.027697018161162656)
(1, 0.7618114496722728)
(-1, -0.471573384340077)
(0, -0.16380038153920087)
(0, -0.3626717615880402)
(-1, -0.8247358563546662)
(1, 0.6033836084438948)
(1, 0.657739474636095)
(1, 0.6901607733049313)
(-1, -0.9424921949504245)
(0, -0.31719658755715563)
(0, 0.06185456359357127)
(1, 0.445901945804584)
(0, 0.014805932218849419)
(0, 0.02352356956991354)
(1, 0.8978373116068371)
(0, 0.21658606849536044)
(1, 0.8771997677875064)
(1, 0.2585956395676252)
(0, 0.00885972115937421)
(1, 0.5793829627826043)
(1, 0.8653512882738329)
(0, 0.06397856284506534)
(0, 0.0020256424712568194)
(0, 0.011983405988728622)
(0, 0.34724847422770533)
(0, 0.0025848198745788836)
(0, -0.021496786556064088)
(0, 0.014606444872781316)
(0, -0.09590120019371157)
(0, 0.19655581070633865)
(0, -0.21828570681153583)
(0, -0.09961367934504056)
(1, 0.922935744483408)
(1, 0.3551225148560727)
(0, 0.23820450067165738)
(1, 0.40815802965783066)
(0, 0.02899058945955707)
(1, 0.9663854220154274)
(0, 0.011950650637944954)
(0, -0.41978452303049724)
(0, 0.2640014017663266)
(1, 0.04931543070656336)
(0, 0.14978788241654975)
(-1, -0.21889539398888108)
(1, 0.2746497580032473)
(1, 0.022864229339303488)
(-1, -0.5215842306916044)
(1, 0.5488293774593052)
(1, 0.2928158680748083)
(1, 0.3129847926035299)
(-1, -0.9053063092141977)
(0, -0.02892093590356773)
(0, 0.1673272750940703)
(1, 0.25418174686367023)
(-1, -0.9385097775669121)
(0, 0.028540611470827176)
(0, -0.04632053257964014)
(-1, -0.8800577230274954)
(1, 0.07866840610459946)
(0, -0.14026979044143678)
(-1, -0.3185311627192723)
(-1, -0.49320627787779076)
(1, 0.6391941060030992)
(1, 0.3350890782762367)
(1, 0.4358493611168912)
(-1, -0.650684323489384)
(1, 0.7174161081625531)
(1, 0.5814949394872689)
(-1, -0.10292315204502228)
(-1, -0.9347151028529266)
(0, -0.13627182793760348)
(-1, -0.4688472291521471)
(-1, -0.8810229487950941)
(0, -0.22241304028124567)
(-1, -0.24428245568508172)
(-1, -0.06941632350210353)
(0, -0.05021869344422053)
(0, -0.022728538668652806)
(0, 0.11887270514015517)
(0, 0.07366469174911744)
(0, 0.09021772602977157)
(1, 0.7554481511566739)
(0, -0.3376184602917314)
(1, 0.38084412044656635)
(0, 0.05159317439944401)
(0, -0.04809762877151613)
(-1, -0.7245395854457761)
(0, -0.008217883476440941)
(0, -0.3702907203764737)
(-1, -0.43359220340952787)
(-1, -0.40515134746599735)
(0, -0.16477417906717304)
(1, 0.4676679241453045)
(0, -0.05886859777782932)
(0, -0.07748707219735518)
(-1, -0.7186869565345292)
(-1, -0.7787087784446032)
(-1, -0.5233306720249117)
(1, 0.6363496976573391)
(1, 0.2789806696391956)
(-1, -0.11025693862917002)
(0, 0.07044343729971657)
(0, -0.42246405024372574)
(1, 0.26801639876919753)
(1, 0.8482255170478776)
(-1, -0.023969847519454524)
(-1, -0.5664379785666618)
(-1, -0.38262813908181004)
(0, 0.18858929740224226)
(0, 0.37164488780734123)
(0, 0.2125700229671469)
(-1, -0.5866970682985161)
(0, -0.09626923548945797)
(-1, -0.6580565689493209)
(1, 0.41999562736927054)
(-1, -0.27961524499407275)
(0, -0.01361802524324629)
(0, -0.3969370171970714)
(-1, -0.18953701381742827)
(-1, -0.006270908934718211)
(-1, -0.7711740055009261)
(0, 0.20146918352103085)
(0, 0.1504783153832973)
(0, 0.04446636426924589)
(1, 0.3462625976371946)
(1, 0.13111966427107202)
(-1, -0.033179442015338345)
(0, -0.02090659022176479)
(-1, -0.025103808304468123)
(1, 0.7905546783378548)
(1, 0.9080477006893867)
(1, 0.07551894654902896)
(0, -0.051433227978688295)
(1, 0.5614721510216303)
(0, -0.018763697482533176)
(0, 0.28847178997290074)
(0, 0.17375796155277246)
(0, -0.011040250429882006)
(1, 0.5822594236134919)
(1, 0.8916486731634745)
(1, 0.173663586866396)
(-1, -0.12267631745931062)
(-1, -0.6406730315940341)
(1, 0.15258544477940528)
(-1, -0.5629731766240685)
(0, -0.21549066722579188)
(-1, -0.5700255738847784)
(0, 0.01912508293267523)
(0, -0.17836521844259717)
(1, 0.10049583379768506)
(0, 0.01173486101640865)
(-1, -0.6437194930644848)
(1, 0.5599716219037388)
(1, 0.8280218572320696)
(0, -0.005945962442376274)
(0, -0.362245311718937)
(0, 0.045528682580559504)
(-1, -0.4845887735187698)
(0, 0.005227820564124644)
(1, 0.9461440978924559)
(1, 0.8508633422479502)
(-1, -0.08237770148256035)
(1, 0.9923809872587122)
(1, 0.8525238136702961)
(1, 0.9147868497730546)
(-1, -0.14239546382905538)
(1, 0.7896072776692827)
(1, 0.9373313980318845)
(1, 0.8807479739642624)
(-1, -0.10706663667532201)
(-1, -0.16803136221897857)
(1, 0.3473040819485649)
(1, 0.49374089938914884)
(0, 6.715254314198366e-05)
(1, 0.6619240280784701)
(1, 0.6892557024751855)
(1, 0.581826953390735)
(0, 0.209481450586322)
(0, 0.06494032555532933)
(1, 0.8916115217993322)
(0, 0.13956248958123751)
(1, 0.9500764493948625)
(1, 0.8495755620244977)
(-1, -0.352329270596454)
(1, 0.9363299299442149)
(1, 0.3124057319545068)
(-1, -0.7107064779995995)
(-1, -0.18727268657138962)
(0, 0.023806132980768543)
(0, 0.09606715828200507)
(0, 0.0724579579906845)
(1, 0.9326519570801372)
(0, 0.15948018831113261)
(-1, -0.30509610460126235)
(1, 0.983862503416875)
(0, 0.1664735804634217)
(0, 0.019275085639548883)
(0, -0.0024281478034467174)
(1, 0.28084955986927346)
(1, 0.46330436597541313)
(0, 0.02477680668761903)
(0, -0.02949731785497381)
(-1, -0.4816308971647284)
(1, 0.08415022377278492)
(0, 0.05302318519933119)
(-1, -0.43349464302481433)
(1, 0.13844019477591446)
(0, -0.10734922815783747)
(0, -0.03193085853694713)
(1, 0.6262975352547279)
(1, 0.909077632631341)
(0, -0.07028453105741475)
(-1, -0.7619853441731963)
(0, 0.2873941505594027)
(-1, -0.4418461903403143)
(-1, -0.1674513916694741)
(0, -0.0028222756940148586)
(0, 0.115269591481831)
(0, 0.02592892365862573)
(-1, -0.28223265105941997)
(0, -0.2505599577662184)
(1, 0.6597439636947836)
(1, 0.740504455149946)
(1, 0.7876092584675921)
(1, 0.07896252660729591)
(0, 0.09860000732295962)
(0, 0.10934310227327534)
(0, -0.005059590085739543)
(0, -0.018120197124833058)
(1, 0.3880705131978377)
(1, 0.7822611794882602)
(0, -0.14095875446272302)
(0, -0.046809450471926466)
(1, 0.6881438936102322)
(-1, -0.008779040255619042)
(1, 0.2498212923064856)
(0, -0.15563416380643902)
(1, 0.6426877675455255)
(1, 0.5368215105041194)
(1, 0.6798011710890963)
(0, 0.0976286600146499)
(1, 0.13031058846154592)
(0, -0.0872852971728924)
(0, 0.04015449101576275)
(0, 0.02609422174309986)
(0, -0.16596797652072443)
(-1, -0.5994731736409535)
(0, 0.06972517666251485)
(0, 0.08056259478605445)
(-1, -0.33719830938403306)
(-1, -0.9532492956106884)
(0, 0.2957975370331763)
(-1, -0.5584404197892223)
(0, 0.006195325540812802)
(0, 0.08901262100302934)
(0, 0.006860737315016907)
(0, -0.1589428643996362)
(0, -0.42282636944099206)
(0, -0.052893216744959635)
(-1, -0.3224649019289442)
(0, 0.11143704044119729)
(1, 0.05792177454135067)
(1, 0.9718426787351179)
(1, 0.8879101152899453)
(0, 0.2600951816949796)
(0, -0.31684730446864257)
(0, 0.06820821062966846)
(0, 0.06989295717289612)
(-1, -0.3110697504045622)
(-1, -0.904298400588677)
(1, 0.019387091018408686)
(0, 0.05290304871212989)
(-1, -0.6003167936145495)
(1, 0.9663141599684174)
(1, 0.7993189609386988)
(1, 0.7411976802527824)
(0, 0.0003649575615547185)
(-1, -0.04561227468517326)
(1, 0.49985127298739795)
(0, 0.1157310599931097)
(-1, -0.5343553528635546)
(0, -0.15391926912362908)
(1, 0.5470143982515869)
(-1, -0.23174574624000313)
(1, 0.39090153997839805)
(0, -0.020395297173117277)
(0, -0.0015689497362837979)
(0, 0.07190163626671547)
(-1, -0.9238602408787554)
(-1, -0.2912064307724754)
(1, 0.786187334109181)
(1, 0.948198088238861)
(0, 0.13273840411689122)
(0, 0.036392041833404526)
(1, 0.2745163726957563)
(1, 0.5130800712724409)
(1, 0.14767953692810892)
(0, 0.06884201655579558)
(1, 0.3588019535126543)
(0, -0.05178706482398414)
(0, -0.12625283365568127)
(1, 0.40489608980310066)
(0, 0.03820788842147399)
(1, 0.8950143585311554)
(0, 0.10848679659531482)
