(0, -0.20207463579864313)
(0, 0.12702059709395114)
(1, 0.7611914826185369)
(0, 0.19577431403760212)
(0, 0.0025996273648552504)
(1, 0.8154844994956008)
(1, 0.46171424539854033)
(1, 0.5619955400311369)
(0, -0.3615909557455114)
(0, -0.09620957326319649)
(1, 0.6440310759526064)
(0, -0.018031879271709055)
(1, 0.6185337392850675)
(1, 0.1883587109891297)
(0, -0.006575357349760794)
(1, 0.9293175605402152)
(0, 0.055905275571026494)
(0, -0.2740984367534037)
(0, -0.01591531329888882)
(0, -0.05275943660028673)
(0, -0.023982648045188654)
(-1, -0.43953748587023045)
(-1, -0.582679353324008)
(0, -0.05528649350392981)
(-1, -0.13598329587180347)
(-1, -0.5689235962178056)
(1, 0.872193482280679)
(1, 0.7551901874925437)
(0, -0.09997723198348617)
(-1, -0.10740779277067969)
(0, -0.05377265480506167)
