(-1, -0.2134057579252841)
(1, 0.5483041936619394)
(1, 0.19511836417508094)
(-1, -0.5603809379167095)
(0, 0.03216042425195106)
(0, -0.2048331625954061)
(1, 0.7287939216872408)
(0, -0.0489301355763877)
(0, 0.02164372021609834)
(0, -0.005096274563826914)
(-1, -0.6229744175011276)
(0, -0.16370399153474452)
(1, 0.6017519759973884)
(-1, -0.5500654602750286)
(-1, -0.31033468071487297)
(1, 0.7575073137534245)
(-1, -0.27418875637679546)
(-1, -0.2726100007791934)
(-1, -0.24273864724824107)
(0, 0.12472207769785848)
(-1, -0.1845708828155806)
(-1, -0.8421502102106733)
(1, 0.6261573063892212)
(0, 0.34117387512733444)
(0, -0.1130247468443656)
(1, 0.5953212167901206)
(1, 0.703366092974324)
(-1, -0.8113729752029561)
(1, 0.5082516908893157)
(-1, -0.1416892454285052)
(1, 0.43407094798162044)
(-1, -0.867480732067509)
(1, 0.4945804574085198)
(0, 0.018812848572272164)
(0, 0.032621787034047195)
(0, -0.0167468202081284)
