(1, 0.3994840265550611)
(1, 0.9815206749707664)
(0, 0.30914435771755266)
(1, 0.4639194243334245)
(0, 0.30449978707251313)
(1, 0.9703670251216743)
(1, 0.04345192470362508)
(-1, -0.6832346948270336)
(1, 0.908930267235698)
(1, 0.6473711091138838)
(1, 0.7780227218163678)
(0, 0.054247053639228604)
(1, 0.9515479641716634)
(-1, -0.7168122630546782)
(1, 0.877064605752884)
(1, 0.7709758927512962)
(1, 0.7207863845399127)
(1, 0.5881069532459372)
(1, 0.5596551898963025)
(1, 0.8380507009253342)
(1, 0.5717614448819441)
(1, 0.4453195749437391)
(-1, -0.4048654011559338)
(-1, -0.3430659407416859)
(1, 0.9233797259570041)
(0, -0.018211259911892694)
(1, 0.1383735898643964)
