(0, 0.2038917566563363)
(1, 0.880137101875672)
(0, 0.2038917566563363)
(0, 0.3384264256909259)
(1, 0.7438551320890113)
(1, 0.49808371633746085)
(0, 0.008433310841671175)
(0, 0.02110217336775482)
(1, 0.9984768901354535)
(0, -0.21845765084621105)
(-1, -0.6409844715700155)
(0, -0.10754387029766574)
(1, 0.5997459777286609)
(-1, -0.6673521002787421)
(1, 0.5954789195399003)
(1, 0.6164791342010617)
(-1, -0.7627054402864109)
(1, 0.8554044276536319)
(0, -0.2396600762312318)
(-1, -0.9942646411313941)
(1, 0.8173303337379833)
(1, 0.9756444635493601)
(-1, -0.3821276904998596)
(1, 0.34456341125733647)
(-1, -0.5728363271098125)
(1, 0.6009816995616605)
(0, 0.09784319959954882)
(1, 0.2843493768546591)
(0, 0.3050247717684396)
(0, 0.018364137151666928)
(0, 0.31745958213149594)
(0, -0.4176168727839459)
(1, 0.98521272745445)
(0, 0.05732080912517984)
(0, -0.006703039933866679)
(1, 0.9646344991001993)
(0, -0.07074442471807682)
(0, 0.021756798869322663)
