(-1, -0.36187314094658163)
(1, 0.09997268343593552)
(0, -0.11881130366262954)
(0, -0.3187145632705063)
(0, -0.017726859849144933)
(-1, -0.06158668504364523)
(1, 0.026499237837605105)
(1, 0.008390874016958982)
(0, -0.27351868743947466)
(-1, -0.6848731869747762)
(-1, -0.31208345117739233)
(0, -0.08573055188899156)
(0, -0.12501362082965534)
(0, 0.08088934594249292)
(-1, -0.28750987419428264)
(0, 0.046770561066405564)
(0, -0.2601511931767068)
(-1, -0.7097844027818871)
(-1, -0.5019344110604351)
(-1, -0.10148920386698801)
(1, 0.30173512552155674)
(0, -0.23562986508504377)
(0, -0.24276266083998901)
(0, -0.04916179292511194)
(1, 0.6769469827242707)
(1, 0.05806867867109644)
(0, 0.0816049601152376)
(1, 0.9213099386257748)
(-1, -0.9908377844198697)
(-1, -0.14065960800993865)
(0, -0.4289481483386164)
(0, 0.06248840996350197)
(0, -0.2878046523272512)
(0, -0.11225797080155887)
(0, 0.18893920216589913)
(1, 0.6435479595151596)
(-1, -0.3958721470776518)
(0, -0.15616154131908377)
(-1, -0.966787766310532)
(0, -0.0914519122072848)
(-1, -0.5606411932436619)
(0, -0.148890390053107)
(0, -0.12369639755360211)
(-1, -0.8975704146704742)
(1, 0.4626658639830623)
(-1, -0.8534743793183216)
(1, 0.6055430756663231)
(0, -0.015770774055073745)
(0, 0.13712150541199372)
(0, -0.0007341299318373573)
(-1, -0.3172402364834556)
(0, -0.06765460210613114)
(-1, -0.34126181651412274)
(-1, -0.021892267731394133)
(0, 0.11286362880301888)
(0, -0.11255614732917982)
(-1, -0.5916279499726415)
(-1, -0.7556531781010491)
(1, 0.7627622432716175)
(-1, -0.27867543030101793)
(-1, -0.22171413204108897)
(-1, -0.7796030743810671)
(0, -0.11955278218712775)
(1, 0.840852322554188)
(1, 0.7939190499136132)
(1, 0.540240953922497)
(0, -0.07436093821524115)
(0, -0.025798594710831953)
(0, -0.23171939371853406)
(0, 0.04561884871411412)
(0, -0.10072324916843503)
(0, -0.024131876736247476)
