(1, 0.2898131242225771)
(1, 0.8449000809858888)
(0, -0.419734388861262)
(0, 0.021699134659323105)
(0, 0.02414183424160629)
(-1, -0.43060576998849154)
(0, -0.06572008732686357)
(-1, -0.9826901893057793)
(0, -0.04941549724765015)
(-1, -0.6506393466140564)
(1, 0.5152143409877988)
(0, -0.40759290044935015)
(0, -0.028845692943090848)
(0, 0.12191019624163339)
(-1, -0.7140986396373047)
(0, -0.17264265465205028)
(1, 0.9768431832885256)
(1, 0.8295012926453367)
(1, 0.9867868407409073)
(0, -0.014158719326325637)
(0, 0.05344684903123098)
(1, 0.725071671076674)
(1, 0.7177987278542797)
(1, 0.14749728053000877)
(0, 0.4110658471105026)
(0, 0.13652154873207112)
(0, 0.16642153905322363)
(-1, -0.5429481647022096)
(-1, -0.754387463324844)
(0, -0.22824683673764293)
(0, -0.03224184347675085)
(-1, -0.5974589532672979)
(-1, -0.8789608344680614)
(0, -0.24238532212994113)
(0, -0.22877381799138713)
(-1, -0.7912305845066967)
(-1, -0.8172582335000531)
(-1, -0.31005049186068034)
(-1, -0.23818778818691172)
(-1, -0.43584229162074706)
(-1, -0.9151185694080615)
(0, -0.1983647214064599)
(-1, -0.35891637661640996)
(-1, -0.5755112225563443)
(0, -0.0857049184212777)
(-1, -0.5664082532613264)
(-1, -0.46437631419708275)
(-1, -0.7900486615790274)
(-1, -0.5278736473538292)
(0, 0.035446254665610924)
(1, 0.3732990867672836)
(-1, -0.845770344748603)
(-1, -0.3707387418888561)
(-1, -0.7783189444749777)
(0, -0.06768810571200654)
(1, 0.5829793901167383)
(0, -0.014512448528860085)
(0, -0.1443413069754973)
(1, 0.8391067721056175)
(0, 0.0024522315560693148)
