(-1, -0.6058620864388375)
(-1, -0.9435965557577318)
(-1, -0.962599103047467)
(0, -0.06681025582799593)
(-1, -0.24923826103274632)
(0, -0.40312373850074906)
(-1, -0.7653365817304689)
(0, -0.3435564928063004)
(0, 0.2531960659937533)
(0, -0.01329316595348251)
(-1, -0.959226908145215)
(-1, -0.5743511189176473)
(-1, -0.49071617305280446)
(1, 0.6800175291517024)
(-1, -0.29824903614642473)
(0, 0.07970847806415202)
(0, 0.010066860637078734)
(0, 0.10074599023415876)
(0, -0.13678575893038517)
(0, -0.3462720628043674)
(0, -0.2311121671005958)
(1, 0.4259421917360958)
(-1, -0.6847772319734513)
(0, 0.013664821792791569)
(0, 0.1125386440866662)
(0, -0.16871210106281231)
(-1, -0.9967718909675066)
(1, 0.5079853316114267)
(-1, -0.41678382391463054)
(-1, -0.16645749529614706)
(-1, -0.9548055375628615)
(-1, -0.19730445911718214)
(-1, -0.921040404784484)
(1, 0.965611375347629)
(-1, -0.35794890641361826)
(0, -0.20751306736474362)
(0, 0.021756798869322663)
