(-1, -0.9073098561110283)
(0, -0.08540254028342953)
(-1, -0.9692594545582358)
(0, -0.24493320450614384)
(-1, -0.3133061672960216)
(1, 0.009093546289036303)
(-1, -0.47316475789928847)
(0, -0.460777571735252)
(-1, -0.35349371505413696)
(1, 0.2260342134409496)
(-1, -0.21823929244941243)
(-1, -0.6136067618468918)
(1, 0.366910383145192)
(0, 0.08909503958251713)
(-1, -0.887079195449507)
(-1, -0.9757717258837809)
(-1, -0.13644912966860073)
(-1, -0.942995401698697)
(-1, -0.8867195104847013)
(0, 0.0043022357249052874)
(-1, -0.7588929082619287)
(1, 0.9694961341883283)
(1, 0.6634042531554336)
(1, 0.18837179062230278)
(0, -0.016664876928953964)
(-1, -0.9536948545706466)
(1, 0.5335242580158973)
(0, -0.27727189711481065)
(-1, -0.43662291965541955)
(0, -0.09385756607011177)
(0, 0.04340107044161559)
(-1, -0.6990686535708245)
(1, 0.27709941961090717)
(0, -0.16306914486218427)
(1, 0.09179824494425393)
(1, 0.8706629814378672)
(0, -0.09367389548835353)
(1, 0.4642269258136498)
(0, 0.08421606314792321)
(0, -0.10837290965932721)
(0, -0.1155827584850396)
