(0, 0.1014511823922466)
(0, -0.022673187116097338)
(0, -0.10959706629202495)
(1, 0.44709513579850185)
(0, -0.2589194577823403)
(0, -0.11220035429179613)
(-1, -0.8453959016601228)
(-1, -0.5991087730517625)
(1, 0.568354368059666)
(1, 0.8600834933966229)
(-1, -0.7970483347358498)
(1, 0.34165325497186605)
(-1, -0.8144107158057803)
(-1, -0.998543440214339)
(-1, -0.9311764207614758)
(-1, -0.5419163597381019)
(0, -0.1062856840113291)
(-1, -0.7845883579263027)
(1, 0.5629577890640102)
(0, -0.08963523861359932)
(-1, -0.6431269165272453)
(-1, -0.8943412870510473)
(1, 0.6385043093724808)
(0, 0.05699965336113312)
(0, -0.1454996462555065)
(0, 0.015411555460372872)
(-1, -0.46599968752340765)
(-1, -0.741315210134369)
(1, 0.6347936809964715)
(-1, -0.39428689379282356)
(1, 0.7588138076568427)
(-1, -0.7454172649684596)
(1, 0.25142721916142247)
(-1, -0.5620077013834759)
(-1, -0.13454743571696692)
(-1, -0.4068327274080752)
(1, 0.30421676846277323)
(-1, -0.7426970877934519)
(0, -0.13512037266595844)
(-1, -0.3189012286404278)
(0, -0.412520820818054)
(0, 0.06638590524834713)
(1, 0.48355164656198)
(-1, -0.924559797848609)
(-1, -0.7088809061855129)
(-1, -0.5048584790963989)
(-1, -0.9489660265661359)
(-1, -0.08761087545672841)
(-1, -0.8121927066551815)
(-1, -0.6645708475564416)
(0, 0.05443795944667347)
(0, 0.0025562995444034925)
