(1, 0.4038738279248115)
(1, 0.6070777232007021)
(1, 0.7201571134776458)
(0, -0.12872080565583688)
(-1, -0.9019687457204879)
(1, 0.33156386505323754)
(0, 0.17770986254281246)
(-1, -0.6568908370009499)
(0, -0.044996554340268474)
(1, 0.11938555412245888)
(-1, -0.9511353551101422)
(0, -0.4330274896737781)
(0, -0.09097293285615632)
(-1, -0.7546523172491155)
(-1, -0.9942240666353933)
(-1, -0.6043784844674982)
(1, 0.3837298292793635)
(1, 0.5508275719800064)
(0, -0.11709063375477213)
(-1, -0.465975857180134)
(0, 0.04170514244056325)
(1, 0.9349993878660995)
(-1, -0.8068315044929477)
(-1, -0.38394888469191724)
(-1, -0.7504064262086656)
(1, 0.17064696904499232)
(0, -0.2719254773039661)
(-1, -0.24328925264496926)
(-1, -0.9715712186345292)
(-1, -0.35236339643718545)
(0, -0.04556392431179261)
