(0, -0.15978807161990705)
(0, 0.009895990195481832)
(0, -0.13028627837907772)
(0, 0.09348368974473298)
(0, -0.017535993252977028)
(0, -0.008124376736021788)
(0, -0.06809944438324217)
(0, -0.36945908395718463)
(0, 0.05481566961850881)
(0, 0.11064930576911032)
(0, 0.012394693421681575)
(0, 0.3923770299938697)
(0, -0.11891181274242973)
(-1, -0.2485920740854267)
(0, 0.006317653501729822)
(0, -0.043373050703523125)
(0, 0.09548892900502338)
(0, -0.046316650951521376)
(-1, -0.7108757903557197)
(0, 0.015253591820494142)
(0, 0.05309191686972695)
(0, 0.09967470588815822)
(0, -0.001119022986030544)
(0, -0.03117696393492525)
(1, 0.9936691520461275)
(0, 0.023232578984432622)
