(-1, -0.9449273885254914)
(1, 0.5398631536984404)
(-1, -0.9891434899532926)
(1, 0.23872054627643163)
(-1, -0.5863825610306772)
(-1, -0.7056175729708304)
(-1, -0.9947957226726145)
(0, 0.009994120592417848)
(0, 0.12323293714263348)
(1, 0.8506367611808213)
(-1, -0.8045576020939621)
(-1, -0.41885340892810957)
(0, -0.06069845207004665)
(-1, -0.7778481690628479)
(-1, -0.9599765576549802)
(1, 0.5087607280697382)
(0, -0.18337271515189463)
(1, 0.7193709887074634)
(-1, -0.6473473061842901)
(1, 0.8075913212557108)
(0, 0.206959898330733)
(0, 0.042737626200345546)
(0, 0.13994909811067466)
(1, 0.8777816672190281)
(-1, -0.7982097696065977)
(-1, -0.9908246831797364)
(0, -0.39163137197749864)
(0, -0.02551266725048998)
(0, 0.019412444493366404)
(0, -0.264641014542966)
(0, 0.010919392232759229)
(0, -0.3717016346257241)
(-1, -0.48142934390732706)
(-1, -0.5428078093428507)
(1, 0.1512499451281485)
(-1, -0.5402592926800844)
(-1, -0.5681592114480364)
(0, 0.012041652329968455)
(0, -0.4190971642051258)
(0, 0.2490179141340037)
(0, 0.43259865416000653)
(0, 0.037088069719770037)
(0, -0.010646430576889215)
(1, 0.9427929465308834)
(1, 0.9960554703862461)
(1, 0.4410281266121899)
(-1, -0.8340178582780771)
(0, -0.13673960036894922)
(-1, -0.10122394924339678)
