(0, -0.08871143881508615)
(0, -0.1446989716359796)
(0, 0.12214413459249293)
(0, 0.007852870308700105)
(0, 0.051917135542277504)
(-1, -0.4672070400744501)
(0, -0.08936955714322084)
(1, 0.7888976176471608)
(-1, -0.35554895204405645)
(0, 0.09076877498554718)
(1, 0.3161515451218041)
(0, 0.15217194610787504)
(0, -0.12720517423097127)
(1, 0.8187118054747817)
(1, 0.6620750336114893)
(-1, -0.9948019450780716)
(0, 0.0724763064471117)
(-1, -0.8523216669004964)
(0, 0.12682414366254424)
(1, 0.5439385870510803)
(0, 0.44411402336868244)
(1, 0.6251211347692585)
(1, 0.4920713127556919)
(0, 0.11720326602697662)
(1, 0.8283077115667744)
(0, -0.2686300050312192)
(0, -0.05642367149038965)
(0, 0.020786666741255667)
(0, -0.054826352185852176)
(-1, -0.439831117290171)
(-1, -0.17033626091753007)
(-1, -0.5808790684570087)
(1, 0.7333580677692195)
(0, 0.20799065771090863)
(0, 0.26947740877874227)
(1, 0.5403221246623788)
(0, -0.39317807469937477)
(-1, -0.7921693646152325)
(1, 0.09589525383681041)
(0, -0.33293880332191084)
(0, 0.031147318009232455)
(-1, -0.40220161261396536)
(0, 0.008934640104505578)
(-1, -0.7693942115114188)
(0, -0.07322753025847233)
(0, -0.2669400442073576)
(0, 0.08828611849968779)
(0, -0.16339419439885505)
(0, 0.4398427866537473)
(0, 0.05217964623575275)
(-1, -0.9040999294626881)
(0, -0.2934399665602891)
(0, 0.05686206169741509)
(-1, -0.5569825467361282)
(0, 0.05421201035588183)
(1, 0.07958563301591554)
(0, 0.24123264053674556)
(-1, -0.48638736398844423)
(0, -0.1741092953510571)
(0, -0.07300909853843512)
(0, 0.21854411310189192)
(0, 0.003712697702609166)
(0, 0.14834929244791667)
(-1, -0.660353079479764)
(-1, -0.888552688957177)
(0, -0.1364850139704319)
(0, -0.11523216109782772)
(0, -0.1329089305842534)
(0, -0.014067949121157072)
(0, 0.05836719916391572)
(0, 0.24900430337540558)
(-1, -0.5615731625455492)
(-1, -0.9326589260349092)
(0, 0.06873194004575037)
(0, 0.13872259591734906)
(0, 0.07993343417758796)
(-1, -0.6027236460635481)
(0, -0.225221872698455)
(-1, -0.7272216656882169)
(0, -0.10062052048181824)
(-1, -0.7645460015950817)
(0, 0.05060534613559581)
(0, 0.023988287173967747)
(0, 0.2762298614997908)
(-1, -0.5281400649282796)
(0, 0.023030169747502542)
(-1, -0.4855900113111332)
(-1, -0.16361594201919638)
(1, 0.3887616120274623)
(-1, -0.6922947795178274)
(0, 0.3033510075016696)
(1, 0.45422800881388437)
(-1, -0.21690186177086146)
(0, -0.3293728187651215)
(1, 0.38409413147314775)
(1, 0.4500699894266236)
(0, -0.05931197240455639)
(-1, -0.7196022009491925)
(0, -0.11342741991747464)
(-1, -0.44562003128625066)
(-1, -0.5682607616969935)
(0, -0.0563144627719345)
(-1, -0.7870704161560629)
(1, 0.2313667966146925)
(-1, -0.5907173617466108)
(-1, -0.1388944065789567)
(-1, -0.17118686314525094)
(-1, -0.480869336524128)
(-1, -0.8189395065103272)
(1, 0.6267323326661612)
(1, 0.2779967832125376)
(0, -0.0655007507606041)
(0, 0.06861540576972895)
(0, 0.09567867555822604)
(-1, -0.49723601377518484)
(0, -0.11064919051706715)
(0, 0.021142430512780738)
(0, -0.00449117310906798)
(0, 0.10589166128187143)
(0, -0.06339961963601586)
(0, -0.10668985190265315)
(0, -0.00025914231094410946)
