(1, 0.5517392672091206)
(0, -0.025865774360801286)
(0, 0.050921178747622614)
(0, -0.00046780444179790603)
(0, -0.1617123382020982)
(-1, -0.34920546990434026)
(1, 0.486621451016082)
(0, 0.014204692614956035)
(-1, -0.8810216895517824)
(-1, -0.42914872955960826)
(1, 0.8837049437748487)
(-1, -0.6809472585546801)
(-1, -0.6804908790821583)
(0, -0.07931957029598916)
(-1, -0.9160362446518582)
(0, -0.1903916852252145)
(0, -0.0642890584878262)
(-1, -0.9000179430633432)
(-1, -0.9850609140838167)
(-1, -0.5972935221208011)
(0, -0.0348545439831211)
(0, -0.10635608993162439)
(-1, -0.8623372993430374)
(-1, -0.6811983362557634)
(-1, -0.8674191772564871)
(0, -0.024882716353282763)
(-1, -0.9789264237031796)
(-1, -0.3541615496349102)
(-1, -0.6854858930819058)
(0, -0.04435838758673491)
(-1, -0.15278851948690653)
(1, 0.63237294675931)
(0, 0.054471197969282875)
(-1, -0.844150705120844)
(1, 0.21442131629237343)
(1, 0.5443311741510252)
(0, 0.0004159423725279554)
(1, 0.7612577680449799)
(-1, -0.4983170537510677)
(1, 0.7724694679194981)
(1, 0.17856560272960953)
(-1, -0.5344262348368823)
(0, -0.4210427865119944)
(1, 0.9015602277923149)
(0, -0.13003050566089872)
(1, 0.8124875189151469)
(0, -0.048789829808628005)
(1, 0.6426699940405294)
(0, -0.03275840244858978)
(-1, -0.21788249269087695)
(-1, -0.6346038727083539)
(-1, -0.7827673983347414)
(1, 0.013000682245473072)
(0, -0.0791688525951659)
(0, -0.2002539472108228)
(-1, -0.4291876499568684)
(0, -0.3197046991716421)
(1, 0.8386013003438086)
(0, 0.2963715908218463)
(-1, -0.20074913442707434)
(-1, -0.898497318826906)
(-1, -0.7094878661382369)
(-1, -0.5258801763976239)
(-1, -0.8892653195034648)
(1, 0.22333175252820964)
(0, -0.002399856838627451)
(-1, -0.9744553304370019)
(1, 0.41418648140451775)
(0, -0.22727102273353714)
(-1, -0.8454106553591979)
(-1, -0.7908713632315074)
(-1, -0.9080740231371048)
(0, -0.13680796439510337)
(-1, -0.8219302557143139)
(0, 0.03879686131228642)
(1, 0.33694786701955104)
(0, -0.0409007982369195)
