(1, 0.31291769411754433)
(0, 0.3815042790640373)
(1, 0.992735142783133)
(-1, -0.9822174677031505)
(0, -0.01953811486564061)
(-1, -0.468169729258865)
(0, -0.3666796451617448)
(0, -0.16741906599217435)
(-1, -0.8903362054698828)
(-1, -0.21592976760618818)
(0, -0.04892891679488409)
(0, -0.2603433273228186)
(1, 0.7061425037979188)
(0, 0.0032789155863314767)
(1, 0.2511320114144326)
(-1, -0.9945292161795564)
(-1, -0.46898204161413426)
(0, -0.03258313342273704)
(-1, -0.9700916151724301)
(-1, -0.0537429765505304)
(-1, -0.4204805440150642)
(1, 0.9733800245255787)
(-1, -0.9557281735944139)
(1, 0.08558469885319586)
(1, 0.06970872147863066)
(0, 0.057969199729379445)
(0, -0.2153475370693316)
(1, 0.7630065820046306)
(-1, -0.8397381467050767)
(0, -0.25852318545596203)
(-1, -0.48112600116476956)
(-1, -0.8076299068952524)
(1, 0.24420027110488382)
(1, 0.824611361586301)
(-1, -0.9152481656582919)
(0, 0.42827136042040026)
(-1, -0.03273285839396939)
(-1, -0.8037163908188146)
(0, -0.06330065864843387)
