(1, 0.944067748718968)
(1, 0.9993846247158856)
(-1, -0.9072322468343919)
(1, 0.11133238039387205)
(1, 0.9993160464778937)
(-1, -0.988598349922533)
(1, 0.39728362227375563)
(-1, -0.5364304669121501)
(-1, -0.6003870885278059)
(0, 0.11982752094907886)
(0, 0.018786202552169694)
(0, -0.09010620823863723)
(0, -0.03604613253193427)
(1, 0.5138676512069268)
(1, 0.8157596127675447)
(0, 0.09402826560508476)
(0, -0.29388965944258005)
(-1, -0.5029873323237182)
(-1, -0.6852838520849474)
(-1, -0.5336219991780888)
(0, 0.1785981702549139)
(-1, -0.5973333649421231)
(0, 0.06411705417749275)
