(0, 0.020440989667794313)
(0, -0.07501438850601144)
(0, 0.073028142941026)
(0, -0.12162591312372262)
(1, 0.7158062275125214)
(0, 0.038784227212862496)
(1, 0.4527682282866077)
(1, 0.24901223822344332)
(0, 0.028119302544049804)
(0, 0.028334789384948655)
(0, -0.2436418507175637)
(-1, -0.0914232101449532)
(-1, -0.44856730031744885)
(0, -0.003016661511409932)
(-1, -0.7417091277104793)
(0, 0.05439619733686327)
(1, 0.01203607531696621)
(-1, -0.37702597583410974)
(1, 0.27218273961663236)
(-1, -0.6624388770677718)
(1, 0.6122123328182516)
(-1, -0.414711906624691)
(0, -0.3309137089104795)
(0, -0.2877105621462135)
(0, -0.2603669878678612)
(0, -0.1971729982052543)
(0, 0.0020372558679528294)
(0, -0.142792490880674)
(0, 0.017319604792335352)
(-1, -0.7720281421978198)
(0, -0.0492057930229568)
(0, 0.08535044302717165)
(1, 0.09916055106947902)
(-1, -0.6270645273424197)
(1, 0.4035650069614606)
(-1, -0.8030135663894493)
(-1, -0.3519907685404715)
(0, -0.2518278539166035)
(1, 0.686106878142732)
(-1, -0.22451120271894065)
(-1, -0.02378355655281489)
(-1, -0.6485335368576509)
(0, -0.06765460210613114)
(1, 0.6457837532346701)
(-1, -0.15565522229904322)
(-1, -0.8149205559589582)
(1, 0.6064862971937853)
(0, 0.04314731181823005)
(1, 0.9421241479124671)
(1, 0.720072097147145)
(-1, -0.7806619135273737)
(0, -0.06765460210613114)
(-1, -0.03607673323712385)
(-1, -0.5077365389597348)
(1, 0.9587244224727203)
(1, 0.9069359600982093)
(-1, -0.6476415842584691)
(0, -0.0038523673117493717)
(1, 0.32911587880340765)
(-1, -0.47314805539683924)
(-1, -0.6585689456669965)
(-1, -0.2528250721589352)
(1, 0.17580955853797992)
(-1, -0.5538124209797054)
(1, 0.5645104496194528)
(0, -0.10538647547037419)
(0, 0.0569602509342699)
(-1, -0.3794543829260594)
(0, -0.04074190819029887)
(0, 0.004952643032569065)
(0, -0.0005080674601342233)
(-1, -0.42283992077833604)
(0, -0.20198500035036457)
(0, -0.0656541449334289)
(0, 0.17667855349847297)
(-1, -0.5576865551422235)
(-1, -0.6668336266105437)
(1, 0.36645782441687247)
(0, -0.30801975389115716)
(-1, -0.9533669418619728)
(0, 0.08194876432505246)
(0, -0.1877464853058644)
(-1, -0.23176692077377567)
(0, -0.2078256462083462)
(1, 0.028945793643274098)
(0, -0.07028894073884946)
(0, -0.16886948782861053)
(-1, -0.8757642244293159)
(-1, -0.42868514307250055)
(0, -0.4184424128030814)
(1, 0.5969642539921254)
(0, -0.03149346199006213)
(1, 0.2216536010199317)
(-1, -0.564129624085907)
(1, 0.4888140989225062)
(1, 0.7859628365591893)
(-1, -0.24807956405992243)
(0, 0.006196724834305532)
(1, 0.33381545835971194)
(-1, -0.4991604315261065)
(-1, -0.23764942922267981)
(0, 0.01773671454960285)
(-1, -0.8923216665226116)
(0, -0.06939906309854894)
(0, -0.13698474382188258)
(0, 0.05511905249328333)
(1, 0.41352440388744194)
(0, -0.15062036515245908)
(0, -0.017975296639204774)
(0, 0.18513171246049828)
(-1, -0.2145502849440496)
(-1, -0.7046535214259864)
(0, -0.09059409601669535)
(0, -0.004480331914959501)
(-1, -0.8151050507826517)
(-1, -0.9856680303091978)
(-1, -0.6365623355568568)
(0, 0.08498666599776636)
(0, 0.03609091644371192)
(-1, -0.27233657367294634)
(1, 0.48819251685619414)
(0, -0.06483818670953888)
(-1, -0.3177519536534092)
(0, -0.21885002608946602)
(1, 0.6452117587561446)
(0, 0.02197945640844033)
(0, 0.004442116639041094)
(0, -0.034281252463792475)
(-1, -0.23176692077377567)
