(0, -0.025393479364707008)
(0, -0.21080515653014054)
(0, 0.0323860143645997)
(0, 0.06145183176471994)
(0, 0.04838835334097145)
(-1, -0.37943771898675893)
(1, 0.3626781451716163)
(0, 0.10884594731055545)
(0, 0.062185871979544165)
(1, 0.33894058879416183)
(0, 0.11570273742424542)
(0, -0.004104087753022845)
(0, 0.34150845673776353)
(1, 0.541661948019929)
(1, 0.3291227126929588)
(1, 0.3770800320410641)
(-1, -0.8997817814462202)
(1, 0.6202784542926439)
(-1, -0.49575477709224824)
(-1, -0.6088847017797145)
(0, -0.1569115959030466)
(-1, -0.7636221972665173)
(0, 0.1225983671820114)
(1, 0.8681742805084693)
(1, 0.39117936573094825)
(1, 0.604071229853772)
(0, -0.1338908406095166)
(0, 0.32600289249348297)
(-1, -0.7821257769260479)
(1, 0.934378700600997)
(0, 0.34387249207172055)
(0, 0.19993892731367086)
(1, 0.6864912375567853)
(1, 0.27094547386882867)
(0, 0.24883199218429616)
(1, 0.9461038222307941)
(0, -0.39429190945690434)
(0, 0.11075745025614495)
(0, 0.06749288884100452)
(0, 0.01774162094848168)
(0, -0.14602943024391926)
(-1, -0.6461135144072024)
(-1, -0.8888137310355867)
(1, 0.1838707019755747)
(-1, -0.5947831954508966)
(1, 0.2443774167837468)
(-1, -0.6147515155109606)
(0, -0.026268878656846087)
(-1, -0.23583804768663585)
(0, 0.1402333841659433)
(0, -0.09246172629796752)
(0, -0.03029158362888196)
(0, 0.4752461390250291)
(0, -0.13780401730247777)
(0, -0.0016288020548089754)
(0, 0.055948523780121884)
(0, -0.2908977945551732)
(0, 0.0458396506544763)
(0, 0.020558533717814496)
(0, 0.011394666169048759)
(0, -0.033819460017285335)
(0, -0.13208413621068493)
(0, -0.36192818313631137)
(0, 0.09853377103074563)
(0, -0.07170680559390506)
(1, 0.8345094371456001)
(1, 0.828011534427925)
(0, 0.015813725789159516)
(1, 0.4479646515153642)
(0, 0.0560629292604257)
(-1, -0.8757163022542879)
(0, 0.041870941474457746)
(-1, -0.05440649261411579)
(0, 0.24959979764729703)
(-1, -0.21978382946148534)
(0, 0.27290229483033335)
(1, 0.2775532729902267)
(0, 0.029698350219961932)
(1, 0.5139069576349212)
(0, 0.11630589467326159)
(1, 0.9739761591999783)
(-1, -0.15288015550671447)
(0, 0.14479553019257438)
(1, 0.5500751724380453)
(-1, -0.23271176102373098)
(-1, -0.11874370065041823)
(0, -0.02957154275551615)
(-1, -0.42127419817083933)
(1, 0.7693523876363653)
(0, 0.014029716181047924)
(1, 0.6909987633665846)
(1, 0.022728854364548967)
(1, 0.957687018780817)
(0, -0.007676843529738818)
(1, 0.1567077810042654)
(1, 0.8356648384901424)
(1, 0.49058232012467284)
(1, 0.7482566073427561)
(1, 0.6156832270667444)
(0, 0.07560850652545531)
(1, 0.6232686650202401)
(-1, -0.5976089807873551)
(1, 0.9277013405478342)
(-1, -0.393103588667806)
(-1, -0.5659445172730591)
(-1, -0.7362548516203318)
(1, 0.7639737888966704)
(1, 0.17218820911589172)
(1, 0.09679838251086698)
(1, 0.9124435540315445)
(1, 0.47021092714367346)
(0, 0.03741032459898877)
(0, -0.0148448185734514)
(1, 0.6271314962337717)
(-1, -0.4380797699440388)
(1, 0.9203908604781089)
(1, 0.5909913833500158)
(1, 0.4128643309621418)
(0, -0.2461097823877995)
(1, 0.0655127621894957)
(1, 0.9022249062456803)
(0, 0.09423452428059395)
(1, 0.9617792777166501)
(1, 0.8256399595229428)
(0, 0.021772311652526702)
(-1, -0.9366353106769346)
(-1, -0.5990971140645749)
(0, 0.01412102617948871)
(0, -0.07403775152559357)
(0, -0.1964847438245895)
(0, 0.018720718947450615)
(0, 0.00721827669426886)
(0, -0.08413838918914421)
(0, -0.024555112032755788)
(0, 0.15158213622252237)
(-1, -0.4776826881970468)
(0, -0.015120316438171404)
