(0, -0.06567438207598013)
(0, 0.08587319794338867)
(-1, -0.5258411283825226)
(-1, -0.6629467002029344)
(-1, -0.5013429500029388)
(0, 0.05374093881678205)
(-1, -0.2642397722059731)
(0, 0.21254495788549788)
(0, 0.19606321290810275)
(1, 0.6327160819486273)
(1, 0.6532073167064829)
(1, 0.610999739483979)
(-1, -0.5010965928479355)
(0, 0.03706823014443347)
(-1, -0.3811920299405205)
(1, 0.07921009306092691)
(0, 0.06371516805561034)
(0, 0.36596964652496383)
(0, 0.05837929498574686)
(0, -0.20926708472578603)
(1, 0.08960231360531962)
(0, 0.009652792403272721)
(0, 0.07458093369361934)
(-1, -0.8687527454325498)
(-1, -0.46465923732353565)
(-1, -0.7393026669122627)
(0, 0.09317610082747887)
(-1, -0.5864154085199741)
(0, 0.20933739231312773)
(0, -0.12669268949484175)
(0, -0.15972536312767222)
(-1, -0.1302678455938583)
(0, 0.08160080435573945)
(1, 0.5730054459674432)
(1, 0.10863000044901927)
(-1, -0.9144342141660801)
(0, -0.014704719520633736)
(-1, -0.38825067151992143)
(0, 0.053428717372796336)
(0, 0.040504947810399594)
(1, 0.7890673215500372)
(0, 0.47449748246820317)
(0, 0.11253133843125211)
(0, -0.19553423409108303)
(0, -0.07802345868040317)
(0, 0.07658350315811037)
(0, -0.10011701760824523)
(0, 0.010832310055584021)
(0, 0.08541979171990462)
(1, 0.9674715629351132)
(1, 0.6496947412571057)
(0, -0.09260540195776078)
(1, 0.5983922361166538)
(-1, -0.5192944071993216)
(0, 0.11052254547362222)
(0, 0.05270958849951067)
(1, 0.35538276386796586)
(1, 0.5029023758963833)
(0, -0.08790614003382036)
(0, -0.07430483315164663)
(0, -0.07879134714150587)
(-1, -0.3669805501290283)
(1, 0.09895648480117208)
(0, 0.011140977213326034)
(0, -0.1823377532938304)
(1, 0.6205787279163681)
(0, 0.022846933151825656)
(0, -0.03971841096604714)
(0, -0.1593134015590843)
(0, 0.023191932510779188)
(1, 0.25543147347875916)
(0, 0.09967341375163047)
(0, 0.05400063145857284)
(0, 0.1458088514130092)
(-1, -0.10277258853249743)
(0, -0.03904573349206872)
(-1, -0.36622981328895843)
(0, 0.013839093054076379)
(-1, -0.475413699986871)
(0, 0.14917699976454626)
(1, 0.18555930931049747)
(1, 0.37286672482505645)
(-1, -0.04722533722178468)
(0, -0.14829682223766738)
(0, -0.3296345910611415)
(1, 0.6715852798287633)
(-1, -0.8067636061741774)
(1, 0.7008088278185959)
(1, 0.1621277183887595)
(-1, -0.42154275843953803)
(0, -0.3054637650413342)
(0, -0.051490230856219815)
(-1, -0.5256768904537317)
(1, 0.5861565626947021)
(1, 0.686444682489676)
(-1, -0.6743506051381448)
(-1, -0.937894231122915)
(-1, -0.5172625889475788)
(-1, -0.4861368657431398)
(-1, -0.5684097246422866)
(0, 0.07370282046446539)
(-1, -0.4636678497008978)
(0, 0.08977992666710868)
(0, 0.2716513837699448)
(-1, -0.8966222116578307)
(0, -0.024652004849153808)
(1, 0.4730403467390824)
(-1, -0.378631204150351)
(0, -0.2751057697517598)
(-1, -0.4533193202446355)
(1, 0.6404831933541217)
(1, 0.717628485550405)
(1, 0.7725948824981704)
(0, 0.020389398758572666)
(1, 0.7378197698779448)
(0, -0.003778408922897736)
(0, 0.06110982573063149)
(1, 0.7603522479587469)
(1, 0.6718584371983709)
(1, 0.7487048303039284)
(1, 0.13834703457426933)
(0, -0.023273927537189265)
(0, 0.39363912583121297)
(0, 0.1365171567882601)
(0, 0.2301338589415779)
(-1, -0.037037934526523764)
(0, -0.04738890942542871)
(0, 0.025545848905784752)
(0, -0.44922509301275726)
(1, 0.7487264761775322)
(0, -0.07981180962271942)
(1, 0.4932083129666204)
(0, -0.04653854216193887)
(0, -0.21292430743069443)
(-1, -0.22696026255954566)
(0, -0.17493550786791123)
(0, 0.053428717372796336)
(0, 0.040504947810399594)
(0, 0.09562463936296467)
(-1, -0.5851885096369547)
(0, 0.03015673615844451)
(0, -0.21292430743069443)
