(-1, -0.8333815210162924)
(1, 0.851665547536491)
(1, 0.4858183598772898)
(1, 0.8739264464803025)
(1, 0.3289813089754068)
(0, -0.016668702657830797)
(1, 0.9022410933455556)
(0, -0.0520297089061629)
(1, 0.893700607621505)
(0, 0.03939892557956329)
(0, -0.25287606973634635)
(-1, -0.6178335535467154)
(0, -0.0018036177114412744)
(1, 0.9840307853114071)
(1, 0.6737275695013698)
(0, 0.23330527978558158)
(1, 0.48332732078940516)
(0, 0.4390067842190015)
(-1, -0.5410269186237306)
(0, 0.02062096006285441)
(1, 0.38589283675658276)
(-1, -0.0026424742413718727)
(0, -0.027217376718940936)
(0, 0.007273279962050046)
(0, -0.03526685231572034)
(1, 0.8264832738180523)
(-1, -0.18604179398033527)
(0, -0.4215669572228314)
(1, 0.5295343135469205)
(1, 0.4251441407809061)
(1, 0.6648961859866367)
