(1, 0.31543481860209893)
(0, 0.043844628076137815)
(-1, -0.3575189472811951)
(1, 0.5657543837537051)
(-1, -0.8396653886673672)
(-1, -0.4562113362313964)
(0, 0.10118822106742041)
(1, 0.28812737857990145)
(-1, -0.7497545708357272)
(-1, -0.5480291708486865)
(-1, -0.5385780816242686)
(-1, -0.001864257792682844)
(1, 0.8913467654987761)
(1, 0.8944074143620103)
(1, 0.5967722612281463)
(1, 0.45080226642332083)
(0, 0.11482444587915316)
(-1, -0.4093154144074155)
(1, 0.7446067109101688)
(1, 0.01573606517032411)
(-1, -0.512286374520107)
(0, -0.2710680665267392)
(0, -0.22246113550735153)
(1, 0.9291842305815651)
(-1, -0.7957356948585084)
(-1, -0.6692269817871067)
(-1, -0.8063571407854204)
(1, 0.9478388269811278)
(0, -0.13087116025812578)
(-1, -0.5887723166270354)
(1, 0.9977240558434398)
(1, 0.27412846209236286)
(-1, -0.6901649522926127)
(-1, -0.7218482489442075)
(-1, -0.7934688097592194)
(-1, -0.9193849211764646)
(-1, -0.3232585330306851)
(-1, -0.9551232107537032)
(-1, -0.761267631687423)
(-1, -0.9178377289432289)
(0, -0.006364877952566128)
(-1, -0.8074303103412305)
(1, 0.8326785208027617)
(-1, -0.3944027788645962)
(1, 0.0023797135762252397)
(-1, -0.46027170258768835)
(1, 0.21569911407846326)
(-1, -0.37391999284517435)
(-1, -0.869978610524362)
(1, 0.886089363896221)
(1, 0.9254069917077309)
(1, 0.41529006181617417)
(-1, -0.19388981647005005)
(1, 0.6177252060575833)
(-1, -0.5897402442053702)
(0, 0.1250886443547639)
(1, 0.842538156970093)
(0, -0.2484069309412447)
(-1, -0.7501523961540204)
(-1, -0.431633592269096)
(1, 0.10675738512838523)
(1, 0.008578071003362886)
(1, 0.7606923156259165)
(0, 0.26180650994866933)
