(1, 0.9138965081047614)
(0, -0.047506394803766366)
(-1, -0.3775106259223235)
(0, -0.3890147213104)
(0, -0.3093216696946246)
(-1, -0.8945576559670896)
(0, -0.011062153054031632)
(1, 0.8291507607710765)
(1, 0.8282233413222853)
(1, 0.9702708744000207)
(1, 0.8001936448630922)
(0, 0.05559418174637826)
(1, 0.5527876725487496)
(1, 0.6165993819687814)
(1, 0.9210304654541738)
(1, 0.9885842476655142)
(1, 0.2346828709608544)
(0, -0.00010344344422284768)
(0, 0.002744187485617401)
(0, -0.0936778622239332)
(0, 0.34128813573447114)
(0, -0.27070818580906597)
(1, 0.8502965320300858)
(0, -0.027702153849163053)
(1, 0.4347681371823801)
(0, -0.007511973314071427)
