(0, -0.05782353416156977)
(-1, -0.7923772629506466)
(1, 0.6281852105188238)
(-1, -0.7129313744699899)
(-1, -0.7134616377354578)
(-1, -0.8678820887374465)
(0, -0.1091321836255337)
(-1, -0.35063394835460493)
(-1, -0.27422605405014694)
(0, 0.09569694703287762)
(1, 0.25403800121413256)
(0, -0.356512490190552)
(-1, -0.5700756470094176)
(1, 0.2000296526708904)
(-1, -0.5862296088827446)
(-1, -0.828512873444925)
(0, 0.1634724294853714)
(-1, -0.34405126519457024)
(-1, -0.7048282479920999)
(-1, -0.222489497258803)
(0, -0.22472990281644728)
(1, 0.4041009869080222)
(-1, -0.2282618975342215)
(-1, -0.6855693462406155)
(1, 0.8823280751120783)
(0, 0.21004412868800593)
(-1, -0.6948047786362626)
(-1, -0.6895801595234841)
(0, -0.2062589387617998)
(-1, -0.3300491461359488)
(1, 0.16547502622216875)
(1, 0.1992393555977366)
(-1, -0.7626217792778663)
(1, 0.03768324051222677)
(-1, -0.39307666758444815)
