(-1, -0.5028471898701603)
(-1, -0.7768245669274569)
(-1, -0.6722259614393868)
(-1, -0.38268343784562553)
(-1, -0.7060729956818755)
(0, -0.16873828548558423)
(-1, -0.6939134195649486)
(-1, -0.8462971155092521)
(-1, -0.8917965456971888)
(0, -0.06415286437788639)
(-1, -0.6769172222851295)
(-1, -0.19869251851886788)
(0, -0.3165189004399231)
(-1, -0.9757902303869901)
(-1, -0.576435949640225)
(-1, -0.7101919885306351)
(1, 0.8529315825233305)
(-1, -0.22930618802181507)
(1, 0.626261025659537)
(0, 0.02363113904166251)
(1, 0.7161093349444465)
(-1, -0.7023154959431153)
(0, -0.015381377310185518)
(0, -0.19919951419934523)
(0, -0.100356513156315)
(0, 0.09355281795444167)
(1, 0.6523939558844208)
(0, 0.08473104524998605)
(1, 0.3885449552183168)
(0, 0.12207173320442624)
(1, 0.6634904653597335)
(1, 0.9648629586018038)
(0, -0.03593543357855929)
(1, 0.5674160483807151)
(0, -0.14076732391529284)
(0, -0.020538050366730634)
(-1, -0.6545361566195639)
(0, -0.045558383658356696)
(-1, -0.949827097442466)
(0, -0.44698847305225303)
(1, 0.7536457461303956)
(1, 0.7112498095454803)
(0, 0.07339237061580828)
(-1, -0.35165714164051015)
(1, 0.16555152440770554)
(1, 0.9444094885072054)
(1, 0.3603256501937662)
(0, -0.14001481503328242)
(1, 0.12029456214865192)
(1, 0.799655212495682)
(-1, -0.5814526631142062)
(0, 0.03234809193128474)
(0, -0.3207489734920654)
(1, 0.5470563214181461)
(1, 0.567423578457929)
(0, 0.18397497492168757)
(-1, -0.048653697640657745)
(-1, -0.5434338277638667)
(0, -0.1955926703896974)
(1, 0.3136358501023491)
(1, 0.4924819655654916)
(0, -0.2879304589148433)
(0, -0.2544128073209347)
(-1, -0.265169210539682)
(-1, -0.6734933231400388)
(1, 0.7128798624883351)
(1, 0.566361100751318)
(1, 0.613040532308941)
(1, 0.6167102958226249)
(0, 0.04590463644906784)
(0, 0.13867285491081457)
(1, 0.40048969587913635)
(0, 0.27453629734507345)
(0, 0.12103435098640249)
(-1, -0.3380249356052189)
(0, 0.17043405301478665)
(0, -0.07240163689496418)
(0, 0.006480436961220909)
(1, 0.23492984728453342)
(1, 0.4401729497378515)
(-1, -0.2859995951136445)
(0, 0.14392923816975645)
(1, 0.35739975620191666)
(0, 0.10891268797772266)
(-1, -0.3873015248117766)
(-1, -0.8869537605042903)
(1, 0.028376659316181996)
(1, 0.7979599235492285)
(1, 0.7831867340937977)
(0, -0.36802314658912055)
(-1, -0.2791542408522942)
(1, 0.5598787202834719)
(1, 0.6735470910197456)
(-1, -0.3149313590728044)
(1, 0.5402638455289406)
(-1, -0.7250955483683301)
(-1, -0.07855364127340941)
(1, 0.1610255367690463)
(1, 0.9249750192795815)
(1, 0.1913108653981196)
(0, -0.30465937861229414)
(1, 0.8461818882482735)
(-1, -0.7012656914481901)
(1, 0.7349758102023611)
(-1, -0.3406149356136945)
(-1, -0.6481808573882346)
(-1, -0.5120731372808262)
(1, 0.1365369461402538)
(0, -0.07930109515885377)
(0, 0.013370976814310376)
(-1, -0.9065976005532457)
(-1, -0.7846967306974362)
(0, 0.05006432868806594)
(-1, -0.6397702581472817)
(1, 0.823014989903723)
(0, -0.05602793318808599)
(0, 0.060628557347421536)
(1, 0.36417638423423365)
(1, 0.6739760932733982)
(0, -0.24301799182677852)
(1, 0.22389204127875195)
(-1, -0.548812047321924)
(-1, -0.6656423104886736)
(1, 0.38817189462660295)
(1, 0.8747425350129596)
(-1, -0.732121381745176)
(1, 0.21434879653783706)
(-1, -0.9708584460568497)
(1, 0.9603560911952329)
(-1, -0.6069436576521551)
(0, 0.29553242688622866)
(-1, -0.7603117358347034)
(1, 0.6188690196905089)
(-1, -0.765082200133274)
(0, -0.07863405606444035)
(0, -0.21766164010942013)
(0, -0.17089166127811425)
(0, 0.13754326066663927)
(-1, -0.6250588273356037)
(1, 0.21692220567950493)
(1, 0.629358125321387)
(0, 0.3387760003578094)
(0, 0.3755582036714555)
(0, -0.10575449203848306)
(-1, -0.49894725463571477)
(0, -0.05900303081326122)
(0, 0.016037636980944348)
(1, 0.7272451718811654)
(0, -0.33292462911455734)
(0, -0.36309003118250616)
(1, 0.2361276262327605)
(1, 0.26774016142859103)
(0, 0.0662239420749896)
(-1, -0.6652415141176801)
(1, 0.554782329299432)
(1, 0.7671139429682917)
(0, 0.030019350929502912)
(-1, -0.4872225245791085)
(1, 0.652974258472277)
(1, 0.7855920736102145)
(1, 0.7645235238455466)
(0, -0.12434051861687434)
(0, 0.0653320371949305)
(-1, -0.04064571715769005)
(1, 0.5843789290470404)
(1, 0.0003188808215607297)
(-1, -0.48622805605177505)
(-1, -0.7786725058459725)
(-1, -0.3850872563521655)
(-1, -0.8795280426520677)
(-1, -0.004908008888903359)
(-1, -0.4137018544495307)
(0, 0.05048601058036785)
(0, 0.4292582503709977)
(0, -0.2528631468606851)
(0, -0.21304458580604002)
(1, 0.16262358194191512)
(0, 0.20366995864154136)
(0, 0.12419526217914073)
(1, 0.9532260726585211)
(-1, -0.4438803571057328)
(1, 0.6493846406202881)
(1, 0.8489705443613841)
(-1, -0.6705407610176264)
(-1, -0.6984036131906449)
(0, -0.0908978862801959)
(0, -0.06903206690731666)
(0, 0.02540917092269518)
(0, -0.08411794998351083)
(-1, -0.8659302168530219)
(-1, -0.42557600060187506)
(0, 0.022950862819998127)
(-1, -0.09003980295656722)
(0, -0.21363819962149508)
(0, 0.20800947186995378)
(0, -0.18590789548483377)
(1, 0.8226012983311003)
(0, -0.06765460210613114)
(-1, -0.45737788761251563)
(-1, -0.5477156244735256)
(1, 0.7187608519509507)
(1, 0.5928445594939147)
(-1, -0.6936891961700379)
(0, 0.24823543477486104)
(0, 0.0003217511214125973)
(0, 0.09355281795444167)
(1, 0.7862605636413228)
(0, -0.36802314658912055)
(-1, -0.2791542408522942)
(0, 0.22802375274686268)
(0, 0.09918407380636611)
(0, 0.026071173946830756)
(0, -0.05429602014811119)
(-1, -0.46651841844188996)
(1, 0.01412234236699167)
(1, 0.607952627732147)
(1, 0.6496590723880705)
(1, 0.5897918477612693)
(0, -0.003355980001395781)
(0, -0.17887640198794388)
(-1, -0.6036976927278143)
(1, 0.29216905315152225)
(1, 0.6493846406202881)
(1, 0.003333642983156415)
(0, -0.0038693837237678726)
