(1, 0.9619560522123873)
(1, 0.8773706271342097)
(1, 0.7557044973895776)
(0, -0.35105594584331135)
(1, 0.30786125557716354)
(0, -0.13218090406528618)
(1, 0.6793357581754814)
(0, -0.08885352123239904)
(-1, -0.2696266756669327)
(1, 0.41218570609955707)
(1, 0.49445634019928886)
(-1, -0.7893195374926469)
(0, -0.2149060808197817)
(-1, -0.7275559941808445)
(-1, -0.5816201118473013)
(0, -0.024100530566715708)
(0, -0.358898218037457)
(1, 0.40521626375827957)
(1, 0.9980180027889021)
(0, 0.15130654196569887)
(1, 0.3975668195178297)
(0, 0.03637330803437611)
(1, 0.897792069345939)
(1, 0.4042629683045806)
(1, 0.27364822518539295)
(-1, -0.39572197625689154)
(0, -0.25054819839812853)
(-1, -0.030991548166297178)
(0, 0.3776390313308143)
(0, 0.02701062125849891)
(1, 0.20722427714585942)
(1, 0.7499931597162097)
(-1, -0.19559778462621186)
(1, 0.9778250847569163)
(1, 0.38439166229282523)
(-1, -0.7726647545659571)
(1, 0.9528987780165604)
(1, 0.6602881903837046)
(-1, -0.19758666514116713)
(1, 0.963919786279796)
(0, -0.004925744081156508)
