(1, 0.4420648485148726)
(0, 0.09128830987488817)
(0, 0.02273978754217404)
(-1, -0.9356835877142496)
(0, -0.21271102052859633)
(1, 0.9142081136577354)
(-1, -0.6617659927264052)
(0, -0.2346588714858372)
(-1, -0.6874383046322257)
(1, 0.2205789583175199)
(1, 0.47964308477223233)
(-1, -0.8927978843527491)
(1, 0.552666609680876)
(0, -0.3164197550516178)
(-1, -0.541576042167128)
(-1, -0.7270360006323661)
(-1, -0.8124570288669286)
(-1, -0.7824729292827941)
(1, 0.6541268699747628)
(0, 0.3112136114742039)
