(1, 0.64425706676689)
(1, 0.40596490150779857)
(1, 0.5180315829971932)
(0, 0.48679436575167523)
(1, 0.7567766135148245)
(1, 0.5967311668235151)
(1, 0.8959853411567967)
(1, 0.35082525628757555)
(0, 0.05303573668558109)
(1, 0.5166418542301581)
(0, 0.015885028235847434)
(1, 0.4859735432988193)
(1, 0.34846699812211)
(1, 0.4642654414965949)
(0, 0.20450728018572378)
(0, 0.06561734856521292)
(0, 0.17751984227720966)
(0, 0.0663037985017281)
(1, 0.08756351367180037)
(1, 0.8177047000891045)
(-1, -0.49751645914246445)
(0, -0.0441138101526075)
(-1, -0.6553582715697626)
(1, 0.0005639622533644695)
(1, 0.550233682772906)
(1, 0.940643731895835)
(0, -0.09675914498008037)
(0, 0.23316301074669532)
(1, 0.9538090560071322)
(0, -0.10066726278503955)
(0, -0.1414064266328593)
(-1, -0.42207500015687915)
(1, 0.8288425728453617)
(0, 0.17206233745903743)
(0, 0.011820009217342387)
(0, -1.876104872386846e-05)
