(0, 0.0996991191464581)
(1, 0.20141614633779642)
(-1, -0.4541049714704095)
(0, 0.008571007799417982)
(0, -0.05973811132883683)
(0, -0.030132976260640862)
(-1, -0.2519031681606753)
(-1, -0.17582668137787444)
(0, 0.22610245827156172)
(-1, -0.4154874587774396)
(-1, -0.45061623110872573)
(-1, -0.4858803177636626)
(0, -0.11970784466645992)
(0, 0.12217517411204835)
(0, 0.05669483906256073)
(1, 0.2994082707962289)
(-1, -0.2608097434475459)
(0, 0.01507614503933491)
(0, 0.3367977773490271)
(0, -0.03341001426751612)
(0, 0.4783270844934461)
(0, -0.067461224266692)
(0, -0.2603433273228186)
(0, 0.031087719592961298)
(0, -0.13824116846829235)
(1, 0.3331573013286753)
(-1, -0.9761664142066862)
(0, 0.054701023760165335)
(0, -0.14930803915532936)
(0, -0.008697066815442328)
(0, 0.2640421187864401)
(0, 0.08818120519520989)
(0, 0.036604846926644743)
(0, 0.07217376609696025)
(0, -0.009021915805504772)
(0, 0.00119605173756316)
(1, 0.8684323358724947)
(-1, -0.10596251965782844)
(-1, -0.4921320218691193)
(0, -0.31643474298437596)
(-1, -0.20880232750599348)
(0, 0.3012891663569015)
(1, 0.6285886071676183)
(-1, -0.7588967893246779)
(1, 0.9707827976568026)
(0, -0.046049883788774525)
(-1, -0.5045365158110189)
(1, 0.36937703403279176)
(-1, -0.8220785658588634)
(-1, -0.3248349343269735)
(1, 0.24858352035234907)
(-1, -0.674503659591757)
(0, 0.0769239150052865)
(-1, -0.43412643358201397)
(0, -0.09111705675262202)
