(0, -0.06153110125588973)
(1, 0.3590485566932159)
(0, 0.05922831437466289)
(0, 0.026069268009628447)
(-1, -0.26603984971868755)
(0, 0.05073937199428563)
(0, 0.18441619475122617)
(-1, -0.7365916213897163)
(1, 0.46965406412636135)
(-1, -0.05158245202395573)
(0, -0.07842570037175359)
(1, 0.061819452052421064)
(1, 0.6877136256667873)
(0, -0.00809672885297738)
(0, 0.1568807693113476)
(0, 0.0760447418964387)
(0, -0.19104673840808778)
(1, 0.36295714721183553)
(-1, -0.06634739875744966)
(1, 0.7461272140122881)
(1, 0.06275682065161331)
(1, 0.6294215775297803)
(0, 0.04077155611876357)
(-1, -0.4941893351672665)
(0, -0.3320004411990976)
(-1, -0.7974507768713073)
(0, -0.19638972302961955)
(0, -0.032054109160573246)
(1, 0.47282745507723967)
(1, 0.4593542143630581)
(-1, -0.9160919068615428)
(-1, -0.6009954772694235)
(-1, -0.7247722785288182)
(0, -0.06765460210613114)
(0, -0.0409705257105927)
(0, 0.06706233076481666)
(0, -0.06998057527459137)
(-1, -0.5956603190467875)
(0, 0.0683656682654541)
(1, 0.5990370825586048)
(-1, -0.8738985783050943)
(1, 0.4187738218549448)
(1, 0.5462372133722144)
(0, 0.21257282791172377)
(0, 0.2301378373928084)
(-1, -0.7505219838322418)
(0, -0.1045059089077995)
(0, -0.2811117331136677)
(1, 0.5834437966692461)
(1, 0.9167542605494818)
(-1, -0.7179907878710212)
(1, 0.43795501578736745)
(-1, -0.3924981651546831)
(-1, -0.3335788010532216)
(0, 0.28526920559486335)
(0, -0.03412380089997488)
(1, 0.4350851532399867)
(0, -0.01918587192587075)
(0, 0.03789062809876692)
(0, 0.012537390340015109)
(0, 0.22359446604961197)
(1, 0.5051960601746958)
(1, 0.9988750944019489)
(1, 0.5915407035936502)
(1, 0.9887802762744006)
(0, 0.29541423940811407)
(-1, -0.3527765694539917)
(0, -0.01746627411644175)
(-1, -0.6468168391584932)
(-1, -0.4009712356684674)
(0, -0.3306287096918971)
(-1, -0.5019702513809227)
(-1, -0.8512076512628672)
(-1, -0.4258127453655056)
(-1, -0.6873233630963994)
(0, -0.061131886828613646)
(-1, -0.6917574626197991)
(0, -0.10395979871718503)
(0, -0.06448237599503794)
(1, 0.6293378388799659)
(1, 0.7545620247351216)
(1, 0.15285527082293274)
(-1, -0.20258919770334383)
(1, 0.4597574451275346)
(0, 0.07137912039746638)
(0, -0.11497766551386371)
(-1, -0.5926136271837625)
(1, 0.9446612900593571)
(-1, -0.9302935807383402)
(0, 0.031762473650225616)
(0, 0.039305970719772404)
(-1, -0.9611408714895839)
(-1, -0.9945183387755633)
(0, -0.11556362753725474)
(0, -0.1167435170226484)
(0, 0.07325518325453663)
(0, -0.32595369953267667)
(-1, -0.3400588145856469)
(0, -0.0008777481958715944)
(-1, -0.25529374458458665)
(-1, -0.9989325506695608)
(0, 0.46013500313688205)
(1, 0.92753067007376)
(0, 0.13844877191752186)
(0, -0.05254114603650199)
(1, 0.2643031491535298)
(-1, -0.8971041256219926)
(-1, -0.998828524771943)
(-1, -0.4180670870569367)
(1, 0.09401282269162453)
(-1, -0.23228660350659847)
(1, 0.39095313658873754)
(0, 0.07998696285299979)
(-1, -0.1483003733822067)
(-1, -0.6483516290778554)
(1, 0.599005907495419)
(1, 0.19775098053033857)
(1, 0.3558917146819883)
(1, 0.2666379921010117)
(0, 0.09373154250342562)
(-1, -0.3597487331216286)
(0, -0.0001050624425908489)
(0, -0.011887685274675264)
(0, -0.02026471094199722)
(0, -0.04993190028010497)
(0, 0.08519554096504481)
(0, -0.09322862277305294)
(-1, -0.34164859295920463)
(-1, -0.8334812588322537)
(1, 0.02385126121545783)
(0, -0.02677235879829075)
(-1, -0.4324148948129723)
(-1, -0.5135166903304998)
(1, 0.7867169313980618)
(-1, -0.5493649153395508)
(0, -0.10510358386388308)
(-1, -0.2331587016270218)
(-1, -0.3407186047247759)
(0, 0.07109110196999338)
(-1, -0.03414069887737314)
(-1, -0.5187402357237785)
(-1, -0.2893643453989036)
(1, 0.9918676868170817)
(0, 0.06419194835817821)
(0, 0.17211660373046922)
(1, 0.36300033532290543)
(1, 0.9288194301623847)
(-1, -0.2432851625147484)
(1, 0.7888476593021387)
(-1, -0.7955629155936251)
(-1, -0.9229975688373543)
(1, 0.6121537562934152)
(1, 0.9991861763626342)
(1, 0.17444996122177214)
(1, 0.2069014443789977)
(0, -0.07839797282058225)
(1, 0.1881234457343537)
(-1, -0.8808441644655819)
(0, -0.019356006233190587)
(1, 0.8167751849535421)
(0, -0.17979257718807012)
(1, 0.9923758216967521)
(1, 0.415036469386992)
(-1, -0.4916704863224453)
(-1, -0.7599836847063609)
(-1, -0.12429363480514705)
(0, 0.08761279321903637)
(0, 0.13632298505127938)
(1, 0.7862211464043765)
(0, -0.23934138141958078)
(1, 0.4759912777803511)
(0, 0.034793945272641125)
(1, 0.550841539826909)
(0, 0.08319673448575592)
(0, 0.07345687966096315)
(1, 0.404831582631341)
(1, 0.4783324802757267)
(0, 0.018449278887624737)
(1, 0.96176677300331)
(1, 0.9131492886355146)
(1, 0.31014819772981417)
(-1, -0.9142499611659445)
(1, 0.5957754474185136)
(1, 0.4102957479295185)
(0, 0.09440353736019774)
(-1, -0.8120507011980335)
(-1, -0.09818965295918813)
(1, 0.29075178904446103)
(0, -0.14218662745838628)
(-1, -0.22663491162495533)
(-1, -0.45647175715972327)
(-1, -0.24807794398400554)
(0, 0.009500687407188874)
(-1, -0.9275658996400996)
(0, -0.256853924596718)
(-1, -0.9591109231031606)
(0, -0.015877174054985593)
(-1, -0.389591561279174)
(0, 0.00037985867667683637)
(1, 0.10747271487381421)
(0, -0.07964530514446795)
(1, 0.10328321307016819)
(-1, -0.14423150215442943)
(0, 0.16940039787613645)
(0, 0.002124233900920258)
(-1, -0.9413858851795761)
(0, 0.05596314771649337)
(0, -0.06718644412101438)
(-1, -0.7959663399258985)
(-1, -0.6487520564236063)
(-1, -0.6367628398311836)
(0, -0.23488383542754504)
(-1, -0.6607747504829852)
(0, 0.213314400165221)
(-1, -0.20540948930818795)
(0, 0.039441790931685955)
(0, 0.09770130604225358)
(-1, -0.7502225613161877)
(-1, -0.7024086525046016)
(-1, -0.5748485755706703)
(0, 0.013059383131888716)
(-1, -0.5298531686136652)
(1, 0.7643608694429711)
(-1, -0.5401587101133638)
(-1, -0.0545533622404793)
(0, -0.055995275631544356)
(1, 0.8935396008770287)
(1, 0.8675326838827777)
(0, -0.18620417930716074)
(1, 0.544849586096141)
(-1, -0.9666994379011669)
(0, -0.22153585331193892)
(0, -0.06765460210613114)
(-1, -0.5748262831663713)
(0, 0.06775470189027272)
(-1, -0.28152705291737035)
(0, 0.07045042683653759)
(1, 0.8283259273059539)
(-1, -0.88113876767859)
(0, -0.06765460210613114)
(0, -0.0770693232198068)
(1, 0.08750946483446709)
(1, 0.3546990725580247)
(-1, -0.036745262413660607)
(0, -0.22200659886247787)
(-1, -0.8826686867767967)
(-1, -0.773998123794016)
(0, -0.347167838086151)
(0, 0.010532788462861264)
(-1, -0.8498925621639946)
(0, 0.13404011817156442)
(1, 0.9642091924056255)
(0, -0.08809069156757769)
(0, -0.03915792202833676)
(-1, -0.8639819473569952)
(1, 0.8257289695870327)
(0, -0.17765724339506356)
(-1, -0.01594795900856316)
(0, -0.35062321795241863)
(0, -0.05031151400435252)
(0, 0.10052411224949029)
(-1, -0.0914502548124354)
(0, 0.012109035584407568)
(-1, -0.3276989837041175)
(0, 0.1582958119630394)
(1, 0.7395369563642036)
(1, 0.34018489625707615)
(0, 0.014282893846386646)
(0, -0.08909603214039238)
(0, -0.16501913087983336)
(-1, -0.31910182635925455)
(0, -0.11363952454778575)
(1, 0.3054901686513797)
(1, 0.7054851322270337)
(1, 0.7071912529814389)
(1, 0.3874258502991352)
(-1, -0.36756064952065315)
(1, 0.31731821420561845)
(0, -0.2031731597564428)
(1, 0.4785551733353662)
(-1, -0.9136051767639939)
(0, 0.002514323045544248)
(0, -0.4486227383387863)
(1, 0.4063736078746315)
(-1, -0.6327838272181405)
(0, -0.08946064993630554)
(0, -0.27993390332285073)
(0, -0.26537992627493123)
(0, -0.12323160913090342)
(0, -0.14882236517145042)
(0, -0.06765460210613114)
(0, 0.027988703981190632)
(0, -0.0017511296113112626)
(1, 0.7912777698005191)
(1, 0.9159664517469098)
(-1, -0.47994720738433505)
(-1, -0.7529677929138808)
(0, 0.4020590698330829)
(0, 0.037568681216412825)
(1, 0.8003466641419436)
(1, 0.6634786608739368)
(-1, -0.20279519573179505)
(0, -0.23900059077068153)
(0, 0.22781419694495214)
(1, 0.1304116257802908)
(1, 0.9243011394533998)
(0, 0.00825709218371215)
(-1, -0.3961645788805866)
(-1, -0.5308547960412258)
(0, -0.27054563801839177)
(0, 0.020092689857812276)
(0, 0.04428791418746082)
(0, 0.13827495597721184)
(0, -0.2705752300075597)
(1, 0.17214568641597255)
(-1, -0.3553609829197311)
(0, 0.01949709988185172)
(1, 0.9888945828755322)
(-1, -0.4614464565537588)
(1, 0.996269741468025)
(1, 0.2719635219432259)
(0, 0.11034528947535857)
(0, 0.32470320468925434)
(-1, -0.062765845853123)
(-1, -0.42155790252606784)
(1, 0.6619414703912759)
(1, 0.15158076234811457)
(-1, -0.23150968859904392)
(0, -0.25936474485766037)
(1, 0.9384545089182801)
(0, 0.09586200569018391)
(0, -0.030054116735448687)
(0, 0.023254423997792567)
(1, 0.7555557885170622)
(0, 0.184469426487353)
(0, 0.005698669125354633)
(-1, -0.5847062395249101)
(0, 0.208515944389492)
(1, 0.30655197604541556)
(1, 0.5765778760860927)
(1, 0.995324485053056)
(0, -0.27537859082283106)
(0, 0.10019361513800193)
(1, 0.4637407767057943)
(1, 0.5490278083091759)
(1, 0.16419591285757507)
(0, -0.005300632487614143)
(1, 0.7874559583118932)
(1, 0.8869612482344249)
(1, 0.01784434467776741)
(1, 0.5544483096832646)
(0, -0.08355442389578475)
(0, 0.02924471078104454)
(1, 0.3601011244621679)
(1, 0.1610726270474094)
(-1, -0.7457898906240662)
(0, -0.19309931164325878)
(0, 0.016825859398086118)
(-1, -0.13579674985464657)
(1, 0.2459288400058533)
(0, 0.07621752431814757)
(0, -0.08392082718087124)
(0, 0.3020014663747336)
(-1, -0.2414671974266629)
(0, -0.11607103720863898)
(0, 0.014716255210876328)
(0, -0.26053902648506294)
(1, 0.6452443377720758)
(0, 0.2397141340770078)
(0, -0.21176583322340986)
(0, 0.20498018556078965)
(0, -0.3287153705836563)
(-1, -0.3969817083646421)
(1, 0.9994925969979401)
(-1, -0.06184938792051564)
(0, 0.0715017238274218)
(0, -0.07893646561996359)
(1, 0.8554668522779221)
(1, 0.6335691393968994)
(-1, -0.8349647908579846)
(-1, -0.6421199654112496)
(0, -0.11354663182048563)
(0, -0.09434788354704621)
(1, 0.8860243985389215)
(0, 0.0002701469912360921)
(0, -0.20060168311382084)
(-1, -0.8001598687544248)
(0, -0.3881856331545658)
(0, -0.1959326880314746)
(0, -0.1924956892037521)
(0, -0.3947917080211512)
(0, -0.37292350109362193)
(0, 0.11472424931245409)
(0, -0.23163405775111118)
(0, -0.08065178606303992)
(-1, -0.44166870805540487)
(0, -0.1977045002236859)
(1, 0.5365924493904282)
(0, -0.06765460210613114)
(-1, -0.40349389742738373)
(-1, -0.5761738973268986)
(-1, -0.7153977063682019)
(-1, -0.7635582823856998)
(1, 0.9988615464086418)
(-1, -0.9542997943693179)
(0, -0.0945178737892401)
(1, 0.704907497253389)
(0, -0.13192007900478944)
(1, 0.7949728554211626)
(1, 0.636220858713)
(1, 0.9115890685062358)
(0, -0.23620444015125736)
(1, 0.4528076623299996)
(-1, -0.4404643610542148)
(-1, -0.8753603623348983)
(1, 0.013262387198443915)
(0, -0.259589725901335)
(1, 0.2875487388425169)
(0, -0.4363432652869643)
(0, -0.18109746226410703)
(0, -0.34654343275600386)
(0, -0.10582405268531267)
(-1, -0.526443176802089)
(-1, -0.8837403009544633)
(-1, -0.43984357262661156)
(1, 0.7195551796552307)
(-1, -0.9177789532115354)
(0, 0.10652251810142924)
(0, 0.2965256082031089)
(-1, -0.27831585203999665)
(0, 0.15105573090810076)
(-1, -0.5585423238354792)
(0, -0.4174270942788631)
(-1, -0.9020364904225714)
(-1, -0.8755007649698914)
(-1, -0.9211269883425025)
(-1, -0.6105344071154885)
(-1, -0.8042288037772585)
(-1, -0.5496067200936298)
(-1, -0.5574599688569802)
(0, -0.0295342076776427)
(1, 0.6637172563742756)
(1, 0.9120208338167508)
(1, 0.8373647539423663)
(0, 0.012312142564669282)
(0, 0.11037012972430013)
(0, -0.22384094131966142)
(1, 0.7037651429490963)
(0, 0.036307419040758085)
(0, -0.21340600550091027)
(1, 0.4908042929490287)
(0, -0.00859183148979166)
(0, 0.005401030141201718)
