(-1, -0.3415297293471495)
(-1, -0.4690322695888674)
(1, 0.9464109380891036)
(-1, -0.6680504275086672)
(-1, -0.39043662954533803)
(-1, -0.9902672386202932)
(1, 0.8943284893554162)
(-1, -0.3012835375912689)
(0, 0.04671219034538449)
(0, 0.22273149520043692)
(1, 0.5276621154468749)
(0, -0.31367338284354884)
(0, 0.07527759620616456)
(0, -0.024053641900546596)
(1, 0.9940084550724303)
(1, 0.6957351916198693)
(0, 0.0210522677465962)
(0, 0.15809567800409075)
(1, 0.9817229649167414)
(0, 0.3073822916558863)
(1, 0.9841794171553464)
(1, 0.8296007557892933)
(1, 0.9199756412089395)
(0, 0.0036294335830314565)
(-1, -0.19905844526764505)
(0, -0.4519922180558669)
(0, -0.2757381274062203)
(1, 0.05164539811170099)
(0, -0.3532485489149085)
(1, 0.708795720095205)
(1, 0.7716362784971923)
(0, 0.1380366270123557)
(1, 0.43673088381841824)
(1, 0.2992025953594905)
(1, 0.8453084230592769)
(1, 0.9426568822704178)
(0, -0.04804722073229486)
(0, 0.2597372963133204)
(0, -0.03864560255646876)
(0, -0.019091136933743758)
(-1, -0.5547215067756245)
(-1, -0.4289098968150771)
