(1, 0.5070351213223824)
(-1, -0.16909114548049886)
(-1, -0.7012591544359972)
(-1, -0.845857316060658)
(1, 0.5157305247749812)
(1, 0.7723302973020694)
(1, 0.21181568616439844)
(-1, -0.5676006486060949)
(-1, -0.6347480563115371)
(0, 0.026297917300105306)
(1, 0.8805821318632152)
(1, 0.41997285159453956)
(-1, -0.8148073637492352)
(0, -0.11692364363980666)
(-1, -0.653499332983961)
(-1, -0.2735454443555858)
(-1, -0.7584628940921816)
(-1, -0.7912728650798868)
(-1, -0.6187677005280011)
(-1, -0.7289654582741273)
(1, 0.3973346099150087)
(0, -0.0032998076892039804)
(1, 0.2868711095603364)
(0, -0.1650488886609465)
(0, -0.028011083411063453)
(1, 0.7512840126660959)
(0, 0.021156673269412826)
(1, 0.4023859017829787)
(-1, -0.35331854228308324)
(-1, -0.8671486848065407)
(0, -0.18624210506546524)
(-1, -0.7403253341406156)
(-1, -0.11196519679482769)
(0, -0.10536316464330686)
(0, -0.16892779351527326)
(0, 0.04811667810476908)
(1, 0.40707394536141583)
(0, -0.39639796078361117)
(0, 0.04434474993776478)
(1, 0.6211681060147566)
(0, -0.01866312672789086)
(1, 0.6814197087529368)
(1, 0.39175261776890224)
(0, -0.006226648997996666)
(0, 0.08472441590381732)
(0, 0.04282805664013696)
(0, -0.036628849928298776)
(0, 0.009517459553495977)
(1, 0.5659547362037467)
(1, 0.5491527572960251)
(0, 0.12379014465287821)
(1, 0.5443527875855801)
(-1, -0.5933742258719719)
(0, -0.1975823495301993)
(1, 0.7434584427181715)
(0, 0.0920941749722832)
(0, 0.187095046742039)
(0, 0.2742788293529954)
(0, 0.08547026448156127)
(1, 0.9050774048080741)
(-1, -0.7506021498654047)
(-1, -0.3357514748909042)
(1, 0.8326134586822321)
(-1, -0.130696961010143)
(-1, -0.6929019706340996)
(-1, -0.2697871165889411)
(-1, -0.6385925755929679)
(-1, -0.9398073829733642)
(1, 0.34404385845069585)
(-1, -0.5057347567905841)
(-1, -0.6716012577417201)
(-1, -0.6331760241795861)
(1, 0.7311074142728402)
(-1, -0.5706063820444964)
(1, 0.27853011280681295)
(0, 0.003888395123935101)
(0, 0.07851136627546498)
(0, 0.07240891051797374)
(0, -0.18252572850835191)
(-1, -0.7651310635592926)
(0, -0.19720342631139637)
(0, 0.28300782526174034)
(0, 0.1374922342298945)
(1, 0.9006908025988815)
(1, 0.45958217251689004)
(0, 0.06168907116571913)
(1, 0.3214722056409282)
(1, 0.7029040571821218)
(1, 0.7168304218990607)
(0, -0.10479994725232605)
(0, 0.3349016065908966)
(0, -0.11217028109064217)
(1, 0.8077188364934503)
(0, -0.013828383570352931)
(0, -0.28543201243410266)
(1, 0.6358127265704483)
(-1, -0.909895296301251)
(-1, -0.4715810868867303)
(-1, -0.957173198061855)
(1, 0.8517285883222996)
(0, -0.22924798301612653)
(0, -0.007895576150446434)
