(-1, -0.3352924394121874)
(-1, -0.387002210644841)
(-1, -0.9920816544931744)
(1, 0.7011714571107353)
(0, 0.45830992026438655)
(0, -0.03484970058154632)
(-1, -0.6406980242533451)
(1, 0.8400723434049954)
(1, 0.40861083973098244)
(1, 0.6458080750812052)
(1, 0.113146596061801)
(1, 0.555551954693532)
(-1, -0.7198008614389876)
(-1, -0.6634921600757673)
(-1, -0.22312371990896868)
(1, 0.5210540057167007)
(1, 0.8810050557381944)
(1, 0.5874639702414555)
(1, 0.6731117174847304)
(1, 0.95566143534449)
(1, 0.8628835789433776)
(0, -0.029954600530360642)
(0, -0.04812777200300182)
(1, 0.36983023001796855)
(-1, -0.13590933645209458)
(0, 0.2539462484038518)
(1, 0.3808916499128415)
(1, 0.5236992063169861)
(0, 0.002867754455480348)
(1, 0.6235789212731475)
(1, 0.5775618642057161)
(0, 0.0024645424712730745)
(0, 0.032621787034047195)
(0, -0.0011008479133140852)
(1, 0.043057537564309134)
(1, 0.3261145755014933)
(1, 0.613082354899379)
(0, 0.05955723030849487)
