(0, -0.029109204092478982)
(-1, -0.4198885597607635)
(0, 0.01983830913884845)
(0, 0.0428673120332517)
(0, 0.030769688028186318)
(0, 0.20982891496952696)
(0, 0.07230845395122704)
(0, -0.15552094224643928)
(0, -0.186815571924455)
(0, 0.011191738061683498)
(1, 0.4762102403298285)
(0, -0.22875427923830244)
(-1, -0.9090810484513584)
(0, 0.21157605800154064)
(1, 0.6580251660394537)
(1, 0.8987120431947818)
(1, 0.9585125293158122)
(1, 0.439663604817523)
(0, 0.12118250884164627)
(1, 0.6900358600274151)
(1, 0.801158859176154)
(1, 0.9700457008618519)
(0, 0.4283015555211177)
(-1, -0.17593893629918717)
(0, 0.21478067452694527)
(0, 0.03175590508111115)
(0, 0.00525304743595232)
(0, -0.05490352639880136)
(-1, -0.5607062234750432)
