(0, -0.014703062886613369)
(0, -0.03497406400313961)
(1, 0.7155161427989819)
(1, 0.5096101311132958)
(0, -0.014946193475277252)
(1, 0.2992022254086514)
(1, 0.9032678308205173)
(1, 0.8240387117737022)
(1, 0.8197379238199436)
(1, 0.6771639143120113)
(0, 0.021596051963127083)
(0, 0.11641420701820593)
(1, 0.7426360171825761)
(1, 0.46996754754479547)
(-1, -0.10335326081636836)
(1, 0.9073049273136915)
(1, 0.9819850254790626)
(1, 0.9750915731399432)
(-1, -0.6419186932240343)
(1, 0.15760844450314354)
(0, 0.07391612450168294)
(0, 0.18067551449421632)
(0, 0.13207254139401964)
(1, 0.5483336975410877)
(1, 0.9540873322907522)
(0, -0.029844701744081777)
(0, 0.061788521500082835)
(0, -0.056300872327529866)
(1, 0.7916309390476817)
(1, 0.9302897217677848)
(0, -0.013432740939778398)
(1, 0.5254629078007912)
(0, 0.011333194581035738)
(0, 0.1662017529080995)
(0, 0.0758952532717255)
(0, 0.038075781710236206)
(0, 0.02848725384898054)
(0, -6.278176734853674e-05)
(1, 0.17405606143452962)
(0, -0.19517036326629147)
(0, -0.011764459047573735)
(0, -0.21855348181214818)
(0, -0.01092544998376438)
(0, -0.05642513357338963)
(0, -0.22301810450667026)
(0, 0.004634614600250188)
(0, -0.01655461140306891)
