(1, 0.1429916312811858)
(0, -0.15019974463567304)
(0, 0.30482757542947303)
(-1, -0.2798331295154223)
(0, -0.1370439672942577)
(1, 0.9708566639086378)
(0, -0.05982203155591506)
(0, -0.276182020704583)
(1, 0.797414503827775)
(1, 0.01234220808406683)
(0, -0.2862692737508209)
(1, 0.6366938594889009)
(-1, -0.15549155577333332)
(1, 0.9193246239335573)
(-1, -0.8474940820544548)
(-1, -0.37115252933287807)
(-1, -0.8667916681453262)
(-1, -0.11709854822476862)
(0, 0.20533341632058844)
(0, 0.05902657257805602)
(-1, -0.6047432883748792)
(-1, -0.9758242944235516)
(1, 0.5728317783390622)
(0, 0.13463462536224763)
(1, 0.7016479502261642)
(-1, -0.6035128561888445)
(-1, -0.898917525380881)
(0, 0.2642157954703749)
(-1, -0.3228177035167391)
(-1, -0.6762818062333441)
(-1, -0.28424100004548153)
(0, -0.005296257562707407)
(0, -0.13453620697621727)
(1, 0.8241268468204679)
(-1, -0.43160389165147056)
(1, 0.14904852900251403)
(0, -0.23432279839579478)
(1, 0.42592028469981086)
(-1, -0.9204663963581624)
(0, 0.14842063901833286)
(0, 0.0014425493141073664)
(-1, -0.7883585694866029)
(-1, -0.7393262094208162)
(0, 0.058543191995420435)
(0, 0.03856344057065694)
(-1, -0.8154182432254076)
(0, -0.04984373488700952)
(0, 0.015595872468283034)
(0, -0.24395089896258257)
(0, 0.07719378028857757)
(1, 0.43284640059692653)
(0, -0.21068708858889057)
(0, 4.9982784795843394e-05)
(0, 0.008027248515955376)
(0, 0.002926144598480826)
(-1, -0.18073289822791794)
(0, -0.21544767123640202)
(-1, -0.818856375030385)
(0, 0.010135820504599297)
(-1, -0.7609882775839752)
(-1, -0.5587707935823776)
(0, -0.09458862917148664)
(-1, -0.9902680027628942)
(-1, -0.12036583454819694)
(1, 0.4994537099476889)
(0, 0.28959066627386976)
(1, 0.42550778925972443)
(-1, -0.4215341306073027)
(-1, -0.6745465464928233)
(-1, -0.34880305265751865)
(-1, -0.10429258790186707)
(-1, -0.675050794730723)
(0, -0.29268676518062214)
(0, -0.09701794873271083)
(0, 0.26390146832505945)
(0, 0.015454534706863938)
(0, -0.2303718249408176)
(-1, -0.832622907466585)
(0, 0.07434445984684858)
(0, 0.025649839383456115)
(0, 0.09060227716628516)
(1, 0.2808267504338313)
(-1, -0.40088333621092126)
(1, 0.8724804768648325)
(0, -0.09441060180931896)
(1, 0.7361770576180745)
(1, 0.6681460392274549)
(-1, -0.07043807921276696)
(0, -0.042616357834154905)
(0, 0.197613044530058)
(0, -0.15092243061666927)
(0, -0.24688739172277888)
(1, 0.26199461297131355)
(-1, -0.6163225381421428)
(0, -0.00031057132368075835)
(0, -0.024053641900546596)
(-1, -0.3250126090780636)
(1, 0.4582500118142361)
(0, 0.035200234196173984)
(1, 0.6531832801983112)
(0, 0.15550250770031754)
(0, 0.046102497534468684)
(0, 0.13752085792256002)
