(-1, -0.7293699245322449)
(-1, -0.7066337641792081)
(1, 0.9934757692190589)
(-1, -0.6802949879687472)
(-1, -0.7545677848634926)
(0, -0.16874844952625614)
(-1, -0.8719308066469131)
(0, -0.2211744747973659)
(1, 0.8318017898772228)
(0, -0.039863592752819796)
(1, 0.6677616142256029)
(0, 0.023653876976348576)
(0, -0.11668300879446454)
(0, 0.01871610679496608)
(1, 0.4503040730475166)
(1, 0.4255779498191204)
(0, -0.170760182260771)
(1, 0.7773476070651114)
(0, 0.44226500788855705)
(0, -0.05827010956954895)
(1, 0.11719649200391585)
(0, -3.211801387460744e-05)
(0, 0.02214258052397282)
(-1, -0.2835946411743587)
(1, 0.8933291016670061)
(-1, -0.8161787213647463)
(0, -3.6068951869105964e-05)
