(0, -0.11830475438537419)
(-1, -0.9650429624638154)
(-1, -0.8445121692601831)
(-1, -0.8662203512625541)
(1, 0.8435409933154993)
(-1, -0.5277246014149607)
(0, -0.1498670985540201)
(0, -0.026614734134765006)
(0, 0.04800616461997294)
(0, -0.01478074214967326)
(1, 0.656833657045165)
(0, -0.23176357774185372)
(-1, -0.5317386271415684)
(-1, -0.9033936715493306)
(0, -0.01381452833406268)
(0, -0.25168035565379726)
(0, -0.0018408910145340848)
(0, -0.12392264147748834)
(0, -0.0006884129209387057)
(0, -0.05239861909062918)
(0, 0.03827041355178168)
(0, 0.24856240490312415)
(0, 0.26608078913759925)
(1, 0.6053238904547347)
(0, -0.017239074502889445)
(0, 0.043812664289821085)
(0, 0.06753444344156476)
(1, 0.452517924229792)
(1, 0.7254135172817785)
(0, 0.42408682366908507)
(-1, -0.9436644372769115)
(1, 0.4413790929228194)
(0, -0.011454523709010567)
(0, -0.26618357745774734)
(-1, -0.8760342084924585)
(0, 0.011094629434931086)
(0, -0.1331038036460564)
(-1, -0.9552137566501778)
(0, -0.2593570215238419)
(0, -0.13809200941760902)
(0, -0.030989318167901615)
