(-1, -0.9603104012694822)
(0, 0.026040198429453515)
(1, 0.9689309293612459)
(-1, -0.8966547393368406)
(0, -0.05162023556181014)
(0, -0.031207343064334814)
(1, 0.42369954929177855)
(0, 0.02275691458737334)
(0, 0.006004338121184144)
(1, 0.6940046956986495)
(1, 0.6673291487353176)
(0, 0.2386278883820111)
(0, -0.10011938713265908)
(-1, -0.9129144558324875)
(0, 0.20473428329022772)
(-1, -0.9593369646195665)
(-1, -0.358492638938706)
(-1, -0.9905238078777692)
(-1, -0.9981874753267052)
(1, 0.33616364569016977)
(0, -0.09328418055839144)
(0, -0.04008507311597148)
(-1, -0.9995213375772322)
(0, -0.008299157287096959)
(1, 0.6315105738300368)
(0, 0.11726073365322914)
(0, -0.07223632873998223)
(0, 0.20794816000084512)
(0, 0.01010538557575455)
(1, 0.9051238627033558)
(1, 0.6766007879120656)
(0, -0.04261202102071489)
(0, 0.28129229251174254)
(1, 0.5696339065893263)
(0, 0.036939718756681755)
(1, 0.9273855735422423)
(0, -0.08502878911219461)
(-1, -0.5585446387403836)
(0, -0.0026619938276866255)
(0, -0.0005272830244216695)
(0, -0.07171187278921223)
