(-1, -0.9088796694270548)
(0, 0.1168589864494105)
(-1, -0.616191898475008)
(0, -0.19603678408800637)
(1, 0.7554648892120303)
(0, -0.4274593619622191)
(1, 0.6633615702729581)
(1, 0.9649640730049351)
(0, 0.1990599996328769)
(0, -0.06765460210613114)
(0, -0.11794730481268845)
(-1, -0.31376958152780066)
(-1, -0.006755034445280139)
(0, 0.3891537079068883)
(-1, -0.8979875764673594)
(0, 0.30703458480408197)
(-1, -0.9450180248887358)
(1, 0.3665958759680452)
(0, -0.047366050964561535)
(0, -0.2593859681436218)
(-1, -0.3038936553979388)
(-1, -0.520508269974883)
(1, 0.6243872071143967)
(-1, -0.9602698924319872)
(-1, -0.8700086596806594)
(0, -0.12363662622941057)
(1, 0.9965926150062497)
(0, 0.22098686381108956)
(-1, -0.16571342506981662)
(1, 0.43553332786848487)
(1, 0.28671334165821527)
(1, 0.5501782542196626)
(0, 0.036216062587535056)
(-1, -0.3193109980357166)
(-1, -0.03294605538759093)
(-1, -0.5183221921527323)
(1, 0.9241894852068852)
(-1, -0.7121969573390083)
(1, 0.8175374731871389)
(-1, -0.6361317929637154)
(1, 0.865506207779429)
(-1, -0.9199489945595513)
(0, -0.19245948430252757)
