(1, 0.9807054473407175)
(-1, -0.7676831573678496)
(0, 0.041021728845036076)
(0, 0.12938736612400423)
(0, 0.1610169950424429)
(0, 0.09778845857590517)
(-1, -0.45341489796103496)
(1, 0.9305147642378755)
(1, 0.6646240008168995)
(1, 0.30536298447736)
(-1, -0.9873657748085695)
(1, 0.8582799618043347)
(0, -0.006989403767952096)
(0, 0.19706439681186394)
(-1, -0.9376823193348773)
(-1, -0.6570565203909707)
(-1, -0.592874096837374)
(-1, -0.6608972370690479)
(0, -0.34432077239090203)
(-1, -0.7053876493500514)
(1, 0.3937070495785505)
(0, -0.008655038848395469)
(-1, -0.5922422663127201)
(0, -0.07484362905348135)
(1, 0.45960532619999644)
(0, 0.005421172207606184)
(1, 0.9790446278685656)
(0, 0.27852857825998156)
(0, 0.03706823014443347)
(0, -0.17828870820407366)
(1, 0.010446023896859946)
(0, -0.07547752151702931)
(1, 0.8840368402756281)
(1, 0.3941754490567851)
(1, 0.1504517575595421)
(0, -0.13635239627552315)
(0, -0.33347470175145133)
(0, -0.11199126114271823)
(0, -0.335380471320301)
(-1, -0.46377885419295517)
(1, 0.33895098236759524)
(-1, -0.313182128440251)
(1, 0.6574742617380938)
(-1, -0.7658817435285038)
(-1, -0.7379900448326165)
(-1, -0.6011253155238169)
(-1, -0.7306085393293253)
(0, -0.19399044335533014)
(-1, -0.9617319265154831)
(0, -0.027552473824440718)
