(0, 0.04421132240494076)
(0, 0.269748005331101)
(0, 0.04500563366885335)
(-1, -0.7231120334255908)
(1, 0.4893003947679654)
(0, 0.06109340829015708)
(0, 0.17252890377492833)
(0, -0.21107210704281182)
(-1, -0.30874664739739655)
(0, -0.08231677920516958)
(1, 0.41079178095355534)
(-1, -0.18337113903738567)
(0, -0.0974808005997696)
(1, 0.3511024378650633)
(1, 0.6186017024651217)
(0, -0.23852039294049895)
(0, 0.16217731226964055)
(-1, -0.5989900091070104)
(-1, -0.5737127264684199)
(-1, -0.5421563222244186)
(-1, -0.7424809950555332)
(-1, -0.03639648371527077)
(-1, -0.010051865703963936)
(-1, -0.03300810650964631)
(-1, -0.9065356155528307)
(0, -0.012882868960702787)
(0, 0.0944747271961548)
(1, 0.2784528856364322)
(0, -0.12984172109541348)
(1, 0.45055870042131235)
(0, 0.1440305192976662)
(-1, -0.17523698392650228)
(1, 0.029516028687146978)
(1, 0.08624068050626021)
(0, -0.1511355516614497)
(-1, -0.06887825662359903)
(1, 0.11155301880077384)
(1, 0.5418425737873837)
(0, -0.09350929272731831)
(-1, -0.5539467943115093)
(0, -0.012005612611132532)
(-1, -0.8752442035636827)
(1, 0.10267007431546649)
(0, -0.2809653045851914)
(-1, -0.7508541265783121)
(-1, -0.4863412758674672)
(-1, -0.6253741337688249)
(1, 0.07392110936620111)
(0, -0.032527920367277044)
(-1, -0.8535586469535845)
(1, 0.7792831719628133)
(1, 0.8430045749498382)
(0, -0.296605679734333)
(-1, -0.8657721423147781)
(-1, -0.23173263358962276)
(1, 0.26492595683856257)
(0, 0.3069587954400432)
(-1, -0.6612005493969048)
(-1, -0.6731272451669118)
(1, 0.8228263837261002)
(-1, -0.29451208943122187)
(1, 0.47093548489209913)
(1, 0.5398819154825528)
(1, 0.9791035921548973)
(0, 0.30460944178380694)
(0, -0.0285451730943012)
(1, 0.680372803578706)
(0, 0.20740065556913295)
(0, 0.0639428238711397)
(1, 0.42420007262428683)
(0, -0.09213764347095349)
(-1, -0.3861842473079552)
(0, 0.0599407239041605)
(-1, -0.17776854050783036)
(1, 0.6381817565114021)
(-1, -0.8040816740403782)
(-1, -0.8149515772078267)
(1, 0.8823724662673091)
(1, 0.555964633618954)
(1, 0.44486898390342866)
(1, 0.9419271895984446)
(1, 0.15224114354933654)
(1, 0.042481346011702004)
(0, -0.12023009608645593)
(0, 0.28801028500886394)
(0, 0.005294963321372692)
(1, 0.41605166731419146)
