(1, 0.6918367958205738)
(-1, -0.3848605103520225)
(0, -0.042461855096076695)
(-1, -0.2804603529185263)
(0, -0.0004085782436698132)
(1, 0.7665213105147465)
(-1, -0.5266725152125302)
(1, 0.34418104466929894)
(-1, -0.3062086798686928)
(0, -0.23618192078713973)
(-1, -0.5466615704692969)
(-1, -0.7160616393370428)
(0, 0.17793527787136815)
(-1, -0.21579097915601758)
(0, 0.1220912400553874)
(1, 0.5747877931963213)
(1, 0.5362480169236555)
(1, 0.2152569077933087)
(1, 0.1948984656293034)
(1, 0.19247966039217562)
(1, 0.00675505714364838)
(-1, -0.9256958908349812)
(-1, -0.2595142340969922)
(-1, -0.967819535232035)
(-1, -0.7955235106886749)
(-1, -0.23423224806853388)
(1, 0.2039432129886551)
(0, 0.14869803750606608)
(-1, -0.8032679109180758)
(-1, -0.4977925813877139)
(-1, -0.7486808426789073)
(-1, -0.2545628567820244)
(-1, -0.8688703860375555)
(-1, -0.9859621298369684)
(0, -0.06658767673369029)
(-1, -0.5955179000324409)
(-1, -0.7261239928077603)
(-1, -0.992582697779788)
(-1, -0.12957126966582272)
(1, 0.6153702276237318)
(1, 0.01673965729139404)
(1, 0.8842867209857713)
(-1, -0.5495900790328893)
(-1, -0.7082769437726805)
(-1, -0.6707240493013142)
(-1, -0.022937042293362242)
(1, 0.5371441335867331)
(0, -0.09492314988154513)
(1, 0.5744059528671921)
(0, -0.2345105233768695)
(1, 0.7765405085534288)
(-1, -0.4176536275919622)
(1, 0.29842440160601613)
(-1, -0.9166438159099864)
(-1, -0.347609470718852)
(1, 0.5321048675629421)
(0, -0.2499675756780453)
(-1, -0.8136486727770977)
(0, 0.14966539677202012)
(-1, -0.5473800455294717)
(0, 0.021903666682643985)
(0, -0.07529958183668631)
(-1, -0.8171559048983196)
(-1, -0.3676864515692402)
(-1, -0.9915192995364723)
(1, 0.03617922211291569)
(0, -0.14484368954792415)
(1, 0.8461848103876635)
(1, 0.23168752266150566)
(1, 0.7996526898335622)
(-1, -0.6920730448623174)
(0, 0.03564795897473638)
(1, 0.40167621212349003)
(1, 0.946449293333931)
(1, 0.9555045346789517)
(1, 0.2673673953117423)
(1, 0.925427190944781)
(1, 0.26670979628619496)
(1, 0.32776958465347594)
(1, 0.9277482435821127)
(0, 0.22502654932313346)
(1, 0.5747620267800493)
(0, 0.0918050554943349)
(-1, -0.5023847860955986)
(0, 0.02835958836254776)
(-1, -0.46315975773347834)
(0, -0.06352323498052256)
(-1, -0.6841262586992147)
(0, -0.22936476922030494)
(-1, -0.7060854921697782)
(1, 0.7067710696300273)
(-1, -0.9963123930769952)
(-1, -0.4057203105442194)
(1, 0.0631478402454036)
(0, -0.031241481204841715)
(0, 0.08271433341514992)
(0, -0.09473694152490328)
(1, 0.9552368286987021)
(0, -0.1870031432455559)
(0, -0.03894882962871532)
(0, -0.021817860809493467)
(1, 0.1883331902530201)
(1, 0.9982183741007394)
(-1, -0.3411261430893707)
(1, 0.8815574480553859)
(1, 0.011430968263520969)
(0, 0.09633058181522963)
(-1, -0.7051722671134748)
(0, -0.324481931292477)
(1, 0.31646403678838064)
(1, 0.8318725131975889)
(0, 0.06572893734831073)
(0, -0.002575795664943231)
(-1, -0.026499753414190808)
(1, 0.12361267768601308)
(0, 0.024876287744257944)
(-1, -0.9140642136748066)
(-1, -0.23801761442175412)
(-1, -0.6332192197835593)
(1, 0.050865024127811964)
(0, -0.0012795326938581097)
(1, 0.5098778208727133)
(-1, -0.24278290282746956)
(1, 0.24270154322548693)
(-1, -0.9549957931667907)
(0, -0.060116610701191064)
(1, 0.3864834124024301)
(-1, -0.8650193820077184)
(1, 0.6296144434038745)
(-1, -0.5408028526754127)
