(1, 0.46945793653222284)
(1, 0.7280162766846424)
(0, 0.10948424061137337)
(1, 0.8792708044002763)
(1, 0.8235887683727732)
(-1, -0.6258342622661942)
(0, 0.19910553186570493)
(0, 0.1775791018128175)
(0, 0.005444883039629478)
(0, -0.06390833939381774)
(1, 0.979403878818134)
(0, 0.06765918854360063)
(1, 0.31423762981498854)
(0, -0.14501625825642042)
(0, 0.12860758575821413)
(0, 0.03612728518383871)
(1, 0.5800614459661526)
(0, -0.049984711070828684)
(1, 0.903378724102789)
(1, 0.9654868636554458)
(1, 0.348977198918342)
(1, 0.6101844782356127)
(1, 0.4442331211306387)
(-1, -0.5093204122770727)
(0, 0.009522124800024744)
