(0, 0.0005580761278985158)
(1, 0.8049871244515476)
(1, 0.4502340073693163)
(-1, -0.2635996476009009)
(0, 0.1852958301667264)
(0, 0.3153794275980611)
(1, 0.9133759000742666)
(1, 0.9831031925911582)
(1, 0.522945791411495)
(0, 0.019388957601889092)
(1, 0.9572062497393334)
(0, 0.24665162071254676)
(0, -0.004628284369047692)
(0, 0.2954721989226752)
(1, 0.9729893446708735)
(-1, -0.6110164443227962)
(0, -0.06520722428025755)
(1, 0.17533827694306586)
(0, 0.1028915379078526)
(1, 0.8262532526518266)
(1, 0.5807404216704303)
(0, 0.010554287169374666)
(-1, -0.49599732992863377)
(0, 0.15553232749303605)
(-1, -0.5167540686587183)
(1, 0.5608904834917177)
(0, 0.44698596549309216)
(0, -0.1350407644654521)
(1, 0.7758933414359419)
(1, 0.12185660992226999)
(0, 0.06890253812743441)
(0, -0.03726463701627178)
(0, -0.3288935113205687)
(0, 0.22517973924379653)
(0, -0.003995389166677021)
(1, 0.5401703686596846)
(-1, -0.8357429738801744)
(0, 0.0035839358380420627)
(1, 0.6537778943902719)
(1, 0.7684553234719915)
(0, 0.08352288470281624)
(0, 0.31037437586659455)
(1, 0.7335289030787027)
(1, 0.38406959474705493)
(0, 0.07757939634765457)
(-1, -0.8034007975695241)
(-1, -0.3324557821104013)
(1, 0.9891588809466699)
(1, 0.9669461573504453)
(0, -0.10485973819237743)
(1, 0.43135933027186557)
(0, 0.02533685337348875)
(-1, -0.5354541668421491)
(0, -0.020282779784564497)
(0, 0.02894729903920073)
(0, 0.06265354914623696)
(0, 0.1280280776143622)
(1, 0.6928324969101846)
(0, 0.04671487798687868)
(1, 0.5447593116578893)
(0, -0.1859188340571747)
(0, 0.20175498703636185)
