(-1, -0.7998814180000308)
(-1, -0.43610389245961473)
(0, -0.24675471129283894)
(0, 0.3046041112061883)
(0, -0.029934490611847886)
(1, 0.9879095732421723)
(0, 0.39243948270784895)
(-1, -0.02307982417542509)
(1, 0.9396830986840886)
(-1, -0.3351570772086152)
(-1, -0.5605663201570554)
(0, 0.0055433755192648235)
(-1, -0.7292018954694517)
(1, 0.9776412581278868)
(0, 0.25426961958432137)
(1, 0.49646279196379955)
(1, 0.4923681972150676)
(0, 0.048024666724647974)
(1, 0.7121598122773318)
(0, 0.049328082874299795)
(0, -0.33866072689214227)
(0, 0.19976139789314906)
(-1, -0.8269207278299507)
(1, 0.2963489198778181)
(0, -0.41301441343344686)
(0, -0.23284553695138088)
(-1, -0.8661151344112448)
(0, 0.04431610662743815)
(0, 0.009065608756450398)
(-1, -0.6788403336916958)
(0, 0.3551371963502959)
(0, 0.02410228935233863)
(-1, -0.4859473920113417)
(1, 0.5231308823069474)
(1, 0.15011998952152172)
(1, 0.7559963323369727)
(-1, -0.12910451023575914)
(-1, -0.8928374528518557)
(0, -0.0006872203989511799)
(1, 0.9671017802992024)
(1, 0.9189932350970301)
(0, -0.028106394694134527)
(0, -0.0756570054218681)
(0, 0.00525304743595232)
(0, -0.002352236169911176)
