(1, 0.899297489065507)
(1, 0.8276761075472376)
(-1, -0.9645662334000661)
(0, 0.012427133435123694)
(1, 0.33422050133232584)
(0, -0.41003897807759065)
(1, 0.40617973905253535)
(1, 0.864093348633962)
(1, 0.7405942513608219)
(0, -0.24273336401332163)
(0, -0.3919642922427873)
(-1, -0.97118286514918)
(1, 0.5185642016728864)
(0, -0.0015641607151843373)
(1, 0.681520241483002)
(1, 0.9707370672920745)
(-1, -0.698987493789325)
(-1, -0.8993676238558035)
(-1, -0.8293390949990533)
(0, -0.06302423201620252)
(0, -0.13601349597593093)
(1, 0.22757253028520988)
(1, 0.12977165825146647)
(0, -0.035750196620775374)
