(1, 0.935607305093387)
(0, 0.07518222442596927)
(1, 0.9927622372440487)
(1, 0.7329731911321833)
(0, 0.25266226278085147)
(0, 0.24701481785341056)
(0, -0.25810575884716247)
(1, 0.5720047120141897)
(0, 0.461984712930084)
(1, 0.8855279216076263)
(1, 0.7353932704358654)
(1, 0.6582699838008449)
(1, 0.9227594287157603)
(0, 0.06897952805648916)
(1, 0.6020062302668242)
(0, 0.07231522367580076)
(-1, -0.6473970221933504)
(-1, -0.4418657055092169)
(1, 0.20835303527702786)
(1, 0.28380137388286714)
(-1, -0.6722853486809799)
(-1, -0.11113193074244287)
(1, 0.7135961122801495)
(-1, -0.7210971509112896)
(1, 0.82168264797804)
(0, -0.02255941556896709)
(-1, -0.3562500986949869)
(1, 0.866233331434725)
(0, 0.008154027479059744)
(1, 0.9912766764429737)
(1, 0.7962690463598618)
(1, 0.9840029543258466)
(1, 0.8749806121954304)
(0, 0.15731845941122416)
(0, 0.15113355382185545)
(0, 0.06963699954929917)
(1, 0.7421581163160598)
(1, 0.7914167132311152)
(1, 0.9815210408106869)
(0, 0.02988511785230391)
(0, 0.09333639998985498)
(-1, -0.6342816785844468)
(1, 0.9890985893914087)
(1, 0.9225118325369315)
(-1, -0.5448448922255731)
(1, 0.49593743880570595)
(1, 0.36831605355495367)
(-1, -0.665556473541408)
(1, 0.06525406797858646)
(0, 0.15344596687223316)
(-1, -0.10260785843849735)
(1, 0.35133637762756686)
(0, -0.11264558368047975)
(0, -0.31053278412760327)
(0, -0.34569706903878367)
(-1, -0.03307444379879387)
(0, -0.17049579544297971)
(-1, -0.42016888480628306)
(-1, -0.023366940368459155)
(1, 0.8236070476399824)
(1, 0.71920277462841)
(1, 0.3633359584773387)
(0, -0.09689134929693732)
(1, 0.3479475004410487)
(-1, -0.10988511661162087)
(0, 0.10208050918694478)
(1, 0.10729626625464583)
(1, 0.5223132055395557)
(1, 0.9047100929712949)
(1, 0.8683253217237713)
(0, -0.11625042028620172)
(0, 0.0151253751084644)
(1, 0.9293705391707969)
(1, 0.9960220407289277)
(-1, -0.6303615568779148)
(0, 0.046379223406393805)
(-1, -0.3524849102925926)
(0, 0.04468609291785569)
(1, 0.39573255946821967)
(0, 0.11137780742496312)
(0, 0.04412616887851453)
(0, 0.001400524157233074)
(-1, -0.794918434660511)
(0, -0.14184671830134357)
(1, 0.2876779730247124)
(1, 0.6895574194123568)
(1, 0.2274903345877407)
(0, 0.023030808245283974)
(1, 0.6456510687587156)
(0, -0.3367219716760673)
