(-1, -0.23408240007654557)
(-1, -0.6315829082538389)
(0, 0.3195128147935792)
(-1, -0.9947798166073083)
(0, 0.2553747750885377)
(-1, -0.8625142512155825)
(-1, -0.5757733140586919)
(0, -0.17300254312727567)
(-1, -0.6986338406699539)
(-1, -0.6201828899647963)
(0, -0.07575510229556043)
(-1, -0.5197803803629287)
(1, 0.23988347676350746)
(-1, -0.7220352152082257)
(-1, -0.7504737429939675)
(0, -0.07235360187868844)
(-1, -0.828022055345782)
(-1, -0.9987456732688105)
(1, 0.44920312794589556)
(1, 0.5022778184085857)
(0, -0.4292651391397238)
(1, 0.3650242907889759)
(-1, -0.9989390109479983)
(0, -0.34057113453500165)
(0, -0.03745600615904232)
(-1, -0.0634503063859827)
(-1, -0.3052890664968829)
(-1, -0.12391593607025492)
(-1, -0.7456666841165875)
(-1, -0.8801681665930178)
(0, 0.11226593587952999)
(-1, -0.6514508664487574)
(-1, -0.5884283660009776)
(0, -0.11292354498738905)
(0, -0.27388603691781466)
(-1, -0.7215242666998288)
(1, 0.1530920104702449)
(-1, -0.2704964868327988)
(0, 0.00014607914299314198)
(-1, -0.41288197388024417)
(1, 0.06133382059655046)
(1, 0.47235191458429027)
(-1, -0.7615173890413904)
