(1, 0.9147108251683714)
(1, 0.43281645973673843)
(1, 0.508308696500273)
(0, 0.05470245537185646)
(1, 0.4463101140201368)
(0, -0.062157912525281606)
(0, -0.07693638336002159)
(-1, -0.7105040507499781)
(-1, -0.21347847231351313)
(1, 0.9501116485477494)
(-1, -0.8100886044440739)
(-1, -0.5567223289213533)
(0, -0.21061834762617962)
(0, -0.14308815852646972)
(-1, -0.19625708390679208)
(1, 0.6518843082141931)
(0, 0.0948233992434756)
(0, 0.2020433252280046)
(0, 0.12352146606546582)
(-1, -0.017646864517367522)
(1, 0.7659206561627789)
(1, 0.9706147143069765)
(1, 0.8867014818342596)
(1, 0.6583803886424009)
(1, 0.5192787933185017)
(1, 0.23661596175089677)
(1, 0.4912467996207367)
(0, -0.2715874828370218)
(-1, -0.7904135317488107)
(-1, -0.1959446555925265)
(-1, -0.20261072015156684)
(1, 0.5012956342559172)
(1, 0.6219940426681906)
(1, 0.5098905901677181)
(1, 0.42112958667605543)
(-1, -0.867617999270725)
(0, 0.09927209507364215)
(0, 0.16918942730489994)
(-1, -0.7086793847123767)
(0, -0.0005645112873661484)
(0, 0.014764223101520368)
(1, 0.7508858883946306)
(0, -0.09768147358599072)
(0, -0.07021462344911425)
(1, 0.1581619911375458)
(0, -0.12942793564011948)
(0, -0.006213592174281218)
(0, -0.15603807997459368)
(0, -0.05383323471953052)
(0, 0.17629593977845948)
(-1, -0.1579112540519294)
(1, 0.4467334415437071)
(-1, -0.48235522311728507)
(-1, -0.0593546417903375)
(-1, -0.8247156011134404)
(1, 0.6514407923799008)
(0, -0.1644762296353009)
(0, 0.04892761276052948)
(0, 0.14657242319643882)
(0, -0.06144513880341637)
(0, -0.10076374722795085)
(1, 0.7746883240569551)
(1, 0.8425564594318895)
(-1, -0.11515663107976704)
(-1, -0.06158104761801514)
