(0, 0.17451069432953242)
(0, 0.027416207133716744)
(0, 0.2672737611205786)
(1, 0.9356021787411651)
(-1, -0.8476321044546317)
(0, -0.07624267432321732)
(1, 0.7135220558666815)
(1, 0.8774246658616374)
(-1, -0.6400945928385265)
(1, 0.38641331244443666)
(0, -0.15269897834964524)
(0, 0.15966323635945162)
(0, -0.12969027894803475)
(1, 0.6488731656080593)
(1, 0.5259274718659475)
(0, 0.037783666689002716)
(-1, -0.8523304018179915)
(-1, -0.44745169256683637)
(1, 0.7804140311947503)
(-1, -0.6224644891427675)
(1, 0.5114278886931118)
(-1, -0.0837994809664862)
(1, 0.05682171000612707)
(1, 0.7971768907511595)
(1, 0.31052615839419795)
(1, 0.5743640145196385)
(0, 0.28655257386539673)
(1, 0.4326417074376293)
(0, -0.22704010209053438)
(1, 0.4706251277119333)
(1, 0.3862153081213976)
(0, 0.18224450737554945)
(0, 0.1872980909182967)
(1, 0.13609727712005287)
(0, 0.13765460475045038)
(1, 0.20722279364220042)
(0, 0.11472542612434247)
(1, 0.894507515306458)
(1, 0.9864257721710876)
(-1, -0.9135476712317261)
(1, 0.42936999643621815)
(-1, -0.20412958616944266)
(1, 0.6536407662303776)
(-1, -0.6778430495191949)
(1, 0.9762102959912718)
(-1, -0.9647613311379197)
(-1, -0.4792481247857163)
(1, 0.2529292761762897)
(-1, -0.1824096440365579)
(-1, -0.38175510562615483)
(1, 0.623328363309106)
(1, 0.37748934574932036)
(1, 0.5938065787556995)
(0, -0.3842931664489527)
(-1, -0.7396199629599467)
(1, 0.9955474181132693)
(0, 0.039790096278140036)
(0, 0.18733456207001833)
(0, 0.10019405089428535)
(1, 0.7219167480586773)
(1, 0.9448715760243244)
(1, 0.8248430235120252)
(1, 0.6954556156804088)
(-1, -0.7369292462227296)
(0, 0.08631611186017582)
(0, -0.003567453014622919)
(0, 0.10489158375757052)
(1, 0.2483020820972186)
(-1, -0.6045803840199915)
(1, 0.3992700945101688)
(-1, -0.0028615365859931963)
(0, -0.021626008910268057)
(-1, -0.3292893092499358)
(-1, -0.8827375399137178)
(1, 0.6946116877613207)
(0, -0.02892093590356773)
(-1, -0.9730970906720294)
(-1, -0.8037895326372883)
(0, 0.20344380826151412)
(0, 0.14847078522092266)
(-1, -0.4045032305172784)
(-1, -0.933797628041718)
(0, 0.05752654830499898)
(-1, -0.5220734077083371)
(1, 0.767286861390925)
(0, -0.04676463554014332)
(0, 0.37587203450067164)
(0, -0.033950900745171736)
(0, -0.02546584306757356)
(-1, -0.2962715597192195)
(0, 0.17181859750269635)
(0, -0.2920320264131905)
(0, 0.14408138489150893)
(-1, -0.4831067606076562)
(1, 0.032941891622166763)
(0, -0.19719156536162932)
(0, -0.29025581451997323)
(-1, -0.03925558728828099)
(0, 0.15441729017050015)
(0, 0.1899416680803862)
(-1, -0.3261686418522335)
(0, -0.1651733004017733)
(-1, -0.24398279290718267)
(-1, -0.9549517331328427)
(0, -0.012535851552515298)
(-1, -0.43824787851622665)
(-1, -0.8801894325909152)
(0, 0.24558097087019543)
(1, 0.3976966416463896)
(0, -0.2823219974230903)
(1, 0.458322000914511)
(0, -0.058505306988305944)
(-1, -0.5058965498321728)
(0, 0.2007850811435158)
(1, 0.9329405870255453)
(-1, -0.6933507605422569)
(1, 0.08433511006332434)
(-1, -0.61809034102167)
(0, 0.04909744833612753)
(1, 0.16350600854621927)
(1, 0.7720332303900508)
(0, -0.1469343211383774)
(1, 0.6534147216340145)
(-1, -0.025476504236236985)
(1, 0.5631981723037982)
(0, -0.004797644016968333)
(1, 0.3607739018868536)
(0, 0.19973495389180682)
(1, 0.2841884369727974)
(1, 0.9993776822584909)
(-1, -0.4265590588827498)
(1, 0.30905752351035193)
(-1, -0.19030519068295965)
(1, 0.29300484205598665)
(-1, -0.9329998260393441)
(1, 0.38243045880668214)
(-1, -0.7461468567042688)
(-1, -0.5150835787087066)
(0, -0.2929522098348025)
(-1, -0.5052354341809027)
(-1, -0.9983952146715961)
(-1, -0.4356828733751824)
(-1, -0.34789946675221556)
(0, -0.011907333470620549)
(-1, -0.11287505081897159)
(1, 0.10388858820833052)
(0, 0.2632884916169287)
(0, -0.00015378198976388757)
(0, 0.17015293797708228)
(0, 0.3931769220016104)
(-1, -0.40126714985664946)
(1, 0.59530477117016)
(0, 0.1783721882693356)
(0, -0.04174264181257724)
