(1, 0.9914962918554998)
(1, 0.6745832556491467)
(1, 0.5927363014256128)
(-1, -0.7385574681987082)
(1, 0.6219711164844641)
(1, 0.8453862141345355)
(-1, -0.08508722562982185)
(1, 0.8232873225491589)
(1, 0.857080171501218)
(1, 0.5296294359226565)
(1, 0.7671957034162487)
(1, 0.4957192490274908)
(0, 0.13656925203005585)
(0, 0.05323655006647264)
(1, 0.8698560493093141)
(0, 0.3473370647036767)
(-1, -0.36805248235015375)
(0, 0.09003513894563835)
(0, 0.07634462631210552)
(1, 0.2998874161923746)
(0, -0.2196976884312566)
(1, 0.46238072582590684)
(0, -0.10436935540513803)
(0, -0.005251195761921158)
(0, 0.02739687888902332)
(-1, -0.3489042621985915)
(0, 0.00203416341895761)
(1, 0.40986403088929024)
(1, 0.540859191262441)
(0, 0.014020167934278918)
(1, 0.9254194934358899)
(0, 0.17803741357892766)
(1, 0.10811380798129716)
(0, 0.18457615319436366)
(0, 0.09243191887163683)
(0, 0.019901214347679375)
(0, 0.2404132853882767)
(0, 0.11268543914400211)
