(1, 0.1731797984709934)
(1, 0.8197231741633421)
(1, 0.7662747513164335)
(1, 0.2986469843844791)
(1, 0.9816344751010883)
(0, 0.24568089767890208)
(0, -0.0028738567286337724)
(1, 0.9101312974280943)
(1, 0.9396050713800675)
(1, 0.9184531010227464)
(-1, -0.037439870822280674)
(1, 0.9357597448585604)
(1, 0.554644293805176)
(0, 0.23188798225848653)
(1, 0.6836262610483835)
(1, 0.9205273419410187)
(1, 0.8777856135228712)
(1, 0.7355515278630542)
(-1, -0.6949722105730972)
(-1, -0.35292093128952806)
(1, 0.47434799899892705)
(-1, -0.3365681251893321)
(1, 0.9804334013949136)
(1, 0.9024827413967326)
(1, 0.9888940812652804)
(1, 0.9176277560561269)
(0, -0.14657919694055402)
(0, -0.06765460210613114)
