(0, 0.3547085067247122)
(0, -0.000759677952859944)
(0, 0.22780256011465666)
(1, 0.878387638670304)
(-1, -0.14772364013792566)
(1, 0.7529539395466358)
(1, 0.20969782713870955)
(0, 0.2070088205561124)
(1, 0.7200478542446154)
(0, -0.17688966281095592)
(0, -0.13932880362110442)
(-1, -0.5282280763004978)
(-1, -0.14458199962117652)
(-1, -0.08461906976742056)
(1, 0.9374287742064819)
(0, 0.0338865661349545)
(1, 0.3631019944640177)
(1, 0.7924827352443236)
(0, -0.08372564336764135)
(1, 0.5656258678038374)
(1, 0.9902071909162002)
(1, 0.7198987885494971)
(1, 0.8102706816551708)
(0, 0.0640625544060982)
(-1, -0.8200308517981434)
(0, 0.06607022502412148)
(-1, -0.5150070736069445)
(1, 0.4987208560417377)
(0, 0.007346750902858468)
(0, -0.1532137079528747)
(0, -0.29299508867199003)
(-1, -0.6924024442748)
(0, 0.04555865560063116)
(0, 0.04669467531504318)
(0, 0.1293797178895147)
(1, 0.5160892671372488)
(0, 0.26172875102542037)
(0, -0.06765460210613114)
(0, -0.11742514463775716)
(0, -0.10091523059849414)
(-1, -0.715218627290618)
(0, -0.22867740833813877)
(0, -0.253081499355952)
(0, -0.0507681645427457)
(0, -0.02177714193762964)
(1, 0.6616627175677977)
(-1, -0.5038046735402871)
(1, 0.9089577885052941)
(-1, -0.5194542531317474)
(0, 0.16367717892243566)
(0, -0.024219157577378657)
(0, 0.0012751485909130306)
(0, -0.12504666888378674)
(-1, -0.9378272503734215)
(1, 0.1662771982048083)
(-1, -0.6597003700928782)
(0, 0.33658514485778795)
(1, 0.39637126180653615)
(0, 0.020842418492411557)
(1, 0.6000220628867207)
(0, 0.041944809756639764)
(-1, -0.34012896802847115)
(1, 0.6896401019029649)
(0, -0.08810942318691733)
(0, 0.2006362532051336)
(0, 0.15698045199631894)
(1, 0.8115927873412154)
(1, 0.6270597689476319)
(-1, -0.23060884813934351)
(0, 0.018421043712804473)
(0, 0.155214774778136)
(0, 0.11689620222421716)
(0, -0.1469113703996825)
(1, 0.2606451659885757)
(0, 0.030942013488536545)
(0, 0.37465087592161733)
(1, 0.8057152061346182)
(0, -0.04715697727717919)
(0, -0.012823644365165199)
(0, -0.26228153809062627)
(0, 0.13965194963832667)
(0, 0.086053615137314)
(-1, -0.40028594117927174)
(0, 0.008572446048756732)
(0, -0.017480974761832982)
(-1, -0.8177756746005446)
(-1, -0.7044356310925586)
(0, 0.02943992240616635)
(0, 0.07162364767177638)
(-1, -0.5399971916546067)
(0, -0.02097819630027322)
(0, 0.08893157146138037)
(1, 0.4094784546137171)
(0, 0.0030389942996206735)
(1, 0.29611810847217823)
(0, 0.01266717615732977)
(0, 0.06214609741603214)
(-1, -0.5337208931553606)
(-1, -0.3614956597140031)
(0, -0.06860777416724705)
(1, 0.4759021304927744)
(0, -0.039531097437430274)
(0, 0.2547740967902974)
(0, 0.0205956152056177)
(0, 0.42440117403379)
(0, -0.030403202419353015)
(-1, -0.9287868337029411)
(0, -0.03216203556309402)
(-1, -0.8189989408137054)
(0, -0.23582624698319715)
(0, 0.1516127290711853)
(-1, -0.1289823773150508)
(1, 0.7898590167007546)
(0, -0.03195852364171972)
(-1, -0.6000118678716927)
(0, -0.1723326251701447)
(1, 0.5124896678969736)
