(0, -0.08886282951888672)
(0, -0.0938171578876853)
(1, 0.8560775274059887)
(0, 0.03583720938292962)
(0, 0.009191841274224372)
(0, -0.05246107160700923)
(1, 0.18653227874946438)
(0, -0.02290400359017996)
(1, 0.12580819064463478)
(-1, -0.2706417907647024)
(0, 0.21153311488522347)
(0, -0.043394393741589064)
(0, -0.19874448569791203)
(0, 0.02436761848204566)
(0, -0.0722905331267738)
(0, 0.17270299533062722)
(-1, -0.1646502470445368)
(0, 0.06368736345053264)
(-1, -0.37331744547579393)
(0, -0.09415216737757134)
(1, 0.2870406378520146)
(0, -0.2335640425327717)
(1, 0.664297412343007)
(1, 0.3837532420561064)
(0, 0.1850905103356783)
(-1, -0.57913880117874)
(1, 0.8154019154182041)
(1, 0.42067718498981643)
(0, 0.1395453884839924)
(0, 0.01713529548152265)
(0, -0.4258427982608891)
(0, -0.03139263548317603)
(0, 0.11054392893266696)
(1, 0.591666281205856)
(0, 0.26178336684135656)
(0, 0.12145656737029198)
(0, -0.21061407965775458)
(-1, -0.47610948867685715)
(0, -0.15560824438137644)
(-1, -0.9134618396249286)
(1, 0.024119303078910692)
(1, 0.6909983706160316)
(0, 0.2566172162802359)
(0, -0.014591873238707725)
(0, -0.22197291927823343)
(1, 0.6054155270987295)
(0, -0.21451538848850044)
(0, 0.21767796895221503)
(1, 0.5052895776926721)
(-1, -0.5153389932976392)
(0, 0.17820819843365146)
(1, 0.5043317372397363)
(0, -0.19932936853972927)
(1, 0.3287253176838296)
(0, 0.09025666818107131)
(1, 0.5469854186994498)
(-1, -0.6501596013894467)
(0, 0.008075619239238274)
(-1, -0.794088871785729)
(1, 0.23909122474666034)
(0, -0.1613001260838045)
(-1, -0.2682023147698071)
(0, -0.048842696853644806)
(1, 0.48815322547306067)
(0, -0.022512429297509164)
