(-1, -0.74223246176967)
(0, 0.06492696455743305)
(1, 0.940261443202815)
(0, 0.004273626304096108)
(0, 0.06031283764063178)
(-1, -0.4573918168610801)
(0, 0.08765112725435698)
(0, -0.01915159356638388)
(0, -0.002853954723222373)
(0, 0.030954971332259988)
(0, -0.025185283362908095)
(0, 3.521479775723743e-06)
(0, 0.08855477846819579)
(0, 0.09728794583095923)
(1, 0.6988122323741329)
(0, 0.039729113840077435)
(0, 0.33001561416501046)
(1, 0.3653731937377643)
(0, -0.3020101369611587)
(0, -0.0027710274492627456)
(0, 0.07107067555468617)
(0, -0.05582555046952213)
