(-1, -0.6799411001956652)
(-1, -0.8911814261725336)
(1, 0.8358091248886435)
(1, 0.09566839462300886)
(-1, -0.8789967792408555)
(1, 0.2020541613739873)
(-1, -0.7793868384775278)
(1, 0.06839103716365647)
(-1, -0.6388042429074082)
(0, -0.03213056272248392)
(-1, -0.98777029527741)
(1, 0.6884987711876436)
(1, 0.18477822118718146)
(-1, -0.06963901552075374)
(0, 0.1638131940620681)
(-1, -0.9325804650773185)
(1, 0.8069134191677901)
(1, 0.9133733389645898)
(1, 0.42610586847944615)
(-1, -0.5323335160153714)
(1, 0.5535374182642288)
(1, 0.49428973429114215)
(-1, -0.8430037857578486)
(-1, -0.4837292857440257)
(-1, -0.9228524050473691)
(-1, -0.2700175879028913)
(-1, -0.9205964958988365)
(-1, -0.9708191015495008)
(-1, -0.7239244154409149)
(-1, -0.2579593195902165)
(0, -0.43034467081511896)
(1, 0.6718783504261844)
(-1, -0.8274994467774509)
(-1, -0.8339058558679958)
(-1, -0.8027899121113822)
(-1, -0.5138707883579698)
(-1, -0.3983620052690454)
(-1, -0.6455215560241085)
(1, 0.36469894803544467)
(-1, -0.9823196269452824)
(-1, -0.6041601194507544)
(-1, -0.9452796659967032)
(-1, -0.4045403202723319)
(-1, -0.584950990960183)
(1, 0.8912584713527567)
(-1, -0.3440374472857645)
(0, 0.02013062736928911)
(0, 0.029897392728897007)
(1, 0.6962773039444925)
(0, -0.012361114752666706)
(0, 5.942578735329551e-05)
(0, 0.01796645094469196)
(1, 0.9547499498993238)
(0, -0.029156674137299166)
(0, -0.0788762157769757)
(1, 0.7501298952732691)
(-1, -0.10148920386698801)
(1, 0.45651019571106993)
(0, -0.002699141149200137)
(0, -0.14735051839087016)
(-1, -0.7475210306671729)
(0, -0.03381971422366893)
(0, -0.03353259318976135)
(0, 0.19497929456536986)
(0, 0.018639931273937316)
(1, 0.7642313212552659)
(0, 0.026240243842596)
(0, 0.11373914389830907)
(0, -0.45581644295948354)
(1, 0.18528107448625525)
(0, -0.019902522339117025)
(0, -0.004051777935447873)
(0, -0.06269739024461142)
(0, 0.0030713448144029515)
(0, 0.08158197406119352)
(1, 0.7334205121809083)
(0, 0.03251867742849276)
(0, 0.3688412783035546)
(1, 0.18332239431996933)
(0, 0.025281826996141572)
(0, 0.31846279753661333)
(0, 0.1629670372570935)
(1, 0.7712306163798839)
(1, 0.6126793925601438)
(1, 0.7907599972460354)
(1, 0.13094121818447935)
(0, -0.09660535751449117)
(-1, -0.27265897645561316)
(0, -0.09897569803552833)
(1, 0.08776928208119489)
(1, 0.2707785917721717)
(0, 0.0781681390895471)
(-1, -0.09425521736145642)
(-1, -0.47243921442652137)
(0, -0.0015953168566210651)
(0, 0.11646106698255655)
(-1, -0.10949462012466693)
(0, -0.2247407737686859)
(0, 0.1024622084879665)
(1, 0.795622854339048)
(1, 0.22773392739203469)
(1, 0.8548181666527855)
(-1, -0.14983289101031344)
(1, 0.3479472041776159)
(0, -0.1744046159112891)
(-1, -0.4160770655702972)
(0, 0.24143245314607129)
