(-1, -0.10540646035130491)
(1, 0.5909475248819313)
(1, 0.5445861502918128)
(1, 0.6537112106977541)
(-1, -0.708011742875986)
(1, 0.5342812512666034)
(0, 0.2919664276127356)
(0, -0.01633646806515713)
(1, 0.9143506649415744)
(-1, -0.6874865899521239)
(0, 0.26734344858185005)
(0, 0.10114392573515227)
(0, 0.07033479849108076)
(-1, -0.508179086316063)
(1, 0.9896745128106941)
(0, -0.09594813434036903)
(0, 0.07266320103838397)
(1, 0.7349451615822192)
(0, -0.18024702076321003)
(1, 0.6284874453285306)
(0, 0.17800352859219418)
(-1, -0.9001250309017403)
(0, -0.02517461929463788)
(0, 0.4374683992903048)
(-1, -0.42744140618982285)
(0, -0.34353971993425025)
(1, 0.1726235425885801)
(1, 0.696306432190363)
(1, 0.8074592113748197)
(-1, -0.6579506029363626)
(-1, -0.6016046870688565)
(0, 0.39570628298745786)
(0, -0.20533628365866508)
(-1, -0.2736791577668446)
(0, -0.023273217796637546)
(-1, -0.30638830144647133)
(1, 0.5332879423118171)
(0, 0.14005035725395337)
(1, 0.2658837787038117)
(-1, -0.7172663169141931)
(1, 0.35523006164237636)
(0, 0.08500032193824675)
(1, 0.6694574231127305)
(1, 0.4953362244575248)
(-1, -0.4698709792225092)
(0, -0.06765460210613114)
(0, -0.17469772639690256)
(0, 0.103384087845555)
(0, -0.097753538281464)
(0, 0.2317002170270319)
(0, -0.1381772110393732)
(-1, -0.29627463500004386)
(0, -0.11424931433115923)
(-1, -0.21212748470315815)
(0, 0.009220016687245675)
(1, 0.4597349639197219)
(0, -0.08528203657651409)
(0, -0.2652599940463093)
(1, 0.24283402675625237)
(0, -0.004580465011546339)
(-1, -0.5119748470048253)
(0, -0.14320051680490908)
(1, 0.46819067387903734)
(0, 0.12639136481992058)
