(0, 0.014721633552251395)
(0, -0.04230922691931613)
(-1, -0.20970903560695592)
(0, 0.02001135875693317)
(0, -0.023222290861918064)
(0, 0.09567116032330503)
(-1, -0.919307877441725)
(-1, -0.7938062935920386)
(0, -0.3352644579464207)
(-1, -0.5110386764705278)
(-1, -0.8627156014705732)
(1, 0.4332976023873381)
(-1, -0.7084026472691659)
(-1, -0.6643717106771129)
(0, -0.2951449547841979)
(0, 0.018820795245665822)
(-1, -0.2833134269290179)
(1, 0.6452232249828441)
(-1, -0.3670276641221406)
(0, -0.04830677688178754)
(0, 0.06875992476804302)
(0, 0.05786256776692483)
(0, -0.24963751136817358)
(-1, -0.9322774814330397)
(0, -0.06213405151261572)
(-1, -0.9404721309123523)
(-1, -0.8073462332758959)
(-1, -0.36025921501310265)
(-1, -0.8582775163361868)
(0, 0.04755209177011276)
(0, -0.0937214478596798)
(0, -0.09240083936405902)
(-1, -0.6572161448788543)
(0, -0.17909886491300214)
(0, 0.037039927600070494)
(-1, -0.3160940464910672)
(-1, -0.753666752083364)
(0, 0.20254984151377864)
(0, -0.15599370003135582)
(-1, -0.7179968820997885)
(0, 0.022621016130634775)
(0, 0.012424069607940656)
(0, -0.009405860807275138)
(1, 0.3509527024590333)
(-1, -0.7322502295397809)
(1, 0.7228873533795256)
(0, -0.03900720764776011)
(0, -0.00746000043242917)
(0, -0.23178904130102385)
(-1, -0.6100645181360299)
(-1, -0.6852296990562282)
(0, -0.07146733703493723)
(-1, -0.29430684191385886)
(-1, -0.2754831393385838)
(0, -0.019622137436000636)
(0, -0.11995485312138945)
(-1, -0.5903446565435254)
(-1, -0.731465521684263)
(0, 0.05880403799429429)
(1, 0.6698685285997688)
(-1, -0.8110105082398938)
(0, -0.10020064231082992)
(1, 0.057169062402210646)
(0, -0.3754038435984009)
(0, -0.10001968266011765)
(-1, -0.30926520587773676)
(0, 0.06271385273322519)
(0, 0.019810408592498774)
(0, -0.047486764058836874)
(1, 0.10011220425108408)
(0, -0.2664255482871951)
(0, 0.1092186165562127)
(-1, -0.8202931103523173)
(0, 0.0359697011659742)
(-1, -0.5689726917316222)
(-1, -0.20746990314280406)
(1, 0.4804078899405394)
(1, 0.7633004911690627)
(0, -0.028740055260248115)
(-1, -0.2271001615203086)
(1, 0.512990985896294)
(0, 0.0224809804129602)
(0, 0.13228961893156443)
(-1, -0.8529896846210877)
(-1, -0.21254824065578715)
(0, 0.23886316441829467)
(0, -0.07934337446307639)
(0, -0.2934095238661055)
(1, 0.3904745626465884)
(1, 0.5945265508636824)
(0, 0.005263911013203504)
(1, 0.4659670659619692)
(0, -0.09766690161982618)
(0, -0.29313204439907853)
(-1, -0.4846288838430358)
(1, 0.6789338926566856)
(-1, -0.8670667771985618)
(-1, -0.5948132475644101)
(0, 0.11816304523794098)
(-1, -0.13251472389156138)
(1, 0.5483226546439057)
(1, 0.8149645171256141)
(0, 0.011920682594039144)
(0, 0.09120128561232099)
(0, -0.07835993934522258)
(-1, -0.7505576817213092)
(-1, -0.1240661413064778)
(-1, -0.7261883355219969)
(1, 0.3695386431809047)
(0, -0.15607364167780816)
(1, 0.28630525422921477)
(0, 0.04214698046249865)
(0, -0.26753411444559233)
