(0, -0.048242193142733675)
(0, -0.07719384881055921)
(0, -0.05274287894776522)
(-1, -0.22895516462946294)
(-1, -0.5150172265814932)
(-1, -0.7705867962975036)
(1, 0.28042444343218687)
(-1, -0.12706379599079481)
(-1, -0.6274125256583073)
(-1, -0.8515252140249515)
(-1, -0.5066304813213889)
(-1, -0.5574012293883966)
(1, 0.24506869388799166)
(0, -0.14631467136677537)
(1, 0.5371011788142552)
(0, 0.11013985219966653)
(1, 0.3851465675735516)
(1, 0.7101993944581217)
(1, 0.4813047143660902)
(-1, -0.14020043249118197)
(-1, -0.876081578480822)
(-1, -0.2672984611406051)
(-1, -0.33456370858948026)
(-1, -0.8002634082185462)
(0, -0.11169176658848869)
(-1, -0.41291375263320557)
(-1, -0.4086772891474616)
