(-1, -0.4057404105590723)
(-1, -0.4620245671870687)
(1, 0.14595656392835016)
(1, 0.284242417783037)
(0, -0.025389563719427216)
(-1, -0.24525863176987062)
(-1, -0.6150954268050608)
(-1, -0.3629106232866006)
(0, -0.157578747753222)
(-1, -0.636428581925029)
(-1, -0.4354936483644667)
(-1, -0.8564333235026748)
(-1, -0.7474132872998389)
(1, 0.3688350934964614)
(0, 0.08888205556776754)
(-1, -0.26844999989759594)
(-1, -0.6199878931772536)
(-1, -0.8300299725826652)
(-1, -0.6091545080174757)
(-1, -0.04991559423515057)
(-1, -0.29824806605432136)
(0, -0.16987956470786242)
(-1, -0.825598290950863)
(-1, -0.003097667797375192)
(0, 0.12705512816713138)
(1, 0.611065633868811)
(0, -0.030734581603054492)
(-1, -0.9820020553933678)
(-1, -0.18355003845634732)
(1, 0.2867328829810488)
(-1, -0.21545858485077696)
(0, 0.1439581969812475)
(1, 0.1654025477741496)
(-1, -0.7192978734375661)
(0, -0.19828698316853732)
(-1, -0.35713277695832135)
(-1, -0.929548588904457)
(1, 0.9091232414927467)
(-1, -0.7946911302130475)
(1, 0.31880023160388343)
(1, 0.4764742633164307)
(1, 0.5959846390616437)
(1, 0.41493920963477865)
(1, 0.8419255563221942)
(0, 0.039383639442363415)
(1, 0.7559031614417018)
(0, -0.024880031242366152)
(0, 0.2058496688971193)
(-1, -0.9621672980363661)
(1, 0.9765854201751959)
(1, 0.4264042271096838)
(1, 0.29249194478556395)
(0, 0.4128063987128996)
(0, 0.15537331586112244)
(0, 0.29669967022705673)
(1, 0.9876922403217703)
(0, 0.20041719667679836)
(1, 0.6811295475716214)
(1, 0.3165007679795388)
(0, -0.07978359740258062)
(-1, -0.07999957908820265)
(-1, -0.03754816765279578)
(1, 0.29177786319674304)
(1, 0.5880171249292249)
(1, 0.33789464507285605)
(-1, -0.6601744103373647)
(0, -0.2002621508735673)
(-1, -0.10427428805347394)
(1, 0.43745551353330586)
(1, 0.5426517063325165)
(0, 0.00769854766322961)
(0, 0.13002409318495384)
(1, 0.7896159259696206)
(1, 0.9097310613263552)
(1, 0.5931446471721855)
(1, 0.8934683607753766)
(1, 0.3086863701706105)
(1, 0.365005015489098)
(-1, -0.30098180258654644)
(1, 0.9721822501118245)
(1, 0.4894609550449708)
(0, 0.10168077849138679)
(-1, -0.5338889258087143)
(-1, -0.04113437928143515)
(-1, -0.07452720736630603)
(-1, -0.6818605839207287)
(-1, -0.888387258558406)
(0, -0.0005393330197589405)
(-1, -0.21299544636916523)
(-1, -0.39443942361593864)
(-1, -0.530623252356709)
(0, 0.003035769888263873)
(-1, -0.6735513861118292)
(0, 0.4055282099358978)
(1, 0.03295650819842888)
(-1, -0.3858247655542725)
(-1, -0.8859184613702275)
(-1, -0.2607912326300507)
(-1, -0.8021235099592192)
(0, -0.10297263624039571)
(1, 0.8169308535336868)
(-1, -0.41829488004449944)
(1, 0.5113875839690576)
(1, 0.5681718173739383)
(1, 0.8490116590506969)
