(-1, -0.4630529206925762)
(0, -0.03194487769176185)
(0, -0.029490667296873913)
(0, 0.05026278657032274)
(0, -0.05792291233269632)
(-1, -0.17589884857147517)
(-1, -0.04825000615234748)
(0, 0.11612761434684518)
(1, 0.8352894205957703)
(-1, -0.7066652690074937)
(-1, -0.3666521826547249)
(-1, -0.2907872498721891)
(1, 0.2501855108055595)
(1, 0.9071615866613454)
(1, 0.7899770375215617)
(0, 0.00847977143865853)
(1, 0.9841113928015462)
(1, 0.48343539967913085)
(-1, -0.24276967792906962)
(0, 0.020948476168635877)
(0, -0.21126752152837036)
(0, -0.057863292499431285)
(1, 0.2907018186206831)
(1, 0.8579050123973662)
(1, 0.7946028513323448)
(-1, -0.25391303233813195)
(1, 0.9668103996260973)
(1, 0.42410706914647606)
(1, 0.9245177440738734)
(0, -0.23615800200789142)
(0, -0.16650020245378053)
(-1, -0.14482507983733678)
(1, 0.3972047302020222)
(-1, -0.05954859524525169)
(1, 0.9159172570336349)
(0, 0.03717454229026611)
(-1, -0.23501723840237906)
(1, 0.03958182311880065)
(-1, -0.4511905725469396)
(-1, -0.17524817765704975)
(1, 0.15753937644362587)
(1, 0.46588186155205297)
(1, 0.7675841815365759)
(-1, -0.429916674297827)
(-1, -0.16614069797736075)
(-1, -0.48021929782700423)
(-1, -0.7001769424094845)
(-1, -0.9219515040071153)
