(-1, -0.5234135875556402)
(0, -0.17322705897380952)
(0, 0.18943666279816304)
(1, 0.07669417029105763)
(-1, -0.28836858572392643)
(-1, -0.5949788622641009)
(-1, -0.7738615905521592)
(-1, -0.7343934757609278)
(-1, -0.7734646744083299)
(-1, -0.9743160496989841)
(-1, -0.9392228890041866)
(-1, -0.517029674232382)
(-1, -0.6045139566242149)
(0, -0.13005338143275966)
(-1, -0.9742111994544775)
(-1, -0.5090017699013245)
(-1, -0.7554769416644049)
(-1, -0.9673782223431939)
(-1, -0.7108778529635628)
(0, -0.35342446373567377)
(-1, -0.3691122827416147)
(-1, -0.9765302442093327)
(-1, -0.4797771476520576)
(-1, -0.705825057004801)
(-1, -0.0880961023463554)
(-1, -0.11884922752546406)
(1, 0.745254617280977)
(-1, -0.9651311852489257)
(-1, -0.9990982423862317)
(1, 0.3288230581350933)
(-1, -0.9810236557757462)
(0, -0.02341689762070294)
(-1, -0.7248412087106747)
(0, -0.0021229493399836374)
(-1, -0.9982606842283023)
(-1, -0.4803691594388233)
(1, 0.5153490846712065)
(1, 0.5614146512089984)
(1, 0.4107597183661741)
(0, -0.0986866562980194)
(1, 0.6892458797040816)
(0, 0.08400124998707598)
(1, 0.17627185709164184)
(-1, -0.6220558165545118)
(-1, -0.36865433449742946)
(1, 0.20111593610824374)
(0, 0.01729095078962238)
(0, 0.000689838998872136)
(0, -0.056472434395717544)
