(1, 0.5092464613114557)
(-1, -0.7815905068824338)
(-1, -0.7072890648890262)
(-1, -0.35074941494553447)
(0, 0.01076842512570103)
(0, 0.030706786828890248)
(1, 0.7583629208337972)
(-1, -0.23489278521536058)
(0, 0.33571039521227497)
(-1, -0.6048105205738142)
(0, -0.3259020262298732)
(1, 0.7997211802569063)
(1, 0.5098461509829573)
(0, -0.15558952968486456)
(0, -0.1276692284492489)
(0, -0.40633462857390473)
(1, 0.6845591942569436)
(0, -0.30768280797774544)
(-1, -0.34692833161811903)
(1, 0.09795417494776743)
(0, -0.18737912808563634)
(0, -0.1158428941786905)
(0, -0.01722167942696376)
(0, 0.04920831605591043)
(1, 0.9490710527069404)
(-1, -0.7464007196687164)
(-1, -0.9924779308672605)
(-1, -0.5330343368421013)
(1, 0.7625920284055769)
