(-1, -0.19796803692610732)
(0, 0.012224799864533106)
(1, 0.4869038351668997)
(1, 0.826090270176201)
(-1, -0.7296731585066164)
(1, 0.5869669398029234)
(1, 0.9980846246433278)
(-1, -0.4738611833635922)
(0, 0.015398308647491823)
(0, 0.11463747229772506)
(1, 0.5865520781268524)
(1, 0.9464022276499424)
(1, 0.8656733605917624)
(0, 0.05141628614528554)
(0, 0.0375261877435744)
(0, 0.07787255876508174)
(0, 0.06440466295670638)
(-1, -0.03692112071328607)
(1, 0.9505085350292624)
(0, 0.036785437116744604)
(1, 0.7514895535021122)
(-1, -0.6226721415686702)
(1, 0.09742847277295119)
(1, 0.9276868128951316)
(-1, -0.8757173145313734)
(1, 0.9846537462862404)
(0, 0.02430530553128675)
(-1, -0.400685512556061)
(0, -0.05957302870776873)
