(1, 0.715606609873468)
(1, 0.1646441361963232)
(-1, -0.6325507164274006)
(-1, -0.8981563267396162)
(-1, -0.42371041501254714)
(-1, -0.7618702861882447)
(-1, -0.7424849998802009)
(0, -0.11148069287863994)
(0, 0.3098109787259447)
(0, 0.16282973167485806)
(0, -0.0351482869853177)
(1, 0.5398588940587689)
(-1, -0.23877811975670327)
(1, 0.07267179028532711)
(-1, -0.9251080903764375)
(0, -0.009194586324152945)
(-1, -0.3937736088670033)
(0, 0.05667026683343718)
(0, -0.21290601119561092)
(1, 0.8428915121863895)
(0, -0.12100535008020682)
(0, 0.22923731802170305)
(0, -0.28415788199743686)
(-1, -0.4690301294416751)
(1, 0.062203429440272684)
(-1, -0.7013709899826452)
(-1, -0.564974634276212)
(-1, -0.7739191197720814)
(0, -0.01763639751349455)
