(1, 0.5348379863991717)
(0, -0.07036581764882967)
(1, 0.28766930474348296)
(-1, -0.3251630841204619)
(0, 0.09231967520478858)
(1, 0.6495037896841513)
(1, 0.5286063352287039)
(0, 0.006500646460762153)
(1, 0.7542715038079373)
(1, 0.48511005044462274)
(1, 0.1948662525627134)
(-1, -0.681454363554524)
(0, -0.1280704382639748)
(0, -0.08914681292220432)
(1, 0.5672894826446679)
(0, 0.21161954958036308)
(0, 0.00704798182685587)
(0, -0.3845097058604884)
(-1, -0.19751206262342652)
(0, -0.12309972452879249)
(0, 0.019968521311825756)
(-1, -0.6710096429569016)
(0, -0.2681616164588989)
(0, 0.3545480706385926)
(-1, -0.33472539058389283)
(0, 0.05380603514936666)
(0, 0.09315397348495233)
(0, -0.09566594364130943)
(0, -0.09144975139477518)
(-1, -0.20393806645707363)
(0, 0.11852789794344376)
(0, 0.03251485732254493)
(-1, -0.5259135112216075)
(0, 0.1037285341864222)
(0, 0.029086240584735884)
(1, 0.382022128171468)
(0, -0.008788334292225475)
(0, -0.06546406385753498)
(0, 0.24346229578768078)
(-1, -0.2571355535122814)
(0, 0.0590714593789223)
(0, -0.0752406032891196)
(0, 0.009959587790982542)
