(0, -0.04406670541643537)
(1, 0.9819783268727496)
(1, 0.5545286411116404)
(1, 0.40167987906901587)
(1, 0.8015665041524832)
(0, -0.044163626992812)
(-1, -0.024710646013354265)
(1, 0.3438568310304767)
(0, 0.11811458277920917)
(-1, -0.5391740710700761)
(-1, -0.357173172748087)
(0, -0.027332030382546287)
(0, 0.20234433589152376)
(0, 0.06578095374045774)
(1, 0.955500497656456)
(1, 0.5132367347084282)
(0, -0.06988191640218078)
(-1, -0.9232001566862001)
(-1, -0.3612011864472982)
(1, 0.7619442883620076)
(-1, -0.47294692281309136)
(0, -0.00876358738191909)
(-1, -0.045232222188494264)
(1, 0.3624500022672571)
(-1, -0.1172698261511404)
(-1, -0.8834007929529407)
(-1, -0.09135639112483668)
(-1, -0.38738532878865917)
(1, 0.9389104047590524)
(0, 0.16832309046402755)
(0, 0.19047969494727326)
(0, -0.003920635422435995)
(-1, -0.5936798668566481)
(0, 0.019901214347679375)
(0, 0.009522124800024744)
