(0, 0.25465922972766164)
(0, -0.1645511082114484)
(-1, -0.3869128345076682)
(0, 0.1259713845887103)
(0, 0.07015512351509151)
(-1, -0.49099536796525833)
(1, 0.5912107505431928)
(0, 0.20369504483276774)
(0, -0.03416868856896743)
(-1, -0.6396229628396505)
(1, 0.7299373036753727)
(-1, -0.42493722951966917)
(1, 0.08937559499800574)
(1, 0.302278219676395)
(0, -0.23349826453863173)
(0, 0.27027474879330304)
(-1, -0.3412158250403365)
(-1, -0.8670402718977802)
(-1, -0.15663799568927955)
(0, 0.02396045460923943)
(0, 0.13629173524358437)
(0, 0.09133560798589072)
(0, -0.23674088335817442)
(0, 0.062174928543535124)
(-1, -0.1990608434050854)
(0, -0.04479307364781518)
(1, 0.9062849250082249)
(1, 0.5683772671302387)
(0, 0.0845884156122211)
(1, 0.2353146422366048)
(0, -0.016667424083122634)
(-1, -0.04813855571759562)
(0, -0.3125677451318112)
(0, -0.20646895180780092)
(0, -0.06442205229034084)
(0, -0.005330433796331732)
(0, 0.08400623233954896)
(0, 0.00325238969696523)
(-1, -0.39149558694536624)
(0, -0.12784740406377954)
(0, 0.17850851492516007)
(0, 0.026596697061487484)
(0, 0.06262728568493674)
(0, -0.025895080402794507)
(-1, -0.8466478158174814)
(0, 0.20154386738839009)
