(0, 0.14839381795039996)
(-1, -0.3060455532315106)
(0, 0.18987179753467043)
(1, 0.9676321812418021)
(0, -0.10811739996649361)
(1, 0.554599253521772)
(-1, -0.03277409414368032)
(-1, -0.15170738974238202)
(0, 0.21013261511494147)
(1, 0.6588707324150038)
(0, 0.01989514522386397)
(0, 0.05990436497068609)
(0, -0.09593322461334337)
(0, 0.23766046586014763)
(0, 0.08917988181319422)
(0, -0.39649932793687015)
(0, 0.11807432778485914)
(1, 0.6331492866179884)
(1, 0.8201249491932932)
(1, 0.8843330478559914)
(-1, -0.6157325648935956)
(0, -0.042165096830553084)
