(1, 0.891726542395032)
(1, 0.8746376764160085)
(1, 0.4561616329772722)
(0, -0.01278590652589362)
(1, 0.8577394156615181)
(0, 0.041339623516827434)
(-1, -0.5209267111075732)
(1, 0.07595384540264805)
(0, -0.3024957291947978)
(-1, -0.42260515029656986)
(-1, -0.8177567929174938)
(0, -0.083553062925191)
(0, 0.053154216769583235)
(0, 0.010481374108543969)
(0, -0.05775457396989911)
(0, 0.0840864307056815)
(0, -0.046080909416264276)
(0, 0.05712100587765558)
(-1, -0.13432839580594652)
(0, 0.4060901260544022)
(1, 0.715230817894073)
(1, 0.43681800226570694)
(0, 0.038712551089772576)
(0, -0.005440741781357894)
(0, 0.06568089684199795)
(0, 0.1398337817860495)
(0, 0.024494219890426785)
(-1, -0.4191745727029847)
(1, 0.5051263784815134)
(1, 0.667502674061363)
(1, 0.9874130491699642)
(1, 0.1882846863517963)
(-1, -0.04189151164104693)
(0, -0.334426826034911)
(0, -0.06117588542901023)
(0, 0.0530661056039274)
(0, 0.13259832555858914)
(1, 0.9666454650529814)
(0, 0.017755432223350347)
(0, -0.1838774222312228)
(1, 0.7743823459750552)
(1, 0.7947923774575881)
(1, 0.22897910508148078)
(0, 0.03754050488807295)
(0, 0.037156651685896734)
(0, 0.12606805621179545)
(-1, -0.5704478067270016)
(-1, -0.6716681339054446)
(1, 0.15413922731717328)
