(1, 0.17173176752326152)
(0, -0.28415674804350227)
(0, -0.3114806170781149)
(-1, -0.742476842628923)
(-1, -0.7300972118838027)
(0, 0.10946161647395544)
(0, -0.012438816221790466)
(1, 0.024190639924875135)
(1, 0.3525374986218938)
(1, 0.8204269572907489)
(-1, -0.8001462644442661)
(0, -0.034001755973222914)
(0, -0.38401105948346187)
(-1, -0.4299492642962811)
(-1, -0.7892647413725028)
(-1, -0.8349305265293759)
(1, 0.4159168187305266)
(-1, -0.9472924669830843)
(1, 0.5327998200655636)
(1, 0.5757265248232573)
(1, 0.949981009073705)
(0, 0.2543727574482564)
(0, -0.11081252832005817)
