(0, -0.12120697321538862)
(0, 0.1626602020772155)
(0, -0.08347486488999784)
(0, 0.08184685210824452)
(-1, -0.3802254992066759)
(1, 0.8471183839158778)
(0, 0.17040918099333754)
(0, -0.07945821750864195)
(0, 0.15724027510379313)
(0, -0.1254093800722563)
(0, -0.3340849957872395)
(-1, -0.35142623435629516)
(-1, -0.690960199199068)
(-1, -0.780775166564226)
(-1, -0.6517912772792255)
(0, -0.2886552945637373)
(1, 0.7567485270373969)
(-1, -0.5694851720531223)
(-1, -0.3298722237379471)
(0, -0.06765460210613114)
(0, 0.015622398262032405)
(-1, -0.7708640327986602)
(0, 0.008842713190432477)
(-1, -0.1956271311738913)
(0, 0.3684632189367072)
(-1, -0.5389587303541078)
(-1, -0.9835096831217996)
(-1, -0.22401382903514072)
(0, -0.08208691672702391)
(-1, -0.926995454173128)
