(1, 0.6630106979966053)
(-1, -0.1187779159629283)
(1, 0.9978626722631163)
(1, 0.8570332543816512)
(-1, -0.6445419262470901)
(0, 0.44153184898915016)
(1, 0.6395580503461533)
(1, 0.044466387772481575)
(1, 0.8739896229592107)
(0, 0.2257078008412258)
(0, 0.09160138701540536)
(1, 0.280119071621318)
(-1, -0.802343956706564)
(0, 0.4545431345884763)
(0, -0.010641601026733324)
(1, 0.3788032270339033)
(1, 0.9748252854327245)
(1, 0.09819237750743692)
(1, 0.8637900256573843)
(1, 0.9340448032443618)
(0, -0.0803616907715708)
(1, 0.9412453262198024)
(1, 0.5070902091846936)
(-1, -0.6976907503460666)
(1, 0.6126904663716152)
(0, -0.009185265660874421)
(1, 0.5597561895072943)
(1, 0.9175398120895691)
(1, 0.2561156625007646)
(0, 0.22445164379524588)
(1, 0.6043379313320871)
(1, 0.9253355002498065)
(0, 0.00525304743595232)
(0, -0.018993566238721275)
(0, -0.022830345183145057)
