(-1, -0.7608535563104349)
(1, 0.4475027896986935)
(-1, -0.9982179752837741)
(0, 0.07763050331342373)
(1, 0.4564690254347118)
(1, 0.9886735690737826)
(-1, -0.5233315240363592)
(1, 0.9688069769290157)
(-1, -0.11175775278221117)
(1, 0.6174950592518513)
(-1, -0.3170579117344279)
(1, 0.4378866404744831)
(0, -0.021777641072714675)
(0, -0.36396590172626375)
(-1, -0.5034793108368234)
(-1, -0.4778498052691523)
(0, 0.03467298330761054)
(0, -0.07408630998984463)
(1, 0.7704821851825597)
(-1, -0.908461078507145)
(0, 0.29512334042477584)
(1, 0.06233760362006646)
(-1, -0.8253787953725562)
(-1, -0.8599804458529571)
(-1, -0.06963952594925749)
(-1, -0.6266660566457521)
(0, 0.0013202010289345562)
(-1, -0.7060561328535222)
