(0, -0.06879434147173225)
(-1, -0.7169400079311395)
(0, 0.17758943126925306)
(-1, -0.6812567606454917)
(1, 0.8045262915230775)
(0, -0.16650936570528144)
(0, 0.1298475248861255)
(1, 0.29765330490570807)
(0, 0.03706823014443347)
(0, 0.0708789818544327)
(0, 0.16103827624439432)
(0, -0.3976384535751839)
(0, -0.03161286886632862)
(-1, -0.17984702906050157)
(0, -0.03559791175783143)
(1, 0.8856037622825685)
(0, -0.06312502941177921)
(-1, -0.8498465343119116)
(0, 0.22118234345112783)
(1, 0.8194705806856133)
(0, -0.003999520175425195)
(0, 0.014390763132137413)
(-1, -0.9206552897155376)
(1, 0.783273597179559)
(-1, -0.30484248599918556)
(-1, -0.451361176372003)
(0, 0.17467827070055364)
(-1, -0.5578907680032446)
(1, 0.9728146200980554)
(1, 0.3810519853783306)
(-1, -0.14487709667722043)
(0, -0.28113956739622853)
(1, 0.6585694990813755)
(0, -0.2105240367348477)
(0, 0.11013088275499311)
(0, 0.2037107767646089)
(1, 0.9849076783608982)
(0, 0.272123323836844)
(0, -0.2583406926070482)
(1, 0.7662619905934537)
(0, -0.06393415817316073)
(0, -0.09844959459391331)
(0, -0.038725791814986386)
(0, -0.017043398780697605)
(-1, -0.30260855888047816)
(1, 0.955824642828444)
(0, -0.058506924875101174)
(0, -0.09465658827547191)
(0, 0.09269420980542944)
(1, 0.5167067017980348)
(1, 0.7801034763832521)
(1, 0.5653868763063248)
(0, -0.12372115881938132)
(0, 0.032621787034047195)
(0, -0.011925637471026915)
(0, 0.0008493822970899395)
