(-1, -0.8127674651924969)
(-1, -0.7453844816411709)
(-1, -0.01322004521185971)
(1, 0.9456455953368533)
(-1, -0.8996900436237557)
(1, 0.8482662680451497)
(0, -0.17468296173411202)
(-1, -0.8940034888984341)
(1, 0.7585310373121155)
(0, -0.0794336642450299)
(1, 0.11680547877084213)
(1, 0.9983709902230649)
(1, 0.9655644958647877)
(-1, -0.4122222493786664)
(-1, -0.9658434388387381)
(0, -0.13952578388475043)
(0, -0.10139969888879048)
(0, 0.0337592219574924)
(-1, -0.5117685071739586)
(-1, -0.2642039552816175)
(0, 0.46009507181533843)
(-1, -0.8378921229696358)
(-1, -0.09111487077896924)
(-1, -0.862609789153574)
(0, -0.04372162888508563)
(0, -0.1066364988871838)
(1, 0.7980662876220779)
(0, -0.007895576150446434)
