(-1, -0.7436111051122908)
(0, -0.08275534343696787)
(-1, -0.5139514529185055)
(0, -0.0208075276633069)
(0, 0.02572284516277957)
(0, -0.13931879930847685)
(1, 0.5215931899217121)
(0, 0.03822548135743155)
(1, 0.44812082804913533)
(0, -0.020817543870316535)
(-1, -0.558012730189517)
(0, -0.1660924380630736)
(-1, -0.9803506512666595)
(0, -0.051864086325088266)
(0, -0.2916609991960407)
(-1, -0.6834976912156745)
(1, 0.041011964312403615)
(0, -0.006285835691855042)
(0, 0.009594438569057569)
(1, 0.1207625726461633)
(0, 0.011451194744559093)
(0, -0.17124803385688614)
(0, -0.12399286241094382)
(-1, -0.5304479338728039)
(-1, -0.3621610486665793)
(1, 0.5716453708402907)
(1, 0.3128841512663165)
(1, 0.551597140263674)
(-1, -0.3123458405666815)
(-1, -0.3239325155523871)
(1, 0.18800324975418736)
(-1, -0.2191449368643449)
(0, -0.046568576142115334)
(0, -0.02394020110265327)
(1, 0.8790764569202119)
(1, 0.6711040980890067)
(0, -0.217002878521888)
(0, -0.20477139574407804)
(-1, -0.971039540743898)
(0, -0.009700420873478305)
(-1, -0.34494182880330015)
(0, 0.10022711460476583)
(0, -0.013508842294760275)
(0, -0.07083753403035413)
(0, -0.06308704399099015)
(0, 0.026295558394597136)
(0, -0.07566940614723595)
(-1, -0.5794384011950182)
(0, -0.21016970816572872)
(-1, -0.2764449197612834)
(0, 0.06740786507211227)
(0, -0.11542153015675347)
(-1, -0.5489919464850462)
(0, -0.35927096274649883)
(-1, -0.9911402604361472)
(1, 0.96867507612657)
(1, 0.9478342179842096)
(-1, -0.9862086900243601)
(1, 0.050494216018924676)
(1, 0.11094277810527137)
(-1, -0.45687409161843384)
(-1, -0.700822906785888)
(0, -0.20151709845378687)
(-1, -0.34241027048601624)
(-1, -0.9590465014297327)
(1, 0.6486554502151003)
(-1, -0.986018784128198)
(0, -0.0829700417285823)
(1, 0.26506146265216524)
(0, -0.017599559746397153)
(0, -0.00949222855976099)
(0, 0.11060770270927578)
(0, 0.033438170332353766)
(0, -0.1347529996854163)
(1, 0.8175603177600734)
(0, -0.19251593970765837)
(-1, -0.7744527629988571)
(-1, -0.7607085337152684)
(1, 0.7821584333122968)
(1, 0.6648441553616071)
(0, 0.018817528147243523)
(0, 0.04514815670335884)
(-1, -0.7543988403510679)
(-1, -0.2024572556838628)
(0, -0.16593580576737302)
(1, 0.11949416019295883)
(0, 0.023818374793158986)
(0, -0.04438114202052927)
(-1, -0.5329168906186673)
(1, 0.5380957128763575)
(-1, -0.9607477589904825)
(0, -0.11759527831613897)
(1, 0.42508366798965036)
(0, -0.15747939112508585)
(0, 0.004047511738205625)
(-1, -0.6926688435789462)
(1, 0.06735170768296095)
(0, 0.2121513142952592)
(0, 0.11749178813452607)
(0, -0.09960264085607425)
(0, 0.12799948958402455)
(0, -0.015111962167254349)
(1, 0.4031991846284947)
(0, 0.01824457420567141)
(-1, -0.9861791785358187)
(1, 0.25702186135403704)
(-1, -0.5266522560157374)
(1, 0.3893530902320798)
(0, -0.00537234074996462)
(0, 0.08457423626731726)
(0, -0.15600190965757935)
(0, 0.04734764834269592)
(0, -0.3176081035055494)
(0, -0.04129444191597662)
(-1, -0.22590198549246038)
(1, 0.5633263786028228)
(-1, -0.4539860408993417)
(0, -0.03709317267731296)
(0, -0.2329611890739535)
(0, -0.01735394678745525)
(0, 0.043206622357126676)
(-1, -0.6473464894194378)
(1, 0.2178158014292275)
(0, -0.33707732293041903)
(0, 0.02740008070876393)
(0, -0.21080514234849218)
(0, 0.02114318272290938)
(-1, -0.7273205363767241)
(0, -0.2589661016872716)
(1, 0.6706770719376499)
(0, 0.14382590143815177)
(0, 0.33154610633860493)
(1, 0.43975188256592)
(-1, -0.5427997788667596)
(0, 0.13143294521071203)
(0, -0.22839464719178398)
(0, -0.011991037861496273)
(0, -0.028343317910950933)
(-1, -0.0742249808361275)
(1, 0.6336373904055743)
(-1, -0.7758067498366854)
(0, -0.32476428825539955)
(0, 0.04452422981089704)
(-1, -0.9710327547758715)
(0, 0.0005340469556496252)
(-1, -0.4723238748374333)
(-1, -0.4746218628818424)
(-1, -0.8486218095541639)
(0, -0.01917714021970586)
(0, 0.18917190087149507)
(-1, -0.4550546517897424)
(0, -0.031545696620243105)
(0, 0.3349366057870164)
(0, 0.04861301289705232)
(1, 0.3732983419025027)
(1, 0.3336257217889349)
(0, -0.16398976493901574)
(1, 0.6640239424118465)
(1, 0.8161721588623305)
(0, 0.03337924725436895)
(0, 0.057415266673346045)
(-1, -0.8098627025113845)
(0, -0.15460856932666578)
(0, -0.10621176125474846)
(0, -0.01802852043737363)
(1, 0.9441351699429595)
(0, -0.3669037732748409)
(1, 0.1678621700571722)
(-1, -0.7698726956496194)
(-1, -0.26506374233447355)
(-1, -0.3258304449089118)
(0, -0.07438045018859299)
(0, 0.052236658601537395)
(0, 0.02132505707429283)
(-1, -0.1311075726530857)
(-1, -0.4437045134449471)
(0, -0.0694747406278412)
(-1, -0.5432511766612913)
(-1, -0.3813810121608717)
(0, 0.024526625728097377)
(0, -0.024930472637266526)
(-1, -0.373717667891871)
(0, 0.023310586914316367)
(0, -0.24424705372948724)
(-1, -0.5784226889742837)
(-1, -0.07885887677421394)
(0, 0.09103183230008405)
(1, 0.4838085151662602)
(1, 0.4581152114163032)
(0, 0.18347141280399024)
(-1, -0.3369526200048043)
(0, 0.22367073289126982)
(-1, -0.747433353713458)
(1, 0.5686272953841184)
(0, -0.0822231791389961)
(0, -0.034938703444948926)
(0, -0.14821096052540686)
(0, 0.017271233971302508)
(0, -0.1595813078920012)
(0, -0.19993518284758627)
(0, -0.37519125176925683)
(0, -0.024754758759634655)
(-1, -0.9423683162656988)
(0, -0.07758544601468696)
(0, -0.007895576150446434)
