(1, 0.5608885403600494)
(0, 0.02469764579153915)
(0, -0.01793440653982788)
(-1, -0.24696734431392176)
(-1, -0.359026022559136)
(-1, -0.6698343624106964)
(0, 0.4367503170836153)
(1, 0.9074029596947353)
(0, 0.03401154453050255)
(0, 0.019440884095676646)
(1, 0.9980444002292016)
(0, -0.30808572160507314)
(0, 0.2580601533259291)
(0, 0.0015712043730541749)
(0, 0.09571235567967734)
(0, -0.054596896767187056)
(0, -0.317869670153222)
(1, 0.5253362423645312)
(-1, -0.41331127128780976)
(0, -0.06184945927027003)
(0, 0.16035048941040603)
(-1, -0.03979384511838302)
(1, 0.8846892320125914)
(0, 0.022846709404210047)
(1, 0.8020730728958758)
(1, 0.5504475469219293)
(0, 0.07954006463953128)
(1, 0.6292924298030849)
(0, 0.07254978646927576)
(0, 0.08283914843163392)
(0, -0.2493427533813472)
(0, 0.07581927467695823)
(0, 0.07740259923772722)
(0, -0.2650394127958512)
(0, -0.09741474834008305)
(0, 0.2138393903887431)
(0, -0.1150132954130616)
(0, 0.2525207128502672)
(0, 0.17918870887842125)
(0, -0.0013825517326344781)
(0, -0.007895576150446434)
