(1, 0.22778100863348272)
(0, -0.04087547757983136)
(-1, -0.8815237939432445)
(-1, -0.9606508411958868)
(1, 0.9390389937992517)
(1, 0.9813478981837565)
(0, -0.06770384029316395)
(0, 0.19498374327151996)
(0, 0.21423076613226194)
(0, -0.05933225917525396)
(1, 0.5963066786931808)
(0, 0.09868095227950045)
(1, 0.862569813876846)
(1, 0.9870820777685242)
(-1, -0.07052303001675025)
(0, 0.2654428231020237)
(1, 0.9451873157135646)
(0, 0.04154285988350924)
(0, 0.061259169159146004)
(1, 0.9694419958564982)
(-1, -0.7509657848482327)
(1, 0.5128834530270008)
