(0, -0.11830475438537419)
(0, -0.11830475438537419)
(0, 0.05699493014753586)
(-1, -0.1233366087774928)
(1, 0.5486527202576162)
(-1, -0.5022230918780753)
(0, -0.006204607241741429)
(0, 0.07798759285095398)
(0, -0.20340369081314535)
(-1, -0.4321213089819133)
(0, 0.2496691970060005)
(0, 0.23814184097959767)
(0, -0.006799519298903785)
(0, 0.31167291111551043)
(1, 0.9284437943812308)
(-1, -0.14737376144802394)
(-1, -0.7452864664382884)
(-1, -0.22865456409011203)
(1, 0.05524738205760377)
(-1, -0.9495409470690575)
(-1, -0.6019077342142225)
(-1, -0.9723384327424559)
(0, -0.012540689689914827)
(1, 0.5791035089329201)
(1, 0.3428595303584122)
(-1, -0.5380535708453649)
(1, 0.02203463439347575)
(0, -0.10971501298646026)
(1, 0.1510551020936744)
(1, 0.9774542440345495)
(1, 0.7777500837914382)
(-1, -0.435006647092013)
(0, 0.02869639367760174)
(1, 0.19690188146694737)
(1, 0.6201178698549608)
(1, 0.9542803954789593)
(0, 0.037033985441755714)
(1, 0.49736933150584967)
(0, -0.006645067035955535)
(-1, -0.7646538077136401)
(-1, -0.14861913596310972)
(-1, -0.8609316092097142)
(0, 0.011713799710435166)
(0, -0.16229028230791198)
(0, -0.11460379553692832)
(1, 0.35150445080240666)
(-1, -0.2682106843481831)
(0, 0.017713704272961456)
(0, -0.04292423266103182)
(1, 0.7164396184741253)
(0, 0.05180972766905696)
(0, 0.12204058546296194)
(-1, -0.13682861765852478)
(0, 0.11039605207570205)
(0, 0.0826926322962586)
(1, 0.4361010627910765)
(0, 0.042172670816468416)
(0, -0.07448664919744703)
(-1, -0.7974113244855469)
(0, -0.116713980033449)
(-1, -0.854142293596892)
(0, -0.09674282692968189)
(0, 0.010524532279662283)
(1, 0.8763109185991559)
(1, 0.32485919881472836)
(1, 0.2628061857149433)
(0, -0.06419770173239928)
(0, 0.23940798056057053)
(-1, -0.6871794762436835)
(0, -0.12161644355303358)
(0, 0.08864347340483039)
(0, -0.015348601270747914)
(1, 0.38287198308601444)
(0, -0.037775613189433094)
(0, -0.1203544670929529)
(0, -0.06419770173239928)
(0, -0.05530359310487677)
(1, 0.45313624300288935)
(0, 0.04092832575153005)
(1, 0.06291860183024067)
(1, 0.1169229542053789)
(1, 0.04436637124816212)
