(1, 0.4147609998413943)
(0, -0.0942144680515091)
(1, 0.4146771732954671)
(0, -0.19537639856972536)
(0, 0.010473960584534842)
(0, -0.15483099057764121)
(0, -0.06899096660244142)
(0, -0.1078454625505295)
(0, -0.15975200674761542)
(0, -0.029621610648800478)
(-1, -0.5310382765492798)
(0, -0.37569393246180033)
(0, 0.24463018196967878)
(0, 0.020282192112392933)
(0, -0.17499438076619672)
(0, -0.1113726904307056)
(0, 0.0075689671891466335)
(0, -0.31415517331616566)
(0, -0.053086690841466194)
(0, -0.10464562069976772)
(0, -0.05070957712993417)
(1, 0.984317755827665)
(1, 0.9862465914211671)
(0, -0.22603605590669132)
(0, -0.11384512580253353)
(-1, -0.6674773813260574)
(0, -0.04607438534848121)
(-1, -0.8447676844716233)
(0, -0.20769221147354935)
(0, -0.018569748626032057)
(1, 0.23258824715709148)
(-1, -0.7676022794292303)
(1, 0.8880503498874553)
(-1, -0.9112501251745696)
(-1, -0.7352426008994803)
(1, 0.3988422404137224)
(0, 0.03618535079867949)
(-1, -0.34299181873162865)
(1, 0.047496249529170365)
(-1, -0.25503344424144153)
(-1, -0.9477360170165519)
(1, 0.39424462907586)
(0, -0.3127862295900331)
(-1, -0.777311032183025)
(1, 0.5374572889200198)
(-1, -0.11541182930701871)
(0, 0.019975091256166637)
(-1, -0.7219379894613542)
(-1, -0.38699912079622545)
(-1, -0.8271752747180707)
(-1, -0.3666053265005827)
(0, 0.0918415456159674)
(0, -0.03542803794200711)
(0, 0.11472424931245409)
(0, -0.01082203270878774)
(-1, -0.5404751733363995)
(1, 0.6846129917769339)
(0, 0.0604033722319678)
(-1, -0.40655517180853973)
(-1, -0.2780514576036531)
(1, 0.15867140277291525)
(-1, -0.069482452342994)
(1, 0.36454272486878964)
(0, -0.053204745697924744)
(0, 0.13074605398318634)
(0, 0.0754829832790962)
(0, -0.1332523662642502)
(-1, -0.386205315066558)
(-1, -0.9290582472320621)
(1, 0.7725050607290079)
(0, -0.05309123822135364)
(0, 0.26588187880890807)
(1, 0.6068791823763451)
(0, -0.16722919287341254)
(0, -0.3391628564098933)
(0, 0.05381693189607539)
(-1, -0.3078199738332156)
(-1, -0.626385560774591)
(-1, -0.5939962433232033)
(0, 0.044484387220111166)
(0, -0.1353125428664072)
(1, 0.3628178926201833)
(-1, -0.29449951353926396)
(-1, -0.5432934409394289)
(1, 0.9085474983340196)
(0, 0.032765265675933644)
(-1, -0.8787671090226881)
(0, 0.006119231900027729)
(1, 0.7198937754525435)
(0, -0.017361488864915682)
(1, 0.46620220609436425)
(0, 0.00755301100167079)
(0, -0.1287236323046025)
(0, -0.008786268671054013)
(0, 0.013227500951075416)
