(1, 0.35818214967226747)
(-1, -0.49074213646427456)
(1, 0.3396302059731674)
(1, 0.4627211332352922)
(1, 0.9418259983854232)
(0, 0.03668499729315139)
(-1, -0.9992582064846779)
(1, 0.15750207832857657)
(1, 0.2882077167193465)
(1, 0.8081327464324286)
(0, 0.28933427718335714)
(1, 0.4676995059371325)
(1, 0.3639390357047204)
(1, 0.8718961985923176)
(0, 0.2734524785685979)
(1, 0.06600674585408933)
(1, 0.6114261285084404)
(0, 0.008820057023880494)
(1, 0.7377820350161246)
(0, 0.21030461868308425)
(0, 0.0016385187475111557)
(1, 0.7868597254847688)
(-1, -0.20903437587974)
(1, 0.5039505068710126)
(-1, -0.7203482863229184)
(-1, -0.04450186857203253)
(-1, -0.03296456852704216)
(1, 0.7948406730517965)
(-1, -0.962022164104361)
(0, -0.0020732277483894584)
(0, -0.2985634316628167)
(0, 0.2269851761504296)
(-1, -0.3165380474384453)
(0, 0.04136809690213057)
(0, -0.21454954897100126)
(1, 0.18503145348928374)
(0, 0.19008932815934762)
(0, 0.05743410568950458)
(-1, -0.6666875824447613)
(1, 0.613059948843994)
(-1, -0.8090896787248514)
(0, 0.03581286403222872)
(0, 0.18486441747588284)
(1, 0.5059637096089802)
(-1, -0.22167283824837475)
