(-1, -0.8091218470770711)
(-1, -0.7816200569444177)
(-1, -0.8469071599141758)
(1, 0.6632871122780623)
(1, 0.9540222610202681)
(1, 0.645104521343741)
(-1, -0.9997784014807454)
(1, 0.0376560580214792)
(1, 0.4144518971849156)
(1, 0.9545505343665713)
(0, 0.0022968798341683454)
(1, 0.6005279877231237)
(-1, -0.45022182659944665)
(-1, -0.7210987936368061)
(1, 0.05656475316396542)
(-1, -0.9333772897532103)
(0, -0.189555695558683)
(-1, -0.9770270907621456)
(1, 0.2144301572372328)
(-1, -0.9248604534728306)
(-1, -0.28332311881777644)
(-1, -0.4275594956955243)
(1, 0.5554620313207523)
(-1, -0.3992976374890653)
(-1, -0.4023338506969209)
(1, 0.18341895469296915)
(1, 0.9167243112795949)
(-1, -0.3686709577757256)
(-1, -0.2515042261022978)
(-1, -0.2911037588710041)
(1, 0.4765599890475225)
(0, 0.15964096979938525)
