(1, 0.7702459444475831)
(1, 0.8252358352988072)
(1, 0.9601898866263517)
(-1, -0.15960929872938595)
(-1, -0.48849217769067177)
(1, 0.5676972900298499)
(1, 0.8286311924509012)
(-1, -0.9430695661186184)
(0, -0.006985188791114816)
(1, 0.6024549516548551)
(1, 0.9359094329104805)
(1, 0.5961207169627349)
(0, 0.143686895681625)
(1, 0.7959953230849249)
(0, 0.02358578987846857)
(1, 0.9810832794717009)
(1, 0.8512580031437256)
(0, 0.11761088857379333)
(-1, -0.6417501373050387)
(-1, -0.41224207041356675)
(-1, -0.9751726361104756)
(-1, -0.9962073912777412)
(0, 0.010657033594392795)
