(0, 0.14897155655924132)
(0, 0.1252900668923584)
(-1, -0.10570843998561247)
(1, 0.5979922699050652)
(-1, -0.1355782789924631)
(1, 0.7467691950044762)
(0, -0.0567435364271613)
(1, 0.5225598509169394)
(-1, -0.7107125888346826)
(-1, -0.3318751325363917)
(0, 0.04833873355247545)
(0, -0.3346215624335273)
(-1, -0.27386389446287845)
(0, -0.2645082811826945)
(-1, -0.4238066744294979)
(1, 0.6804908034409178)
(0, 0.05837674640395597)
(0, -0.06765460210613114)
(0, -0.06765460210613114)
(0, -0.22344103845341123)
(-1, -0.8623469465382411)
(-1, -0.49490900693575957)
(0, -0.30952770551544195)
(-1, -0.32025808751341356)
(-1, -0.3129143343707297)
(-1, -0.3642769314466879)
(-1, -0.9725584442747085)
(1, 0.6118855788570926)
(-1, -0.06606480181090624)
(0, -0.06293987576316343)
(1, 0.228128494345797)
(0, 0.19173563109353542)
(1, 0.819099527031468)
(0, -0.14787408315392447)
(-1, -0.36025146731667285)
(0, 0.036733199943560196)
(-1, -0.7039449180821956)
(-1, -0.8148454581191396)
(0, 0.2125859740644655)
(0, -0.09206531493120136)
(-1, -0.1747676842023279)
(1, 0.059077011143728764)
(-1, -0.11885554143028876)
(0, -0.12067426781700774)
(0, -0.20435135919021644)
(0, 0.02219180809108707)
(0, 0.05343234428364896)
(1, 0.11647217649739083)
(-1, -0.11706715658875166)
(0, -0.009028354260018641)
(0, -0.03442478058370474)
(1, 0.4149844430716496)
(-1, -0.7371022715113296)
(-1, -0.5241354582364577)
(0, -0.0410440702972146)
(-1, -0.9052056519533697)
(-1, -0.16283439760840313)
(0, -0.03821686085859467)
(1, 0.6583954830864448)
(1, 0.4048632891181656)
(0, 0.11205645117243912)
(0, -0.09306750891459659)
(0, 0.28894074086775867)
(-1, -0.7567606591516344)
(-1, -0.9820833738237212)
(0, -0.27774835353300853)
(1, 0.06934551491064128)
(-1, -0.5300487327916673)
(-1, -0.6790059670792976)
(1, 0.4266219182658054)
(1, 0.4650497882782441)
(-1, -0.8346405109453067)
(-1, -0.6499492405261229)
(-1, -0.5786115702468033)
(-1, -0.33035354936064343)
(1, 0.7928398631723195)
(-1, -0.35591776976703005)
(1, 0.8290670992514266)
(-1, -0.9387742962547114)
(-1, -0.4769239819263407)
(-1, -0.7745633111721206)
(-1, -0.4604021861330354)
(1, 0.5023574935260415)
(0, 0.07086295971054665)
(0, -0.0400331474602115)
(0, -0.04072842196604043)
