(0, -0.18675989376913882)
(0, 0.12651220563343862)
(0, 0.035107519241376506)
(0, 0.028195687246922105)
(0, 0.026309332909470424)
(0, 0.015900601201174775)
(0, -0.0033822964567786747)
(0, -0.0035268252979681817)
(0, 0.006613263451787341)
(0, 0.02609388314986242)
(0, -0.10649681278971102)
(0, -0.15310779961090892)
(0, 0.053370909059552836)
(0, 0.005322805161187016)
(1, 0.21749269542057048)
(0, 0.1309042031013536)
(0, 0.06907917934730473)
(1, 0.8157411111133116)
(0, 0.03166591142920451)
(0, 0.19299806629964567)
(0, -0.07152664018809929)
(0, 0.0807074062780459)
(0, 0.011120903890138173)
(0, -0.13440468463323424)
(0, 0.0820556705616645)
(0, -0.13628876248195665)
(1, 0.2923358819723098)
(0, -0.0009256344024097841)
(0, -0.2261617897281508)
(-1, -0.34335421078900874)
(0, 0.10390381978369478)
(0, -0.30973887140949746)
(1, 0.7240201150256568)
(0, -0.09459193045785251)
(0, 0.07123993742604778)
(1, 0.4536062597466027)
(1, 0.997438343912257)
(1, 0.8031889543002043)
(0, 0.0707524050179337)
(1, 0.8040540318879099)
(0, 0.020347376450207084)
(1, 0.7636024923258663)
(1, 0.8330248977627522)
(1, 0.9868546941319627)
(0, 0.08278968661889877)
(1, 0.9370963647967582)
(1, 0.16927512589709565)
(1, 0.829774991958354)
(1, 0.9981739110092526)
(1, 0.1408085116895903)
(1, 0.6074638057303844)
(0, 0.13468447227556737)
(0, -0.01823667620333324)
(0, -0.02447755004986582)
(0, 0.002757816925360923)
(1, 0.18811520037513524)
(1, 0.39527876066506973)
(1, 0.6259078974794867)
(0, -0.1266332175576476)
(1, 0.8322390989128015)
(0, 0.12458256542153967)
(0, 0.009340548416454934)
(0, 0.01895759977276487)
(0, -0.07687460580640147)
(0, -0.022122692933653085)
(0, -0.06263371669830509)
(0, -0.05369349931743736)
(0, -0.020133542079604452)
(1, 0.7571794517468349)
(0, 0.019607267975195238)
(0, -0.039816395828047996)
(-1, -0.3676132841689319)
(0, 0.12147794885004179)
(0, 0.18459386859521693)
(0, 0.011340642379358553)
(-1, -0.40541090700647964)
(0, 0.050225760751571896)
(0, 0.14819552940551672)
(1, 0.4682153474967534)
(0, -0.29289761757705224)
(1, 0.8756307217097888)
(1, 0.8628026103985749)
(1, 0.556366089191706)
(0, -0.08275461346366259)
(0, 0.08351759997460742)
(0, 0.22203852006441055)
(0, 0.023338022876582723)
(0, -0.4168746164818962)
(0, 0.09369236282303038)
(-1, -0.6339780107920916)
(0, 0.11634715385784011)
(0, 0.20301790762713037)
