(-1, -0.6257766332784177)
(-1, -0.5491886094321417)
(0, -0.09835636420075214)
(-1, -0.43308432889281845)
(-1, -0.7953001900213988)
(0, 0.059750241435206394)
(0, -0.22609487248468652)
(0, -0.27748243243536463)
(1, 0.34253898500788316)
(0, 0.19595403083537344)
(1, 0.6997445775824467)
(-1, -0.39080532427013237)
(1, 0.32278007619491395)
(-1, -0.6275041090186935)
(-1, -0.6135769797042333)
(-1, -0.48535267648912134)
(-1, -0.7106082865967459)
(0, 0.17270429366110668)
(1, 0.3121935136057964)
(0, -0.3065967540732955)
(0, 0.06338509884904386)
(-1, -0.9729812613563252)
(1, 0.2896999173398275)
(-1, -0.4653241621094197)
(-1, -0.5607689127499021)
(0, -0.2595493354742111)
(-1, -0.29275432948083946)
(0, 0.09050077452691818)
(-1, -0.9467281266670547)
(-1, -0.977135644092668)
(1, 0.034623187132678424)
(0, -0.365438423085366)
(-1, -0.2746992975395844)
(0, 0.025351577811135895)
(0, -0.10600315485548564)
(-1, -0.011379019509031862)
(0, -0.14002258488781855)
(-1, -0.6745370899469018)
(-1, -0.7320228174335544)
(1, 0.44698659646111927)
(0, -0.16473988963048497)
(-1, -0.5055886834518496)
(0, -0.10426668827514297)
(1, 0.09340747994300364)
(-1, -0.9230398287804864)
(-1, -0.8586633943165819)
(1, 0.5649813499991853)
(-1, -0.9374449746327453)
(1, 0.01735423539458225)
(1, 0.23685103267545993)
(0, -0.3024603647045296)
(0, -0.2513082848906946)
(0, 0.33612354549872697)
(0, 0.020012261114086466)
(1, 0.19999240027987447)
(0, 0.0578421824586758)
(-1, -0.012858118257038476)
(0, 0.0731636434276328)
(-1, -0.0637984514672097)
(-1, -0.7885089171236978)
(-1, -0.5265719188814684)
(0, 0.1625201885823483)
(0, -0.01914044755710559)
(0, 0.2424227976750663)
(0, 0.25219341173222404)
(0, -0.21871824544721774)
(1, 0.8792663444287409)
(0, 0.08592559316281788)
(0, -0.14820808490640872)
(-1, -0.7822199624451799)
(-1, -0.5558469578045913)
(0, 0.10775827999243048)
(0, 0.040373582738098546)
(-1, -0.4035558978151548)
(-1, -0.9966929247086982)
(-1, -0.005474687243812282)
(-1, -0.7075400066187856)
(-1, -0.20356980730003804)
(-1, -0.20537209371151566)
(-1, -0.947659221840729)
(0, -0.2657892606204631)
(-1, -0.0781441065717372)
(-1, -0.03160979741741865)
(-1, -0.34130699928135244)
(-1, -0.9336096560178981)
(-1, -0.9145477707553997)
(-1, -0.8190063021293592)
(-1, -0.57684961264951)
(0, -0.11711081245924188)
(-1, -0.45646528214706594)
(0, -0.12290970428466655)
(1, 0.3288405781564159)
(1, 0.5422639581837102)
(1, 0.43336314440244506)
(1, 0.25794164887371546)
(0, 0.08405446243280662)
(1, 0.05916783777128398)
(-1, -0.5605471210275937)
(1, 0.24301758432316473)
(1, 0.3540537516091318)
(0, -0.13066596075775969)
(-1, -0.1831627714913801)
(0, -0.009028774739983508)
(-1, -0.9724595607512208)
(-1, -0.9475713217994884)
(0, 0.16586470772817594)
(0, -0.07720187280972948)
(-1, -0.6169132972541449)
(0, -0.03892611725608491)
(1, 0.5160900019299469)
(1, 0.32294507681558343)
(1, 0.21118725902295216)
(-1, -0.6233410012477568)
(1, 0.8921253586751583)
(-1, -0.5898771861167524)
(1, 0.3664457775440233)
(1, 0.7113290711172144)
(1, 0.1593278057792062)
(1, 0.36954385147391855)
(1, 0.3295378283577365)
(-1, -0.5761602607831525)
(1, 0.3491454531935254)
(-1, -0.7908084785034997)
(0, -0.06821304643151038)
(-1, -0.444577903392817)
(1, 0.5654718667480066)
(1, 0.696455140238772)
(-1, -0.06541724214002698)
(1, 0.6299913812364333)
(0, -0.13257666536202228)
(0, 0.25683114024059384)
(0, -0.026505285873063684)
(0, 0.057111616518439004)
(1, 0.5346898016426065)
(0, -0.02444331053787077)
(0, 0.07837138768005475)
(1, 0.5721449139770437)
(0, 0.13922251763100174)
(1, 0.8615738013574676)
(1, 0.03617777546937856)
(0, 0.005983214010896895)
(1, 0.692984649166286)
(1, 0.711475148128603)
(0, -0.2399798148410335)
(0, 0.21385505855737663)
(0, 0.299937823686424)
(-1, -0.3678636659136115)
(1, 0.09936675934465261)
(1, 0.009249893487986716)
(1, 0.3024733273059302)
(-1, -0.4788840606737785)
(-1, -0.9650586764915664)
(0, -0.21683132044416115)
(-1, -0.4434120752944597)
