(0, 0.039488001144425605)
(0, -0.042190739919399464)
(0, -0.1387916304772319)
(0, -0.01499050439096624)
(0, -0.003015254240108397)
(1, 0.18881563210387087)
(-1, -0.5199842815337515)
(0, -0.1299318970721889)
(1, 0.7047882105840246)
(0, -0.021074578323168933)
(0, 0.15049832745112457)
(0, -0.016463051909981978)
(1, 0.53752820619548)
(-1, -0.3424955982693018)
(0, 0.19248509846770095)
(-1, -0.8231652541417049)
(1, 0.517018961046138)
(-1, -0.1244918463012285)
(1, 0.7553721218756441)
(0, -0.004169693171153098)
(-1, -0.44677737610843193)
(-1, -0.2841840237950439)
(-1, -0.5310613102334836)
(0, -0.30374484145928327)
(-1, -0.3248868522635239)
(0, 0.1488559892646283)
(1, 0.17925047013038747)
(0, -0.3357578707505361)
(0, 0.1741896366601326)
(0, 0.12085113945676484)
(1, 0.998737917100133)
(1, 0.4114874967341266)
(1, 0.20940445342791963)
(0, 0.06567038073712905)
(1, 0.9014805616940246)
(-1, -0.22542377747724568)
(0, -0.33635887012685395)
(-1, -0.3437186995623001)
(-1, -0.5606963415993619)
(0, 0.009437384906541715)
(0, -0.11958416408633467)
(-1, -0.9256368900466408)
(0, -0.1985299303218596)
(-1, -0.5807785760601366)
(0, 0.12581090342920132)
(0, 0.0024528904390760387)
(-1, -0.8166081853922076)
(1, 0.36309490402532935)
(0, -0.1641665216309616)
(1, 0.496789109483515)
(1, 0.42179981267350847)
(0, -0.3360300239336573)
(0, -0.14659284228167666)
(0, -0.395954854767448)
(0, 0.30005785305830635)
(-1, -0.9544287668481777)
(-1, -0.2490877485798046)
(-1, -0.40008849557568527)
(0, 0.09877072353709772)
(0, -0.20662397768271046)
(-1, -0.5786162583944694)
(0, -0.13258995673098437)
(0, -0.06821385172949687)
(0, -0.0026891687035660583)
(1, 0.21095985719626115)
(1, 0.30323222972965774)
(1, 0.9963826784076512)
(0, 0.060466264254141214)
(0, -0.02204796757925693)
(1, 0.29790308899849116)
(0, 0.16749661858751752)
(0, 0.09859575960878691)
(0, -0.009639885781253028)
(0, -0.06892449815105985)
(0, 0.10162683302412684)
(-1, -0.4276089153434325)
(0, 0.09978998665004667)
(0, -0.024130336304333477)
(-1, -0.43898872893185215)
(0, 0.004600096153306246)
(1, 0.5211376694274398)
(0, -0.029999609198324284)
(0, -0.07023035809041736)
(0, 0.001291874625522257)
(1, 0.4474846004868527)
(0, -0.03399456557467052)
(1, 0.2626822110873835)
(-1, -0.20224325858972172)
(0, -0.3708200987074681)
(1, 0.5241110147639191)
(0, 0.03896956630150181)
(0, -0.0641852038770604)
(-1, -0.10153308277674838)
(-1, -0.217672699376469)
(-1, -0.8888719283504103)
(1, 0.9458471154008284)
(1, 0.08154345162421228)
(0, -0.07357615379936527)
(1, 0.4258586717178777)
(1, 0.6553560395218808)
(1, 0.21071635102054287)
(1, 0.8594899356507335)
(0, -0.03575973475069941)
(-1, -0.521536968159773)
(1, 0.5675160190710178)
(0, 0.05998610288545141)
(0, 0.36407986657540914)
(1, 0.9130056882985024)
(0, 0.08571553762839881)
(0, 0.16463107810683988)
(0, 0.1879857996565997)
(-1, -0.4478953922308418)
(1, 0.7084325850482965)
(-1, -0.8550313168723174)
(-1, -0.525946862194182)
(0, 0.11939603783233613)
(-1, -0.366792991939585)
(0, 0.09256728687259197)
(1, 0.3250370157907601)
(0, -0.055606598068081645)
(0, -0.04914512873802887)
(0, -0.018935843705893046)
(0, 0.1705579941462152)
(0, -0.18445420047257458)
(0, -0.22303694893998383)
(0, 0.20837795593633485)
(0, -0.18622974148435542)
(0, 0.16036332492155897)
(0, 0.011120787445901559)
(-1, -0.8975689349526803)
(-1, -0.5629649896869604)
(1, 0.6502783637974094)
(0, 1.3942697577595808e-05)
(0, -0.11468105683731902)
(0, -0.0036497171929066458)
(0, -0.4145903311081631)
(1, 0.4506417935014792)
(-1, -0.5428756428985075)
(0, 0.31950111400640757)
(0, 0.007853449249525496)
(-1, -0.7713096426790226)
(0, -0.10936332959068773)
(0, -0.14199066500463087)
(1, 0.0947216451273043)
(-1, -0.9668085690376887)
(0, -0.015383760646620778)
(-1, -0.8703446818418162)
(0, 0.13619141137871238)
(1, 0.7363833714160324)
(0, -0.0281731641727097)
(0, -0.2043642945627337)
(-1, -0.43510394211155107)
(1, 0.2856489804275282)
(-1, -0.6197226821541177)
(0, 0.15842507906354564)
(0, -0.14266767808905356)
(0, 0.024694295770900127)
(1, 0.25557473684998155)
(0, 0.08393385971750343)
(0, 0.015135548748574201)
(-1, -0.4121106148193696)
(0, -0.0026107082979921724)
(-1, -0.3324500941770322)
(0, -0.19296887995040918)
(1, 0.3764652264987588)
(1, 0.6553560395218808)
(1, 0.09210067581084974)
(-1, -0.9213292256039487)
(0, 0.03669608929025748)
