(1, 0.9991986681507166)
(-1, -0.40778199723362374)
(1, 0.18719626047680604)
(0, -0.09992143566163364)
(1, 0.38837975824315746)
(0, -0.06782664949747008)
(1, 0.4526898004999178)
(0, 0.12444697407314137)
(0, -0.31376467609991376)
(0, -0.06271363243040795)
(0, -0.16580160297716662)
(-1, -0.7976037496544348)
(1, 0.8841590280817743)
(1, 0.6792307481365889)
(1, 0.6553890502832668)
(0, 0.026079057878132916)
(1, 0.009879859819801606)
(0, 0.05169105989148254)
(1, 0.6895329715822632)
(-1, -0.45551112903595203)
(-1, -0.23927265647588686)
(0, -0.03111933922753555)
(-1, -0.6784032394773949)
(-1, -0.8644635281499766)
(-1, -0.8912208108781252)
(1, 0.8882388143781329)
(-1, -0.44022191686500417)
(1, 0.8576029298853102)
(1, 0.16531470340593313)
(1, 0.22586937326678924)
(1, 0.46829479014408193)
(0, -0.06244320935330623)
(1, 0.3091539228391753)
(0, -0.24565554954104948)
(-1, -0.5683338737375881)
(0, -0.3858216721026575)
(1, 0.5007750315505274)
(-1, -0.6515209287368426)
(0, 0.02171344215444132)
(1, 0.921201905642518)
(1, 0.5170902328863893)
(0, -0.01877075112142175)
(-1, -0.1934897208817041)
(1, 0.9195317115299652)
(1, 0.9194584142123623)
(1, 0.5792459252079144)
(1, 0.31371888336607595)
(0, 0.12269194922463937)
(-1, -0.0499110578470382)
(0, 0.33796709581970796)
(1, 0.8655579213832636)
(0, -0.10862623405526188)
(-1, -0.5862444322861607)
(0, -0.2049640839115509)
(0, 0.013459880604573767)
(-1, -0.3737418776599834)
(1, 0.3947268730223497)
(0, -0.03556930735296169)
(1, 0.46477697051777844)
(1, 0.017202254259041483)
(1, 0.7774900376101482)
(-1, -0.26260872670619434)
(0, 0.13847091287112823)
(1, 0.4377871775716068)
(0, -0.015339864076538472)
(0, -0.25659220972269997)
(1, 0.3225976002480029)
(0, 0.17666112300282616)
(0, -0.08549932647245752)
(1, 0.699128798913218)
(0, 0.06315163590698783)
(1, 0.49855892929857426)
(0, -0.07976925852899852)
(0, -0.14340118467971127)
(-1, -0.8061394028442151)
(0, 0.0009102683877769274)
(-1, -0.655412652895915)
(0, -0.0800287785392175)
(0, -0.006969871889752843)
(0, 0.08744906545516466)
(0, 0.3097331368284286)
(0, -0.015154515473453894)
(-1, -0.46291142373994415)
(1, 0.8728282697382811)
(0, -0.012028005486967822)
(0, -0.22660346510777818)
(-1, -0.5435312397176605)
(-1, -0.7599682953116059)
(0, -0.23399535846171413)
(0, -0.4572157942687129)
(0, -0.2563374001406813)
(0, 0.02154312262586934)
(0, -0.07065177692601551)
(0, -0.00790558590898438)
(0, -0.13795078530960497)
(-1, -0.1600399341483595)
(0, -0.12982168945935593)
(0, -0.3418144248226391)
(-1, -0.555331494047688)
(0, 0.026636751453654663)
(0, 0.10093274565499272)
(0, -0.1331948571617867)
(1, 0.3244749775734709)
(0, -0.2506214813199998)
(0, 0.19114000428994787)
(0, -0.07074442471807682)
(0, 0.021756798869322663)
