(-1, -0.9880256543226235)
(1, 0.9486179559037093)
(-1, -0.23652630176993544)
(1, 0.928886388759645)
(-1, -0.9980925716562503)
(-1, -0.9781961062367031)
(-1, -0.9288284496888577)
(-1, -0.9654581958267072)
(1, 0.8626370891444499)
(-1, -0.8454408485197088)
(-1, -0.7861940265922116)
(1, 0.9501200946156156)
(1, 0.28327810192305425)
(-1, -0.9714942408494067)
(-1, -0.3415686862535757)
(-1, -0.41766311104525994)
(-1, -0.3071783906620702)
(1, 0.02592365786083156)
(1, 0.663313199409026)
(0, -0.2526386894400981)
(-1, -0.2541141491982897)
(1, 0.7852731654124956)
(-1, -0.5961507463002073)
(-1, -0.7390182266162704)
(1, 0.5334493527161444)
(1, 0.38356688772332626)
(1, 0.8934036183212862)
(0, -0.23356444214419445)
(-1, -0.9058041838445472)
(1, 0.8144416184506574)
(-1, -0.05789494519761307)
(-1, -0.8923433306622408)
(1, 0.07841146018120809)
(0, -0.24333101147533565)
(-1, -0.9679893790434099)
