(0, 0.4071426847092719)
(0, -0.05751562167619445)
(0, -0.02981521447705035)
(0, -0.09847299583891868)
(0, 0.13220867472831427)
(0, 0.03165206819555817)
(1, 0.9814328782598026)
(1, 0.9658549071745186)
(1, 0.8290614564625824)
(-1, -0.7774569271373497)
(1, 0.5073313772287904)
(-1, -0.9853143893143974)
(0, 0.3138905221073773)
(-1, -0.9552050311647792)
(-1, -0.8290323982361969)
(1, 0.9395900273933775)
(-1, -0.396665888915675)
(0, -0.102965682112461)
(0, 0.10887525810412912)
(0, 0.0074898170154595305)
(0, -0.010626061978954235)
(0, 0.26144705944748625)
(0, 0.07048554746373005)
(1, 0.39915686015044444)
(0, 0.3433531137613982)
(1, 0.6076753190390115)
(0, 0.15134086697654636)
(0, -0.13559927079498374)
(0, -0.12178527270990024)
(0, -0.3268569216221554)
(-1, -0.32004413626080186)
(0, -0.15020059872847386)
(0, 0.14821303607700928)
(0, -0.026312445449374722)
(0, 0.036106925509746576)
(0, -0.044981113648432935)
(0, -0.0296831530103883)
(0, -0.04899097150814249)
(0, -0.12249573369904543)
(0, 0.03597888445465354)
(0, 0.047294806522296895)
(0, 0.3617847807374769)
(0, -0.011756966882302988)
(-1, -0.2827131163448184)
(0, 0.044107548071897096)
(0, -0.01431679523309313)
(1, 0.6116570779654239)
(0, -0.017875064909604933)
(0, -0.10949064759024282)
(0, -0.30812947795270645)
(-1, -0.9964888810067896)
(0, 0.3082082218679822)
(0, 0.06460033861781755)
(1, 0.742751084399993)
(0, -0.06980305861844532)
(0, 0.03403051828143246)
(0, -0.13617947547948694)
(-1, -0.23689861771528803)
(0, 0.20477877634522398)
(-1, -0.8692956247495768)
(0, -0.01276105775153441)
(0, 0.08721513083360345)
(0, 0.20354335510340243)
(0, -0.3319531172564133)
(-1, -0.5764893843991371)
