(0, 0.2656241237163802)
(-1, -0.7733768282296888)
(-1, -0.6555616692577337)
(1, 0.8859434056458372)
(0, 0.03135672332849899)
(1, 0.9174484407679258)
(1, 0.22242079288449434)
(0, -0.25497984525663286)
(1, 0.6979872561407346)
(0, 0.0519281461648642)
(0, 0.13142247152406203)
(1, 0.5102233119117237)
(0, 0.13350531323606624)
(0, 0.11381697240360528)
(0, 0.01297330396756417)
(0, 0.3515173793833452)
(1, 0.6978939311804654)
(0, -0.048560328668368805)
(1, 0.7670166172295217)
(1, 0.9179687222212342)
(-1, -0.12960336389002097)
(1, 0.487002412353679)
(1, 0.6990409235151466)
(1, 0.8656403608666391)
(0, 0.11019646098558114)
(1, 0.4280341754566197)
(-1, -0.13479738381907846)
(-1, -0.6866525378348733)
(1, 0.26037054539408117)
(-1, -0.8792379667638255)
(0, 0.26889100791927756)
(0, 0.032621787034047195)
(0, 0.15107414796735902)
(0, 0.10381386855626848)
(0, 0.03984970311938571)
