(-1, -0.7549513258433077)
(-1, -0.023344565082857427)
(-1, -0.6663130627581564)
(-1, -0.4407233541550062)
(-1, -0.48483818744907625)
(0, -0.0023737492079320827)
(1, 0.7831414880306813)
(0, 0.05486350596062758)
(1, 0.14555050800766756)
(1, 0.14606641326246372)
(0, -0.41201185289113934)
(-1, -0.9939046595842014)
(0, -0.43548121528580747)
(-1, -0.18163791847183752)
(-1, -0.10856475629915496)
(-1, -0.1055001289403728)
(0, -0.04367815796189887)
(1, 0.5165779418601211)
(1, 0.06667421470731122)
(1, 0.632349478372068)
(1, 0.2495279922273525)
(-1, -0.9284803082225954)
(0, 0.07700207723938654)
(0, -0.0028689265555821714)
(0, 0.058649447637734504)
(0, -0.10108540516713342)
(0, 0.13340764456945667)
(1, 0.7333687872107796)
(-1, -0.44247330887680747)
(1, 0.2236098459999265)
(-1, -0.4718402241944884)
(1, 0.8136409290481617)
(0, 0.05068678413280796)
(-1, -0.3862548575562822)
(0, 0.029821956453272194)
(0, -0.03485763357635741)
(1, 0.40400639879459066)
(0, 0.1142806181952673)
(1, 0.7312223697964415)
(1, 0.8408860087310831)
(-1, -0.2703977646855134)
(0, 0.03632027321451774)
