(1, 0.12902018906532453)
(0, -0.11034480011388281)
(-1, -0.5331626545052521)
(0, 0.3699312531256355)
(0, -0.0022007988594019007)
(0, 0.09355923501960774)
(0, -0.09604128613417878)
(0, -0.020408219261502075)
(0, 0.3229085990879844)
(0, -0.07234913154464696)
(0, 0.09232216633094073)
(0, -0.006378982611821351)
(1, 0.9788899875917147)
(0, 0.08017946593510075)
(0, -0.02953162587340845)
(0, 0.11257291924328802)
(0, 0.19673609619396631)
(0, 0.03578247884930065)
(1, 0.8081768693015909)
(0, 0.03161071370255912)
(0, -0.00707845943011251)
(-1, -0.27480259273353014)
(0, -0.001582741680599459)
(1, 0.1619771869151143)
(1, 0.31631131085720965)
(0, 0.06411487679848388)
(1, 0.9027306999312106)
(0, -0.020839622064905004)
(0, 0.026030171831742416)
(-1, -0.9533526643503937)
(0, 0.10919985895522488)
(0, -0.14738465265966055)
(1, 0.6395628947663929)
(0, -0.014873510475023676)
(0, 0.28497915037414434)
(0, 0.354446365558543)
(1, 0.4818208246808996)
(0, -0.19963639273706593)
(0, -0.21014051564737782)
(-1, -0.8986253620033393)
(0, -0.22178169968116623)
(1, 0.494682814045989)
(1, 0.1460023634643861)
(1, 0.2571940153779578)
