(-1, -0.3548178841100069)
(0, -0.2506557467722653)
(0, -0.17519013050424775)
(1, 0.6684633022767263)
(-1, -0.6251562398575428)
(0, 0.33609699458156966)
(-1, -0.275175562637587)
(-1, -0.9848630922618364)
(1, 0.87182145626387)
(1, 0.9540053434729053)
(1, 0.7204421697035042)
(1, 0.5520440313314353)
(-1, -0.28495220689957174)
(1, 0.2471938370765685)
(1, 0.6087729535602249)
(1, 0.017644454124162046)
(0, 0.17172048086373262)
(-1, -0.4541611046273346)
(-1, -0.7260707246239219)
(1, 0.28759740155786584)
(0, 0.16202394340179682)
(-1, -0.6830392587024441)
(-1, -0.9015622187451453)
(-1, -0.8502488255149967)
(-1, -0.7303304492036179)
(1, 0.41838891145043056)
(1, 0.47169524479741803)
(-1, -0.47485553471761466)
(1, 0.6724166846545944)
(-1, -0.6628191790440142)
(-1, -0.5469991191779552)
(-1, -0.7002849224766083)
(0, -0.10637481414638222)
(0, 0.024759890742842884)
