(-1, -0.36944360641964935)
(1, 0.9227918007721366)
(0, 0.04189044191574984)
(0, 0.0024940431318536036)
(1, 0.5502959779630385)
(0, 0.0036618471301798697)
(0, 0.013384201724194337)
(0, -0.06325985802914501)
(1, 0.49486019065107123)
(0, -0.01309286761319918)
(1, 0.21533315363656302)
(0, 0.07709615598937225)
(0, 0.06178855078894337)
(0, -0.2316067883355426)
(1, 0.7093362993273993)
(1, 0.41999966985602805)
(1, 0.5403923134515627)
(0, -0.0905623094649334)
(0, -0.01890550107868441)
(0, -0.08557591943589474)
(1, 0.5074440244413365)
(0, 0.0835524551422947)
(1, 0.4334855523754795)
(0, 0.3934882760269059)
(0, -0.020733317869892923)
