(1, 0.7801640810513223)
(0, -0.06398420803142935)
(1, 0.693557256377858)
(0, -0.0752668547873335)
(-1, -0.3109342011959584)
(0, 0.014897745414575045)
(0, -0.1322245335187444)
(0, -0.2576503724569168)
(-1, -0.5002722687128762)
(0, 0.10739720965714447)
(0, 0.03609410958570011)
(0, -0.1150501504633793)
(1, 0.42319898584945864)
(1, 0.8176889848636938)
(-1, -0.48102501877451764)
(0, -0.11133308704909865)
(1, 0.8954553460469208)
(-1, -0.46045173693498365)
(-1, -0.2445767567562796)
(1, 0.8714397242427014)
(-1, -0.16098650738460313)
(1, 0.7987805775768845)
(-1, -0.9690024834130777)
(-1, -0.9641488393068399)
(1, 0.8925023310051436)
(-1, -0.8856186628122051)
(-1, -0.4824753836240171)
(-1, -0.3783688158698525)
(0, -0.08309681832592307)
(0, -0.04102617859517096)
(0, -0.013614769305373942)
(1, 0.7582455782365912)
(-1, -0.7005218463517394)
(1, 0.8510355093766286)
(1, 0.4445678655709896)
(0, -0.062102822314985553)
(1, 0.9681515843840245)
(0, 0.34927140009451796)
(0, -0.017133625181095957)
(0, -0.03410825328971845)
(0, -0.05409726968904123)
(1, 0.2841252629726394)
(1, 0.4689801829867235)
(0, 0.20046147294410374)
(0, -0.0035646731520270203)
(-1, -0.5719322258225902)
(0, 0.033183318910364884)
(0, -0.2381175515271096)
(-1, -0.45506636982586124)
(0, -0.2786752042861945)
(1, 0.6635311041957432)
(1, 0.5418722022876944)
(-1, -0.8939877096702261)
(1, 0.48703116928162893)
(0, -0.04562178441566374)
(1, 0.7403410597770568)
(0, 0.03779604358290161)
(-1, -0.9523176976302204)
(-1, -0.736877192287721)
(-1, -0.03864861837048422)
(0, -0.05491401411485172)
(0, -0.13935953252588487)
(-1, -0.7681330076194334)
(-1, -0.3235158893614085)
(-1, -0.13175985795273398)
(-1, -0.3608905925493564)
(0, -0.0497050624008904)
(0, 0.006124187580094365)
(-1, -0.7328620571295409)
(1, 0.7858633601317068)
(0, 0.3502197643312188)
(-1, -0.7424099508075126)
(1, 0.1352092177473121)
(1, 0.654607135311129)
(0, 0.3029520748176053)
(-1, -0.942408627221373)
(1, 0.6296612888514707)
(-1, -0.5467879046428441)
(1, 0.9676832302435985)
(-1, -0.573668017381338)
(1, 0.6329116947342319)
(0, -0.13420880119504158)
(0, -0.06048239827379076)
(1, 0.05862334740267222)
(-1, -0.6295141510663116)
(-1, -0.7489772086095396)
(-1, -0.5965858433690833)
(-1, -0.3837393282915316)
(-1, -0.9361806756851571)
(1, 0.05179756005975994)
(1, 0.552188378972202)
(-1, -0.8759971069650877)
(1, 0.9449949717769284)
(0, 0.14778028903767695)
(0, -0.12891812292290547)
(0, 0.19067046662175172)
(0, -0.0043498541479884325)
(0, 0.061515027964770194)
(0, 0.010882879981650367)
(0, -0.414722196187863)
(0, 0.24797460871060975)
(0, 0.26719644892053046)
(-1, -0.49659312232468034)
(-1, -0.8895959014931231)
(1, 0.18636859861156357)
(-1, -0.9145699657214458)
(0, -0.24872872632002005)
(-1, -0.879632167977964)
(-1, -0.8482762168814262)
(1, 0.6254927756232836)
(0, 0.03978946572364872)
(-1, -0.5221281356423759)
(-1, -0.8192696941319233)
(0, -0.054524403702038204)
(-1, -0.8207533166327453)
(-1, -0.016992931963726088)
(-1, -0.42445459626245424)
(-1, -0.4371457716023972)
(-1, -0.24449939468245652)
(0, 0.038209794657813295)
(1, 0.44685449408144534)
(-1, -0.542906592803423)
(0, -0.012114971831646053)
(-1, -0.9055948138789374)
