(-1, -0.5359745199569119)
(0, -0.011676902538726663)
(0, -0.04192573065866692)
(-1, -0.12122161184176733)
(0, 0.034131272472105095)
(0, -0.056718280381575975)
(0, -0.34266494283795024)
(-1, -0.35851997486219667)
(-1, -0.8171164468320663)
(0, -0.1235098795245819)
(0, -0.17781128556964096)
(0, 0.021738352808078815)
(1, 0.8087688947252544)
(-1, -0.5421098467374822)
(1, 0.3837171914123606)
(1, 0.03896691149729231)
(0, 0.19803361990021956)
(-1, -0.613705438894885)
(-1, -0.8174326429957539)
(-1, -0.5254360058833466)
(-1, -0.7162568744359491)
(0, 0.15297327347815898)
(1, 0.23984481586568718)
(-1, -0.8024291670763456)
(-1, -0.5793996647482952)
(-1, -0.44939655676398615)
(-1, -0.3605592307628662)
(0, -0.0727934265182941)
(1, 0.22252373692093258)
(-1, -0.9751684216917127)
(1, 0.8787517159857375)
(0, 0.055275070660730063)
(-1, -0.8746083139236726)
(1, 0.19988207791843282)
(-1, -0.6891803925220328)
(0, -0.08213118833875446)
(-1, -0.7406518585524025)
(0, -0.015285430373690054)
(-1, -0.31032908719356245)
(-1, -0.9511663032649196)
(1, 0.29039013340622966)
(1, 0.5589535195996809)
(1, 0.479934954243898)
(-1, -0.3237228292452594)
(-1, -0.8376847470764992)
(-1, -0.44829681114669584)
(1, 0.598756022895485)
(-1, -0.45565223772478936)
(-1, -0.5633448491776815)
(1, 0.3209107923541339)
(1, 0.07373416201117805)
(1, 0.3214822132920111)
(0, -0.06946938705930572)
(1, 0.7347838258124649)
(-1, -0.059110570037908594)
(0, 0.18558215221010624)
(0, -0.036660410229507626)
(-1, -0.542425511401454)
(0, 0.29016998800340615)
(1, 0.19162596412107696)
(0, 0.2919786725731728)
(0, -0.1377351537467508)
(0, -0.09873422126208536)
(0, 0.032736294008949694)
(0, 0.0015120624276680629)
(0, -0.20783269823181214)
