(0, 0.12632461358792638)
(1, 0.23109532390828175)
(0, 0.21578251757714786)
(0, -0.009976809964628136)
(0, -0.13262401429786838)
(1, 0.16851192191132347)
(-1, -0.2031594536831564)
(1, 0.39807435306065375)
(-1, -0.8706314657802503)
(-1, -0.964016139605018)
(-1, -0.30101146925405925)
(0, -0.1858712652309797)
(-1, -0.4172625574131258)
(0, 0.003249667950888685)
(0, -0.03282376188668029)
(1, 0.24440995796223738)
(1, 0.6067081212303344)
(-1, -0.5090244198799978)
(0, 0.03652587080572495)
(-1, -0.9042772382961849)
(1, 0.5182271691121745)
(-1, -0.10151248449404215)
(-1, -0.5561548974454897)
(1, 0.7671269781113546)
(0, 0.11098009502322835)
(1, 0.37116860729121226)
(1, 0.5041103736837758)
(1, 0.13460261904982207)
(1, 0.41034486136213405)
(-1, -0.92362333571705)
(1, 0.9678152283418289)
(0, -0.1191490462713514)
(-1, -0.11288381136075959)
(1, 0.3696853658627475)
(1, 0.6252961537828713)
(0, -0.06876569259695088)
(0, 0.0985794586082428)
(0, -0.04281535860714042)
(0, -0.29287890473914757)
(-1, -0.9524700310559923)
(-1, -0.9917684111465728)
(0, 0.008889725726890702)
(-1, -0.8968938250421923)
(-1, -0.973506397068757)
(0, -0.2875654744122441)
(-1, -0.9456939107731227)
(-1, -0.46395771937170593)
(0, -0.013295603362305137)
(1, 0.5195599143310238)
(-1, -0.15582719779104076)
(-1, -0.30860156702090225)
(1, 0.7521012083459151)
(1, 0.9979863104206345)
(-1, -0.21815079455397696)
(1, 0.9955873301486271)
(-1, -0.35566281135480937)
(1, 0.9786503395742229)
(1, 0.4680126414515149)
(-1, -0.3516787931278872)
(0, -0.1469445383201867)
(0, -0.1634519180762249)
(0, 0.08796435349920653)
(-1, -0.7949684048623155)
(0, 0.054742017494550974)
(-1, -0.6047703616383222)
(0, -0.03082465303900578)
(-1, -0.2509341209223779)
(-1, -0.8687963160794376)
(0, -0.27986066267896065)
(1, 0.5456128344599616)
(-1, -0.27999065246604643)
(0, 0.144359582898371)
(0, 0.025549864464539593)
(0, -0.31491947582408863)
(-1, -0.9246500949713914)
(-1, -0.42505766489169544)
(1, 0.07269422778990275)
(0, 0.09074851257696614)
(0, -0.031557868995997516)
(-1, -0.6785679986331473)
(0, -0.09438276510108042)
(-1, -0.5119018022345241)
(0, 0.1989579135319482)
(-1, -0.2609951770875694)
(0, 0.026252965538972526)
(0, 0.002045984954235719)
(-1, -0.3635899396219845)
(-1, -0.647273865111367)
(1, 0.17527085755264354)
(0, -0.0798537046118798)
(-1, -0.31844586565259936)
(-1, -0.5413867035606994)
(-1, -0.10592302837742262)
(1, 0.8763402566947089)
(0, -0.008180577265260947)
(1, 0.5835463128398938)
(0, 0.07284725980811124)
(1, 0.389439497588888)
(-1, -0.967517307830076)
(0, -0.21620016147600013)
(1, 0.24076476912403819)
(-1, -0.819346161002807)
(-1, -0.729715815504086)
(1, 0.31117897840036896)
(0, -0.3152679134744111)
(-1, -0.6113279393747622)
(1, 0.8841059195931052)
(0, -0.09348604909399054)
(0, -0.2687023753735281)
(1, 0.862990811781061)
(-1, -0.5650719494122172)
(1, 0.02947754331165703)
