(1, 0.7947364709860838)
(-1, -0.8499642261633966)
(-1, -0.6768486262875014)
(1, 0.6332031516265327)
(1, 0.6509072083613244)
(-1, -0.2437343803454356)
(1, 0.10207235927064584)
(0, 0.13473329647150267)
(-1, -0.9739809323560102)
(0, 0.11934165167885363)
(1, 0.3365537127863624)
(-1, -0.9327364525225312)
(-1, -0.9548778123111102)
(0, 0.1288251967768819)
(-1, -0.8641629726238742)
(0, -0.024053641900546596)
(-1, -0.5979085678820228)
(-1, -0.2838708186067523)
(-1, -0.3461011898581971)
(0, -0.1846810032345704)
(-1, -0.4710552681054825)
(-1, -0.6715642260482949)
(0, -0.04727462971152267)
(-1, -0.12997657054050388)
(-1, -0.5426911730438297)
(0, -0.25444045128293424)
(0, -0.1375916421283812)
(1, 0.49632209891337165)
(0, 0.28097447887362015)
(0, -0.05558659152790153)
(1, 0.7031927946999076)
(-1, -0.3184145263566873)
(0, -0.04976479100405753)
(0, 0.006276419786444179)
(0, -0.13922880693120998)
(-1, -0.9177948050115458)
(-1, -0.9029230801975215)
(0, -0.30063721018325784)
(0, -0.08238354454503102)
(1, 0.30523938670494893)
(-1, -0.5450078431416121)
(-1, -0.034673287686037335)
(0, 0.016596349532063404)
(-1, -0.023799930003466974)
(1, 0.11006424118646535)
(1, 0.9938558365670466)
(1, 0.13219042210106657)
(-1, -0.5459988275403214)
(0, -0.12790192719734117)
(-1, -0.7281626941150238)
(-1, -0.8257208443261672)
(0, -0.26921318834563335)
(-1, -0.8790649514796446)
(0, 0.0057571506240785145)
(1, 0.07933626676980249)
(0, -0.05677625788920615)
(0, -0.047145513982907394)
(0, -0.25947630456341736)
(0, -0.1900115749020743)
