(0, 0.40330918664841653)
(0, 0.030131867855806224)
(0, 0.010973935310161713)
(0, 0.017649652140173357)
(0, -0.029064451512761144)
(1, 0.08956842595926823)
(1, 0.6123885433300733)
(1, 0.07291773859290906)
(0, -0.4455969514432677)
(1, 0.9738868846029727)
(0, 0.4727127308666237)
(0, -0.012744428696172812)
(-1, -0.046367663315704355)
(0, -0.03689767856679397)
(0, -0.108925198132724)
(0, -0.015483085014576684)
(-1, -0.8892405246808751)
(-1, -0.03407440049524402)
(-1, -0.767477020902988)
(-1, -0.3467393805437873)
(-1, -0.07153058108830385)
(-1, -0.684989418501017)
(-1, -0.5329798238192209)
(0, -0.09727422799888166)
(-1, -0.783598813600455)
(0, 0.18191624113047336)
(0, 0.38414120303994304)
(0, 0.0084064977318896)
(0, -0.050594084010133315)
(0, -0.178968688699924)
(-1, -0.9306713387715417)
(1, 0.4545850462397544)
(1, 0.8435430434859951)
(0, -0.41273194472198244)
(-1, -0.2646678868116901)
(0, 0.2513429670338074)
(-1, -0.5442556419554111)
(1, 0.9750850765653121)
(0, 0.11544582959285465)
(-1, -0.829183509225481)
