(-1, -0.2088575926222847)
(-1, -0.728364528685267)
(0, -0.25633648955551885)
(0, -0.012737809056331567)
(-1, -0.8014448819455311)
(0, 0.11943249378435399)
(0, -0.0409538220184506)
(0, -0.07325882623776636)
(0, -0.03360051594679782)
(0, -0.026844599119663227)
(0, -0.004818887146086866)
(0, 0.03585198741678575)
(-1, -0.5049348061560852)
(0, -0.021831728124852984)
(0, -0.113227719430816)
(0, -0.2375526882678742)
(0, 0.1458291025630567)
(1, 0.9249741129109161)
(0, -0.15697706765049085)
(1, 0.6095134011230388)
(0, 0.17170826602018832)
(-1, -0.5659734712331023)
(0, 0.19557357874590817)
(1, 0.9091285617513367)
(1, 0.9967974364453461)
(0, -0.25054021921664826)
(0, 0.004693369808008524)
(-1, -0.9863587704360754)
(1, 0.3592782214416469)
(-1, -0.9136617074331193)
(0, 0.06652260402761187)
(0, 0.04623974342208445)
(-1, -0.8864298797034071)
(0, -0.24871013300532452)
(1, 0.9293656233920519)
(-1, -0.38547446044230615)
(0, -0.3129965768813337)
(0, -0.0882479326719478)
(0, -0.05848952567331559)
(-1, -0.9836740706351058)
(-1, -0.714398180110784)
(-1, -0.022401481322711858)
(-1, -0.7219127660733898)
(-1, -0.8992549318617789)
(-1, -0.9034748824132001)
(-1, -0.6626319199446253)
(1, 0.5296781424580533)
(0, 0.09650023830084886)
(1, 0.21229426802399176)
(1, 0.74280406496701)
(1, 0.7981284408244965)
(1, 0.6470248329062661)
(-1, -0.8207845267509883)
(0, -0.13814725284808776)
(1, 0.4796560113154061)
(0, -0.36952838779220476)
(-1, -0.1411723093745083)
(-1, -0.27630021015007716)
(0, -0.004021756999332382)
(0, -0.0882012851999309)
(-1, -0.5134060009029678)
(0, -0.06287287992427026)
(-1, -0.8327113857199603)
(-1, -0.7966429201078661)
(-1, -0.15567606423617308)
(0, 0.0397304020419037)
