(-1, -0.687505255736897)
(1, 0.38227617783932255)
(1, 0.2190017644952008)
(-1, -0.6616239560316874)
(1, 0.8136260937381522)
(1, 0.6517331604861203)
(1, 0.7428425403403164)
(-1, -0.6160025171038703)
(1, 0.1364166612922501)
(-1, -0.3605870346692074)
(-1, -0.4198641550160175)
(-1, -0.971619028089218)
(-1, -0.7083192009191593)
(1, 0.09401938241043867)
(1, 0.3191761615768705)
(1, 0.8870027853642898)
(1, 0.4134193382881488)
(0, 0.09927735800131365)
(1, 0.8327800544652103)
(1, 0.6919082775739557)
(-1, -0.6872558092051193)
(1, 0.5619990203416644)
(1, 0.427910054698757)
(-1, -0.6279063374299594)
(0, 0.11896620799340246)
(-1, -0.5775068191922)
(-1, -0.9030983659587098)
(-1, -0.8260599762624343)
(-1, -0.6211652585046881)
(1, 0.8413029072358096)
(1, 0.5496819963681979)
(1, 0.9127008044565301)
(1, 0.6222048503617318)
(-1, -0.05632245064970742)
(1, 0.23256552680987708)
(0, 0.15636632107051013)
