(-1, -0.7772258487618344)
(0, 0.020840372537481708)
(0, 0.03265037092612391)
(0, 0.12321236912188219)
(0, 0.07104761087044881)
(0, 0.058443424391837986)
(0, -0.23472646951859905)
(0, -0.04880977130655643)
(1, 0.18988338442736197)
(-1, -0.6549578770565512)
(-1, -0.18670690000885787)
(0, -0.004977281563734573)
(0, -0.41579512983367534)
(0, 0.00949493834745795)
(1, 0.3588575471459049)
(0, 0.08548522681367285)
(1, 0.10788460200775574)
(-1, -0.3924195194301957)
(0, -0.21940082493034097)
(0, 0.03396819084199415)
(0, 0.009645734733237217)
(1, 0.4860253549884576)
(0, 0.009918947895220312)
(0, 0.011237484618023676)
(0, -0.030186851307221634)
(0, -0.1962896731108001)
(0, -0.1361511071390479)
(-1, -0.6387165129805327)
(1, 0.23312982203975238)
(-1, -0.6776875125375822)
(0, -0.10213169683858359)
(0, -0.19559033932041298)
(0, -0.16070169862790717)
(0, -0.03915458733579966)
(0, -0.08990328265627451)
(0, -0.09290786940861809)
(0, -0.15095215355542707)
(0, -0.15109860237724032)
(0, -0.05781490563294316)
(0, 0.007436933933599165)
(0, -0.007917389699794795)
(0, -0.06282325323924048)
(-1, -0.48444726713353803)
(-1, -0.1425199796050391)
(0, 0.053600167199075774)
(-1, -0.5406191242838888)
(-1, -0.7035352021578845)
(0, -0.029073159588372435)
(0, -0.1729682544322651)
(1, 0.017102215383671626)
(0, 0.025136083346795304)
