(1, 0.7414794008719535)
(1, 0.6989997156740321)
(0, -0.02467926049739899)
(1, 0.3875814971535416)
(1, 0.9430246809263071)
(1, 0.8080406423377537)
(1, 0.48215417752134343)
(1, 0.6307486830702514)
(0, 0.2997354755186774)
(0, -0.14020563481125808)
(0, -0.11925196728839851)
(1, 0.29300546958475027)
(1, 0.48903277989666827)
(1, 0.3709503103417975)
(1, 0.785452209699715)
(1, 0.6188668268963768)
(-1, -0.07000801838597365)
(1, 0.8363071097556407)
(1, 0.6693547079447951)
(-1, -0.8293868519228071)
(0, 0.14048947756869934)
(1, 0.3797585901983817)
(1, 0.790145285948999)
(0, 0.023498022663972995)
(-1, -0.6390547279875938)
(0, 0.0669962838176466)
(0, 0.003138008219270419)
(0, 0.004137412932670004)
(0, -0.0960278697340967)
(0, 0.19493301405653574)
(1, 0.5259159695945042)
(0, 0.028360219610861208)
(0, -0.0018214233549825563)
(-1, -0.4001395771027855)
(-1, -0.1889512358947395)
(0, 0.2659961903203597)
(0, -0.03708616156243211)
(1, 0.26330657724250817)
(-1, -0.3276858549597711)
(1, 0.18854197975097253)
(1, 0.32000257804197196)
(1, 0.8161009300620411)
(1, 0.6811095984152163)
(1, 0.7214746096472575)
(1, 0.3524137030926834)
(-1, -0.18910989406629547)
(1, 0.7032319655123412)
(0, -0.17415050575634797)
(1, 0.4691115025713524)
(0, 0.07313348326884589)
(1, 0.42963916187971035)
(0, 0.2150909699159633)
(0, 0.0681124632875496)
(1, 0.6797595032784397)
(1, 0.5770495942536206)
(-1, -0.26847862715373955)
(0, -0.028196661783966917)
(1, 0.8508284781664429)
(-1, -0.23162256311262044)
(0, 0.0005643873049120673)
(1, 0.5679123771010157)
(0, -0.04281404527750478)
(1, 0.058836074361763746)
(1, 0.8260095825473821)
(1, 0.40824461475894813)
(-1, -0.10699534587640813)
(-1, -0.6961283510415053)
(0, -0.050586053596874514)
(1, 0.9358207334771038)
(0, 0.06014896493912093)
(0, -0.24953805151587918)
(-1, -0.7955390574136786)
(1, 0.016535963154322597)
(1, 0.43336644780170136)
(1, 0.7813827192547904)
(0, 0.15516369280414763)
(0, -0.027119753777192612)
(1, 0.5267263864169713)
(1, 0.49992783210529873)
(1, 0.4229696101486041)
(1, 0.48620513846187674)
(0, 0.056463137597322965)
(1, 0.5023797147867408)
(0, 0.2913475888307713)
(1, 0.15753404418308425)
(0, -0.07193277914834446)
(-1, -0.270543900236752)
(1, 0.8437382905506358)
(1, 0.69450958739776)
(0, -0.027460818843796753)
(0, 0.0761679233757209)
(0, 0.015176293157834891)
(1, 0.5745995862315881)
(1, 0.46492072620593367)
(-1, -0.10632482447682623)
(0, 0.005760555368458986)
(0, 0.20961174186799725)
(0, 0.014661178819386868)
(0, 0.0013040813315633865)
(0, 0.0583191126326814)
(-1, -0.37953402628712773)
(1, 0.09155391236984223)
(1, 0.37967249958763694)
(0, -0.005794876852802611)
(0, -0.07961400037362498)
(0, 0.30125066410180623)
(1, 0.2881305042328986)
(1, 0.4601682652924116)
(1, 0.5773868686227916)
(0, -0.0006276695026200714)
(0, -0.06433641644867298)
