(0, -0.012416013613723267)
(-1, -0.5681287771613218)
(0, 0.012892857728299597)
(-1, -0.5896653307677212)
(1, 0.8575175866639835)
(1, 0.9932859380928304)
(1, 0.214519361103641)
(0, -0.034499654025723164)
(-1, -0.9971176361124909)
(-1, -0.8752072879664718)
(-1, -0.9891180242970248)
(0, -0.042075130304247255)
(0, -0.02076217103672441)
(0, 0.08675290671897937)
(-1, -0.43125338278644704)
(0, -0.10078499944154864)
(0, 0.09174191901857767)
(-1, -0.23384582115642516)
(0, 0.031086940416560918)
(0, -0.24212916543465454)
(1, 0.8270874926861242)
(0, -0.10267623940811632)
(0, 0.011919392918647357)
(0, -0.2361050625063476)
(1, 0.5524169645912647)
(-1, -0.8712579121071132)
(-1, -0.3485031112846778)
(0, 0.3794338914334725)
(1, 0.15379879627323367)
(0, 0.00525304743595232)
(0, -0.07613133306630263)
