(0, 0.208315900291039)
(1, 0.7003977677444257)
(1, 0.20996588304350788)
(1, 0.7427006356651817)
(-1, -0.5143629348909108)
(-1, -0.9688051870537795)
(0, -0.04404275267685487)
(-1, -0.7963718043477566)
(1, 0.2345698519742393)
(1, 0.052881000019208424)
(0, -0.18436494227264597)
(1, 0.8639336474361031)
(1, 0.7361596348005051)
(-1, -0.6603928373979446)
(-1, -0.28880713331685587)
(1, 0.17391769304937593)
(1, 0.4856614527020678)
(-1, -0.7912955682305242)
(0, -0.13864987774513204)
(0, -0.3146050390884665)
(-1, -0.5292649641777719)
(0, 0.008352318904694511)
(0, -0.06479615505926589)
(1, 0.7115311278983132)
(0, 0.03753982888519844)
(0, 0.02244758831989585)
(0, 0.06373696017937984)
(-1, -0.5848816469395347)
(1, 0.5979126065369381)
(-1, -0.6397950753633992)
(1, 0.31911543141708226)
(1, 0.5874429707798517)
(1, 0.4363645440986261)
(1, 0.8185512323902047)
(1, 0.9714366816205033)
