(0, 0.03517769011892634)
(1, 0.6130536854349747)
(1, 0.7895456526763684)
(1, 0.8917573183390504)
(1, 0.9878433448752278)
(-1, -0.8010099399822943)
(1, 0.8186715261802995)
(0, 0.023141508964943037)
(1, 0.6447053490392171)
(1, 0.9963003992441009)
(1, 0.884524385807146)
(1, 0.2671249776646689)
(1, 0.7325860703185101)
(1, 0.5805560849639932)
(0, 0.09770528971925146)
(0, 0.11769702653759609)
(-1, -0.13310376333295793)
(-1, -0.616510962141287)
(-1, -0.4844506897047508)
(-1, -0.7550086323709244)
(-1, -0.9222960143774576)
(-1, -0.956046476616367)
(1, 0.9488845885226169)
(1, 0.8346285149007138)
(-1, -0.40343477168416836)
(1, 0.6877010303840163)
(-1, -0.596679377340481)
(-1, -0.9021437318820793)
(1, 0.7313448698785081)
(-1, -0.7577699967078235)
(-1, -0.9448554899321366)
(-1, -0.7121595376628987)
(-1, -0.8775583688035322)
(-1, -0.9595156961474416)
(-1, -0.8357502044024401)
(1, 0.45993786644784607)
(0, -0.0004360494991983155)
(1, 0.6533654650059971)
(0, 0.12966338129472155)
(0, -0.15303350147328731)
(1, 0.09162280701500813)
(0, 0.03126352340989319)
(1, 0.766333391742255)
(0, 0.012557651865590297)
(0, 0.3313635381803443)
(1, 0.8487908364825292)
(0, 0.4020611565758658)
(-1, -0.5883181418541723)
(1, 0.6738776254140362)
(0, 0.12037206543562717)
(-1, -0.9238682717575637)
(0, 0.28612720866203234)
(0, -0.07544857702541471)
(1, 0.5289338658904014)
(0, 0.10536184002188705)
(0, 0.11418851269809023)
(1, 0.6276338407050762)
(0, 0.011385112302982916)
(0, -0.11057629979185352)
(1, 0.22964706038113847)
(1, 0.8134593472962056)
(1, 0.88925655834214)
(0, 0.007807129795439528)
(1, 0.3780206200282449)
(1, 0.5187308307340952)
(0, -0.221170458293996)
(0, 0.15452471249551306)
(1, 0.43277220062686683)
(0, 0.12776195488319386)
(1, 0.823223171382239)
(1, 0.9078212856966427)
(-1, -0.8537411829846223)
(1, 0.6254191500482782)
(1, 0.8890396942444101)
(0, 0.12111366490385217)
(-1, -0.58698188797097)
(0, 0.3651980465493776)
(-1, -0.37107444345053564)
(0, 0.030764178559314227)
(-1, -0.782631700741978)
(-1, -0.9617532290426819)
(0, 0.12940320652988285)
(-1, -0.7033558216713566)
(-1, -0.9957156302837931)
(-1, -0.9965403188299206)
(-1, -0.6395499563050173)
(1, 0.5140902039165658)
(1, 0.9700978978234012)
(1, 0.5754481421977602)
(0, 0.1034833576794731)
(-1, -0.6387997581519438)
(0, -0.07868780176759041)
(0, 0.07569777719302216)
(1, 0.9242153005029908)
(0, 0.1260509923986927)
(-1, -0.6907889798932095)
(-1, -0.8937428587223117)
(-1, -0.573074920115137)
(0, -0.06403117813367706)
(0, 0.33957835803027414)
(0, -0.145676289863282)
(0, 0.06697780681996061)
(1, 0.5148527274712315)
(0, 0.1169300450650714)
(-1, -0.9595661892240687)
(-1, -0.9083063435384159)
(-1, -0.9667344550375826)
(-1, -0.88036064633648)
(-1, -0.7624327301330813)
(-1, -0.9834298641003493)
(0, 0.23978143601809587)
(1, 0.9690300663348641)
(1, 0.5801285680018115)
(0, 0.14372208335190592)
(0, -0.0672102559829203)
(-1, -0.9908650847525492)
(0, 0.00024355513667839723)
(1, 0.5247646744271806)
(1, 0.5790597881872417)
(0, 0.05266443502578775)
(-1, -0.7745129621473616)
(0, -0.04732417199218081)
(-1, -0.04840613535377719)
(1, 0.8370432289598662)
(1, 0.7555109167449557)
(0, -0.3934430615329738)
(0, -0.15700499234003865)
(1, 0.43828954637489675)
(-1, -0.9895468821464503)
(-1, -0.8158161923132765)
(0, 0.47260045510567195)
(1, 0.592651300115513)
(0, -0.34470989936301283)
(-1, -0.7095680994761843)
(1, 0.6828163119724041)
(-1, -0.5535122407753095)
(1, 0.9917792826548036)
(0, 0.22237609468527575)
(0, 0.06450032602043265)
