(0, -0.11265527138770708)
(0, 0.04111999206652012)
(0, -0.13397367375219082)
(0, 0.00030274763928922477)
(0, -0.02580978688251357)
(0, 0.03924629075616899)
(0, -0.13092529232413322)
(-1, -0.7311308332132366)
(0, 0.08611572688564934)
(1, 0.5611953681464983)
(0, -0.118326746807405)
(0, 0.18391822461584767)
(0, -0.034999408389290124)
(1, 0.9562122151400008)
(-1, -0.8977628020723313)
(1, 0.8001934954648513)
(0, 0.04316698031884261)
(0, 0.0361631220748241)
(0, 0.14705333093200965)
(1, 0.6215805659800965)
(1, 0.7821283188035719)
(0, 0.02309398016851658)
(0, -0.09964488229459112)
(0, 0.3870180080051504)
(1, 0.9071707160020099)
(1, 0.40332860686670685)
(1, 0.7696140861385187)
(1, 0.6976296247899157)
(0, 0.032621787034047195)
(0, 0.010194480163703813)
(0, -0.280576581896027)
