(1, 0.1667624025067601)
(0, -0.0036792070360627885)
(0, 0.3506542792141008)
(0, -0.054087136434785354)
(0, 0.10233054745311802)
(-1, -0.1408923886996113)
(0, 0.03669852940268109)
(-1, -0.6974839994157318)
(-1, -0.13943313579205402)
(1, 0.09716340164293907)
(-1, -0.0788420987835724)
(0, 0.03757549599033962)
(1, 0.019921660196305147)
(0, 0.2295982459253029)
(0, 0.006143217862343148)
(-1, -0.7962684356011116)
(-1, -0.2054682086443907)
(-1, -0.8619704994620992)
(-1, -0.8315607857371731)
(1, 0.9262522572884866)
(-1, -0.6041703255952862)
(-1, -0.42074683473871144)
(0, -0.1934106910548261)
(1, 0.6417772383062705)
(-1, -0.4259422262229084)
(-1, -0.1900470358493025)
(-1, -0.6301623269351656)
(1, 0.7947498210894782)
(1, 0.29567724098686815)
(0, 0.0467143605475472)
(0, -0.0026619938276866255)
(0, -0.15558963947259502)
