(0, 0.007400934349677174)
(-1, -0.38354689629864636)
(0, 0.04475059665124323)
(0, 0.34662637437045435)
(1, 0.9920772924411378)
(1, 0.5758198106747764)
(-1, -0.05655852350714258)
(0, 0.060549499037666904)
(1, 0.01419177125571075)
(0, 0.10066691702828273)
(1, 0.9501065572870003)
(-1, -0.5943871263275295)
(-1, -0.0840538620812537)
(-1, -0.7420749389730622)
(-1, -0.7708006403103985)
(0, 0.04672450008354492)
(0, 0.09023343685943301)
(1, 0.4665751718033232)
(1, 0.9777279964053006)
(-1, -2.3463617366381584e-05)
(1, 0.47354103677272247)
(0, -0.0924533816063852)
(-1, -0.2710248782824399)
(1, 0.586908723511843)
(0, 0.012878932707720336)
(0, -0.36909866398363594)
(-1, -0.40509833050371147)
(-1, -0.16632569303461586)
(0, 0.26430814305921024)
(1, 0.8972673053686244)
(-1, -0.7829766407695078)
(-1, -0.953787017289979)
(-1, -0.5491101050930143)
(-1, -0.42589758856969473)
(-1, -0.5019765304416526)
(0, -0.09836404312465141)
(-1, -0.6523411235678871)
(0, -0.11372982391376824)
(-1, -0.6313680477571019)
(1, 0.9674043880294675)
(1, 0.2968396266625924)
(-1, -0.7128179888359616)
(-1, -0.8927535346775722)
(-1, -0.8209025961262564)
(-1, -0.9865225381518089)
(-1, -0.9748853513629581)
(0, -0.24637798495894653)
(1, 0.07184935498296746)
(1, 0.8191985158060371)
(1, 0.9970513761692524)
(1, 0.5778716818591351)
(0, 0.21198033805745625)
(-1, -0.4777407993110793)
(0, 0.0029993578369301027)
(0, -0.07109923940945982)
(0, -0.06765460210613114)
