(-1, -0.7759789041747678)
(0, 0.06960894678163276)
(-1, -0.42219114665500884)
(1, 0.5157679005625159)
(1, 0.2570981012817573)
(0, -0.07676567814694746)
(-1, -0.9204171402844622)
(-1, -0.8795341683959005)
(1, 0.0418824031288384)
(1, 0.6581532726220429)
(0, -0.10062052048181824)
(0, -0.015318595210651362)
(-1, -0.15803382110830994)
(-1, -0.6251748034184819)
(-1, -0.5954740044803586)
(0, -0.05857032983035139)
(1, 0.31350453642420006)
(1, 0.858021503128669)
(0, -0.11420728605276576)
(-1, -0.37300021991742477)
(0, 0.3429002569441434)
(0, 0.07310096168133787)
(0, -0.1601555726155524)
(0, -0.12847193336074658)
(1, 0.6252361987089696)
(0, 0.06776275260065424)
(1, 0.6980749648533042)
(1, 0.2683613766482149)
(-1, -0.41783275695226324)
(0, 0.025718262098642166)
(0, 0.02313327703229412)
(0, 0.4840193107998044)
(0, -0.13671019085513944)
(0, 0.08511400214823323)
(1, 0.2862874880453083)
(-1, -0.11370658061517436)
(0, -0.03464060144473552)
(0, -0.37365194736377416)
(0, 0.2794742629274934)
(1, 0.45777463141334734)
(0, 0.07152192218853932)
(1, 0.3339338647392429)
(1, 0.534376261999477)
(0, -0.10515258586751364)
(0, -0.2896772667061399)
(1, 0.9343735389982485)
(1, 0.7379230755268558)
(0, 0.1902918856012383)
(0, 0.17034097545003832)
(1, 0.7419136436734396)
(0, -0.011182833921112634)
(1, 0.5429629155336944)
(-1, -0.8091322292667144)
(1, 0.9402292725665359)
(1, 0.8474551448973476)
(1, 0.953148647909936)
(0, 0.05651440238314864)
(-1, -0.9393010501924728)
(1, 0.05938120350269893)
(-1, -0.5547710811503177)
(-1, -0.13504436445859602)
(0, -0.15913788591501063)
(-1, -0.812382591907749)
(1, 0.9037741977125388)
(0, -0.021132630427041277)
(0, -0.06765460210613114)
