(1, 0.7612793844105086)
(1, 0.23824020589966244)
(1, 0.33584635137809943)
(0, -0.05429609501552418)
(0, 0.06711494930427545)
(0, -0.16802527101912096)
(1, 0.9815027803194684)
(-1, -0.576482970640743)
(-1, -0.5927121643078404)
(-1, -0.4295081348754754)
(-1, -0.6735169221230684)
(0, -0.09899176829931822)
(1, 0.4197776543231685)
(1, 0.9197652603765921)
(-1, -0.9719073625967491)
(0, 0.04558675349548866)
(-1, -0.08218277347443048)
(0, -0.1298490517626022)
(0, -0.0758115022819682)
(1, 0.2918486091056143)
(1, 0.748607925048397)
(-1, -0.8403704494917899)
(0, -0.06640353934686101)
(-1, -0.771768127594328)
(0, 0.07388040862576861)
(0, -0.24925867996034587)
(0, 0.03683384980687576)
(1, 0.8112051978638162)
(1, 0.15978413899692706)
(0, -0.08198808952681069)
(-1, -0.24561807082521697)
(0, 0.0001392424448103946)
(0, 0.0925063716667992)
(1, 0.8220934527152639)
(0, 0.04767400300879773)
(-1, -0.676743167567178)
(-1, -0.14564853107463943)
(-1, -0.9575255522527573)
(0, 0.012890484958640758)
(0, 0.0008786692836534578)
(0, -0.0021855658332357265)
(0, -0.0262281446898857)
