(1, 0.8866404466977768)
(0, 0.03644235076407176)
(-1, -0.142923300137481)
(0, 0.2631490755301325)
(0, -0.15539583451495179)
(0, 0.05606371120553082)
(1, 0.8864652950131626)
(0, 0.05469576263822862)
(-1, -0.637016258547076)
(-1, -0.2534376978521906)
(1, 0.9963603744225582)
(1, 0.19275052225337425)
(1, 0.7526613271677571)
(1, 0.8464033015863656)
(0, 0.06746858060850576)
(1, 0.8946317556423244)
(1, 0.8714884837044613)
(-1, -0.9442142458828812)
(0, -0.09033146086056765)
(0, 0.11241804273743114)
(-1, -0.5301547521042791)
(-1, -0.5074349976722208)
(1, 0.6986437255327347)
(-1, -0.4638608833367804)
(-1, -0.5839948378622792)
(-1, -0.7216547446055549)
(0, 0.3607145902937389)
(0, 0.4301551439110773)
(1, 0.26103856471588816)
(-1, -0.43935159811630764)
(-1, -0.9124563886529067)
(-1, -0.517485734630975)
(-1, -0.10912723909187849)
(-1, -0.4481977815854143)
(1, 0.7534742622162106)
(-1, -0.32869030741550137)
(0, 0.00525304743595232)
(0, 0.008956626615406235)
