(1, 0.6851121527598555)
(1, 0.9916007623857208)
(1, 0.2770715869995488)
(1, 0.704367032423575)
(1, 0.9375119385169318)
(0, 0.24539453590004934)
(1, 0.5130832041016548)
(1, 0.8941048902910903)
(0, 0.22750789539649455)
(1, 0.30861907519197246)
(1, 0.6714152627005878)
(-1, -0.9289590065871889)
(1, 0.9689263129957429)
(1, 0.3426822698852048)
(-1, -0.29835343854546414)
(1, 0.7242834601781768)
(0, -0.1337386311181542)
(0, 0.24071798990579213)
(0, 0.4745001971450492)
(0, 0.08059385795450802)
(-1, -0.5097156969847324)
(1, 0.6356462383745743)
(-1, -0.4345048473079914)
(0, -0.02855226947370086)
(0, 0.10442692011082771)
(0, 0.04598679653135246)
(0, -0.07563064522145589)
(-1, -0.845429530108974)
(-1, -0.988597409882607)
(0, -0.17518047089928573)
(1, 0.5835975748738851)
(0, 0.0322915226143173)
(0, 0.30385859132910714)
(0, -0.15602269186560208)
(-1, -0.042200537306485986)
(1, 0.1770161842505794)
(0, -0.0273293304451086)
(0, 0.09948362355443138)
(0, -0.011302033211818219)
(0, -0.05439428866375362)
(1, 0.9287988464229735)
(1, 0.44651501488722684)
(-1, -0.5046638824606888)
(0, 0.14635687668696662)
(1, 0.6883706269269119)
(1, 0.8488312148335565)
(0, -0.08283078935572274)
(0, 0.0025590147897213487)
(-1, -0.42589655279310745)
(-1, -0.8999795029200864)
(0, -0.08560886561603487)
(-1, -0.7379533154348022)
(1, 0.3245667260361487)
(0, 0.3111025818152181)
(-1, -0.26599354892702387)
(-1, -0.6533070815870277)
(0, 0.10306492260000263)
(0, -0.16876914348667332)
(1, 0.3076449427235681)
(0, 0.02321732387078467)
(0, 0.31063634106484145)
(1, 0.9339314877779765)
(-1, -0.8980943610535959)
(1, 0.6364175813775356)
(1, 0.796076762330232)
(0, 0.0025321257258453106)
(1, 0.9073657703209839)
(-1, -0.04218460300585458)
(0, 0.038538283665344425)
(1, 0.6300370424203304)
(1, 0.6720328801497805)
(-1, -0.5472788916498623)
(-1, -0.628989620012421)
(1, 0.9973306400875397)
(0, 0.1038967545926685)
(1, 0.8252128760809909)
(0, 0.13588042722691457)
(-1, -0.28947859122978015)
(0, -0.251610582526221)
(0, -0.04925763207735885)
(1, 0.5484993250815947)
(0, -0.2750956328396681)
(-1, -0.5283856219207438)
(1, 0.5005188052855053)
(1, 0.7267969494498667)
(0, 0.1443333329880208)
(0, -0.034890539095198694)
(-1, -0.8407826011776601)
(0, 0.08148619994884329)
(0, 0.01455190535670988)
(0, 0.20637798223634682)
(0, -0.08820350136458505)
(1, 0.6243676978537411)
(-1, -0.3737658424406768)
(0, 0.04893213728489007)
(0, -0.19432049826683698)
(-1, -0.4776899522205597)
(-1, -0.6651728665315075)
(1, 0.4828057283918379)
(0, 0.0724842283717216)
(-1, -0.7906768775876324)
(-1, -0.8270951046083559)
(0, 0.17710814598035107)
(1, 0.7276401617738337)
(0, -0.07160139850176456)
(0, 0.23984335758665978)
(0, -0.1706016668020345)
(0, -0.021593996117702626)
(1, 0.7290939946916436)
(1, 0.20072697754112762)
(-1, -0.552540422576505)
(0, -0.40607271480532103)
(0, -0.07096116578829444)
(0, 0.04033820505040017)
(-1, -0.8698985832925674)
(1, 0.9876535489153647)
(0, 0.05747108692642028)
(1, 0.8754764410796952)
(0, -0.38416478986821767)
(1, 0.5399818906730407)
(1, 0.8628719155861413)
(0, -0.25677552185399455)
(-1, -0.5878194713465478)
(1, 0.2927405839251683)
(-1, -0.5806931665883756)
(0, 0.1551482114044214)
(1, 0.7605204525744153)
(0, 0.0017258497056936769)
(0, 0.12089737893980136)
(0, 0.05917310353125452)
(0, 0.004784763836946905)
(-1, -0.7875527936152718)
(0, -0.2398193421925517)
(0, 0.020642693271663792)
(-1, -0.15791675534883098)
(0, 0.22637129412838672)
(1, 0.8926774749176207)
(0, 0.3994889609808759)
(0, -0.07074442471807682)
(0, 0.021756798869322663)
