(-1, -0.948611693288892)
(-1, -0.40234474318631847)
(-1, -0.8801229207309043)
(0, 0.16526512213885247)
(0, -0.08520969396128188)
(0, -0.09828264513588633)
(-1, -0.2650612139594892)
(1, 0.24327435006593304)
(-1, -0.11958437728265936)
(1, 0.9875976521046468)
(1, 0.4100088710536549)
(0, 0.1662631330380711)
(0, 0.14979784849065608)
(-1, -0.9537378511685998)
(0, 0.24464578613467886)
(-1, -0.8999114611408235)
(-1, -0.32199697584098985)
(-1, -0.5176964896040935)
(-1, -0.8864940583386249)
(0, 0.24954145698274166)
(0, -0.2502521568181906)
(-1, -0.12783816604428194)
(-1, -0.4493947398074651)
(-1, -0.4714392331528169)
(1, 0.06100853986419491)
