(0, 0.09564781646746535)
(1, 0.15274458609255376)
(-1, -0.6574975842068447)
(-1, -0.5888547579455907)
(-1, -0.30904462308385616)
(1, 0.4918838803223987)
(0, 0.2127120177731967)
(1, 0.22081636722306325)
(1, 0.46211053075259706)
(0, 0.028011565254800027)
(-1, -0.4308575246475216)
(-1, -0.3910050003678416)
(0, -0.2375913702933473)
(-1, -0.4154533711166692)
(1, 0.9766739857817914)
(-1, -0.35859790530918556)
(-1, -0.4442969350956086)
(1, 0.4090563080781777)
(1, 0.9447030304091768)
(-1, -0.6334308842529774)
(1, 0.9675673147783311)
(0, 0.042838061192129705)
(0, 0.018971616252837522)
(-1, -0.8891345468480611)
(0, -0.22559312489190161)
(0, -0.05441564583114769)
(-1, -0.6336579427547105)
(0, -0.26444699235990454)
(0, -0.003053843079756369)
(0, 0.24998902269717244)
(0, 0.10619231587653545)
(1, 0.2884676053975439)
(-1, -0.23607821001593468)
(1, 0.9922666385192702)
(-1, -0.3462863626768682)
(-1, -0.17453888018644875)
(1, 0.7333994038229572)
(1, 0.7842233354482301)
(1, 0.048573906306707326)
(-1, -0.4956915321064785)
(0, -0.02359271440016128)
(-1, -0.8457850576159318)
(1, 0.5306452730147039)
(0, -0.0968785227541962)
(-1, -0.3312722003360027)
(1, 0.3786015109392372)
(-1, -0.26832748681241064)
(-1, -0.7434853937608115)
(-1, -0.4442969350956086)
(1, 0.9091612636090617)
(1, 0.6577827552755623)
(1, 0.6187256444969303)
(1, 0.2577616897021561)
(-1, -0.9981882419058533)
(-1, -0.34100004168980674)
(-1, -0.026187191331666693)
(-1, -0.4477970876718561)
(1, 0.045907467488476406)
(1, 0.8267753094534531)
(1, 0.6221756409397795)
(1, 0.9030042493829838)
(1, 0.4650670761909481)
(1, 0.7236180271620611)
(-1, -0.5695956241664113)
(1, 0.8279566776121727)
(-1, -0.17250058245704392)
(-1, -0.229117539894199)
(0, -0.024915438559729608)
(1, 0.9096918666490532)
(0, -0.027937354917771787)
(0, 0.024908779737128434)
(0, 0.06093760696888967)
(0, 8.809791511393134e-05)
(-1, -0.5330460427444115)
(0, 0.44083057102441076)
(0, -0.06669684117944163)
(0, 0.2647908894628063)
(1, 0.6404836091927725)
(0, 0.009735435297910489)
(0, -0.01863660410121694)
(1, 0.5920833710708906)
(0, -0.023744519017279343)
(1, 0.6292209094876785)
(1, 0.8955366738223924)
(-1, -0.8102249070442976)
(-1, -0.39856231624960414)
(-1, -0.6613600729586249)
(1, 0.8986280383685562)
(0, -0.08137222792747151)
(0, -0.0800274392347681)
(1, 0.10078618259846772)
(0, 0.12948768134102626)
(-1, -0.4766038307032967)
(1, 0.15346828685304642)
(0, -0.04182208802934238)
(-1, -0.628971197439365)
(0, 0.12230347573452546)
(1, 0.4784999528915412)
(1, 0.4439578644585457)
(1, 0.3539336166555319)
(1, 0.7311569409430348)
(1, 0.8113963451587093)
(0, 0.007601807106888479)
(-1, -0.5389304299931985)
(1, 0.36675171820956476)
(-1, -0.36977641309503306)
(-1, -0.4634577899391566)
(-1, -0.7765585202665554)
(0, -0.2206109344978393)
(-1, -0.2854965403444487)
(-1, -0.6923559189910377)
(-1, -0.9567167847952209)
(0, -0.09556034348836318)
(-1, -0.12772596915378226)
(0, 0.2067634346467639)
(0, -0.19159006406012247)
(0, -0.020323102497998666)
(0, -0.15735551164070094)
(0, -0.025235452222285126)
(0, -0.27620529851189946)
(0, -0.07147910911084843)
(0, 0.06507025964537427)
(1, 0.2346591324512941)
(0, 0.2059051363092087)
(-1, -0.1059643522665692)
(-1, -0.3751182726472725)
(0, -0.005120295696472127)
(0, 0.04792549781744877)
(1, 0.6305744921178593)
(-1, -0.46152922227743765)
(0, 0.2666181281740843)
(1, 0.5832036706805537)
(-1, -0.30361267958602733)
(-1, -0.46843923024502154)
(1, 0.07067807300089751)
(0, 0.19423807557855935)
(0, 0.045092679965246366)
(1, 0.6479057736256892)
(1, 0.18992569919475233)
(1, 0.5175071549102217)
(0, 0.3691585408767838)
(0, 0.03368836356098767)
(1, 0.17820463511481022)
(1, 0.7966289715816806)
(1, 0.6444647957698979)
(0, -0.025975809490557264)
(0, 0.008273038111567651)
(-1, -0.31079793883840756)
(0, -0.01885118117896479)
(-1, -0.6293929958647443)
(1, 0.0773646437624656)
(1, 0.08339618717047159)
(-1, -0.47672596570271225)
(1, 0.5120673682306259)
(0, 0.31924155808970595)
(0, 0.028305894441432382)
(0, 0.1533613933709032)
(0, 0.2687060685079282)
(1, 0.8317607473497498)
(0, -0.02499460788273089)
(0, 0.2698372907207104)
(-1, -0.5471326318263328)
(-1, -0.7564010486999603)
(-1, -0.25645879314884396)
(1, 0.5097324033418347)
(-1, -0.6821477082824066)
(1, 0.6680015327560366)
(1, 0.17929434565607566)
(0, 0.26254849738476416)
(0, -0.08539234942810278)
(0, -0.040786740435650434)
(0, -0.07098544937205349)
(0, -0.012937635609178072)
(1, 0.8775016011735093)
(1, 0.3430935678353462)
(-1, -0.7603740051581063)
(-1, -0.19854376252621786)
(1, 0.39781573999741415)
(-1, -0.09599500775386277)
(-1, -0.513493435832801)
(-1, -0.3566502712038364)
(0, 0.285165846708519)
(1, 0.7192419170541939)
(0, 0.15716087211987842)
(1, 0.5744501608887016)
(0, -0.1462957215555653)
(0, -0.22815276698033582)
(-1, -0.6154490805080198)
(1, 0.5216413679928804)
(1, 0.6766007015831891)
(1, 0.10192615162269214)
(-1, -0.5377728612631459)
(0, 0.03958479227642901)
(-1, -0.8059297923216654)
(-1, -0.9795371648317267)
(-1, -0.6888407649220143)
(1, 0.9175821827310525)
(1, 0.32001174469527427)
(0, 0.025015533997463)
(-1, -0.5755047830963127)
(0, -0.002978719033517721)
(1, 0.6813601764806121)
(0, -0.08282444626819696)
(-1, -0.7540192400882819)
(0, -0.06075592152780235)
(1, 0.250021649726411)
(-1, -0.5335955347862994)
(-1, -0.8343994901999937)
(-1, -0.7758937901499482)
(0, 0.08975869067460462)
(0, -0.1050506589371801)
(1, 0.23719923450812952)
(0, -0.23594399076340383)
(-1, -0.23462085718560977)
(0, -0.020808096170612314)
(-1, -0.405066723890853)
(0, -0.1452745818752306)
(0, -0.22022011187147184)
(0, 0.04304728402150448)
(0, 0.11927332052528775)
(-1, -0.3100098046363039)
(1, 0.3430659965582183)
(1, 0.5553395803145048)
(0, 0.26376851087567055)
(0, 0.1018877090348432)
(-1, -0.7297760934791004)
(0, -0.35407725486747954)
(-1, -0.6974384049528094)
(0, -0.02390612959581619)
(0, 0.21483913716004593)
(1, 0.22641582991211207)
(1, 0.36636015215486806)
(0, -0.12940383897911986)
(0, 0.36427966736145223)
(1, 0.01767541005415668)
(0, -0.05819177354271592)
(-1, -0.6733652731101779)
(-1, -0.6303338511461888)
(0, 0.02918219152518027)
(1, 0.939832316256243)
(1, 0.8648621210801787)
(1, 0.9062988513141583)
(0, 0.22295936206512715)
(-1, -0.43935145881530896)
(0, -0.02265876185533164)
(0, 0.24889282538452723)
(1, 0.9538520022769629)
(1, 0.6665661047562322)
(1, 0.5459195908737651)
(1, 0.9744699549962724)
(1, 0.06578151885030803)
(1, 0.8307387407322099)
(1, 0.9634882397364974)
(1, 0.007621819886686365)
(-1, -0.34392625476359506)
(1, 0.7118965625433155)
(0, 0.01909842312046533)
(1, 0.47525238893304983)
(1, 0.6082098860967434)
(1, 0.8307387407322099)
(1, 0.49825942299799586)
(1, 0.4223230944773947)
(1, 0.726879218067563)
(0, 0.44900995653802334)
(1, 0.3199504879577825)
(0, -0.15096116330388676)
(0, 0.14864127971644606)
(1, 0.7368270899805186)
(0, 0.042028495133071136)
(-1, -0.7568681207452691)
(1, 0.8568186565379682)
(-1, -0.6900007351885663)
(0, 0.20283813456540545)
(1, 0.9796550546042089)
(0, -0.18842903315106807)
(1, 0.7977843420744472)
(-1, -0.43980362971019504)
(-1, -0.9543442781595667)
(-1, -0.634351728788428)
(1, 0.41698156554486865)
(1, 0.3471816572434736)
(0, 0.0734129374834959)
(0, 0.010941994075394881)
(-1, -0.249877253917842)
(1, 0.4146043424497269)
(1, 0.1925476532968809)
(0, 0.10836201514353733)
(0, -0.005595589142715102)
(1, 0.48694918825863936)
(1, 0.43910214876789155)
(1, 0.9643797817412941)
(0, 0.26000508943254524)
(1, 0.7164673410735999)
(0, 0.050145281667663466)
(0, 0.21789181846880498)
(0, 0.06514152344839536)
(0, -0.04994374933798626)
(0, -0.18393928154508837)
(0, -0.004344588238726589)
(0, 0.23425949644422545)
(1, 0.8298628996032501)
(0, 0.1230194473098598)
(0, -0.03400441440013015)
(0, 0.3497422293093124)
(1, 0.17478486329781617)
(0, -0.028648406874105387)
(0, -0.28973637368342525)
(-1, -0.2346413885292425)
(0, -0.1433489080831717)
(0, -0.21763411014342857)
(1, 0.4678143971514973)
(1, 0.3085716462633894)
(0, -0.0967251577607694)
(0, 0.05645223815087988)
(0, 0.06992903117624327)
(1, 0.8237674065637325)
(1, 0.5751194329084459)
(0, -0.06608730120170148)
(-1, -0.06627052077456436)
(1, 0.006794512469627145)
(0, 0.07027208992077483)
(-1, -0.6911291045735174)
(1, 0.5895463738064802)
(0, -0.19565084412267286)
(0, 0.20902965111482363)
(-1, -0.40573768276587624)
(-1, -0.6060038825565375)
(-1, -0.919542724629553)
(1, 0.8972039999427737)
(1, 0.6460486023284315)
(1, 0.0477725287908175)
(1, 0.8026613666369061)
(0, -0.12281612806434403)
(-1, -0.04270001264161011)
(-1, -0.19611779029108373)
(1, 0.8184889409986617)
(-1, -0.2687609148991347)
(-1, -0.06364661571566355)
(0, 0.05265266894374718)
(-1, -0.10148920386698801)
(0, -0.13640839794669274)
(1, 0.905590474326757)
(1, 0.21075146274381593)
(0, 0.0466234262567817)
(0, -0.11148684919808308)
(-1, -0.3495390336262406)
(0, 0.18896191116403266)
(0, 0.2257021106670975)
(0, 0.07099082777452856)
(1, 0.04432845976929922)
(0, 0.2673361409125269)
(0, 0.01621883498949786)
(1, 0.6346278965386356)
(1, 0.12579848556450735)
(-1, -0.734690551941259)
(-1, -0.8738101042744788)
(0, 0.08140062680549225)
(-1, -0.8112333500230596)
(1, 0.5899071325382089)
(0, -0.042165096830553084)
