(1, 0.0749686715946562)
(1, 0.3082422324567797)
(1, 0.6501991138110241)
(1, 0.9511209346155594)
(1, 0.6781075706873622)
(-1, -0.9794175151705754)
(-1, -0.42277449507593445)
(-1, -0.9584887256170259)
(1, 0.2887627767554101)
(1, 0.06719563947384888)
(1, 0.9130075413599565)
(1, 0.660671044416102)
(1, 0.813534693184839)
(-1, -0.6046871400343663)
(1, 0.8004450235896617)
(-1, -0.7346457061615534)
(1, 0.2737945775291356)
(0, 0.009064449089171672)
(1, 0.5310036953677791)
(-1, -0.28807804733181086)
(-1, -0.1693753233099456)
(1, 0.7686193669477513)
(1, 0.8468864647065151)
(0, -0.06476588630186147)
(0, 0.050231910865570176)
(-1, -0.91856126424426)
(1, 0.9297350643255043)
(1, 0.5652104474418151)
(0, 0.23856455862613607)
(1, 0.8455502163109967)
(1, 0.8095026672931919)
(1, 0.2513426006750222)
(1, 0.6557866950002115)
(0, 0.13807360384392287)
(1, 0.7652499487385955)
(0, 0.08829407535002262)
(0, 0.02155480048589277)
(1, 0.23123164376270322)
(1, 0.9314339261888869)
(0, -0.10877134135712016)
(1, 0.9557512356179024)
(1, 0.8343074724651353)
(-1, -0.4717922295276955)
(1, 0.9388932738841117)
(1, 0.9110955050450826)
(0, -0.14719202175403487)
(-1, -0.5993882862296608)
(1, 0.10979932712028984)
(0, 0.07320551376129035)
(1, 0.634495973622723)
(0, 0.21070779970457715)
(1, 0.9647232565440043)
(1, 0.8072496298408909)
(1, 0.8365856867460583)
(1, 0.9940894304171124)
(1, 0.9990273315197149)
