(1, 0.19258320340639246)
(1, 0.6247587162375939)
(0, 0.009153834278275373)
(1, 0.5680769685100371)
(-1, -0.7092727976846711)
(0, 0.3602210176124495)
(0, -0.16102646464835696)
(0, 0.29049983316242195)
(0, 0.056597078643565696)
(0, 0.05050389855750787)
(-1, -0.699835669630885)
(1, 0.7617262621320255)
(0, 0.11362076803581478)
(-1, -0.9908362068358278)
(1, 0.9145283575567724)
(1, 0.7569262596100286)
(-1, -0.6926181294160486)
(-1, -0.7069347260754099)
(-1, -0.9574197582338765)
(-1, -0.9549178973517155)
