(-1, -0.9391350396090273)
(-1, -0.43610389245961473)
(0, -0.24675471129283894)
(0, 0.3046041112061883)
(0, -0.029934490611847886)
(1, 0.9879095732421723)
(0, 0.39243948270784895)
(-1, -0.07980105623752004)
(-1, -0.9765297749764866)
(-1, -0.8996865626654937)
(1, 0.06387650924515326)
(-1, -0.7951750163324797)
(1, 0.27458232503297536)
(-1, -0.7227175130801112)
(-1, -0.7261615893570527)
(-1, -0.8634845366083873)
(0, -0.0536223384743561)
(0, -0.1632347000103675)
(0, -0.0188638868630025)
(0, -0.13097397311263584)
(0, -0.0004601078887531435)
(0, 0.04662643575863862)
(0, 0.25954481844150656)
(0, 0.03750094243766663)
(0, -0.0688636963055346)
(0, 0.02776016345568166)
(0, -0.005193334235490276)
(-1, -0.9957695411679323)
(0, -0.0018591022678138835)
(0, 0.011516588948320097)
(-1, -0.8508590123538825)
(1, 0.1549639842170491)
(-1, -0.6177931755259644)
(-1, -0.9638585883237524)
(0, 0.012087966387427741)
(1, 0.22960431290615213)
(0, -0.03155016253447199)
(0, -0.3633841212528391)
(-1, -0.37951642397534563)
(0, 0.12315443657862465)
(-1, -0.4833295573691633)
(0, -0.03775898343013748)
