(1, 0.951181794259201)
(1, 0.9998138937829283)
(0, 0.05133930292324147)
(1, 0.7181106368621548)
(1, 0.8457476995794121)
(1, 0.8225230632744218)
(-1, -0.4208535816765773)
(1, 0.6163448298743879)
(-1, -0.5733408767161765)
(1, 0.45031394129706953)
(0, -0.1591367789475589)
(-1, -0.999129196393574)
(-1, -0.6487329753831251)
(1, 0.10423436005450687)
(0, 0.0949175724688963)
(0, -0.2082531149363118)
(1, 0.9395320527277045)
(0, 0.08996476811025853)
(1, 0.728177712648428)
(1, 0.7093355609266699)
(-1, -0.16906860544305302)
(1, 0.3274233381474841)
(0, 0.039548389534051966)
(1, 0.8097339522753659)
(-1, -0.5544383484050271)
(-1, -0.7624077196457115)
(1, 0.009755449746732148)
(1, 0.12310685072131522)
(-1, -0.10644247318824118)
(0, -0.3040342094120843)
(-1, -0.8611447375629011)
(0, -0.13332410636055902)
(0, -0.2710582720292873)
(1, 0.12546590693246745)
(0, -0.05737862889220724)
(0, 0.215217334282406)
(1, 0.5752051368097628)
(-1, -0.7459798634976349)
(-1, -0.5015740708686575)
(0, 0.016247581269702563)
(1, 0.7974696102641914)
(-1, -0.4758535515985429)
(0, 0.06494642865844745)
(1, 0.5391315302057527)
(1, 0.4016653745399825)
(1, 0.3824156408608864)
(1, 0.6491534470130209)
(0, 0.01851053796235166)
(1, 0.8182610291332606)
(1, 0.5262374242058218)
(-1, -0.06926442826426171)
(0, -0.07145713032201179)
(0, 0.23588701760369726)
(1, 0.7289142980075349)
(-1, -0.4268244274591777)
(0, 0.019279612697637456)
(0, 0.010811941454587554)
(0, -0.04087817591181373)
(0, -0.07721632031242417)
