(-1, -0.927784219986321)
(0, -0.03687157512452269)
(0, -0.03754133990036954)
(0, -0.00981330843934465)
(0, -0.06824018890299136)
(0, -0.19243888347060184)
(1, 0.6095631343253445)
(-1, -0.8035305470650506)
(-1, -0.4533334352378294)
(0, 0.07675858268629085)
(-1, -0.5233576129518073)
(0, -0.23873295142428683)
(-1, -0.6978052889021491)
(0, -0.18161205603309408)
(0, -0.15137151478770006)
(0, -0.2701989279979976)
(0, 0.13895254778533173)
(0, -0.10093426119896783)
(1, 0.07474565972831193)
(0, -0.05274769573762903)
(1, 0.8914073627555921)
(1, 0.4096436976297478)
(-1, -0.39383015966206064)
(1, 0.4144623497883798)
(1, 0.10929599922835626)
(0, 0.02604586898612725)
(1, 0.7408278586208428)
(-1, -0.6910107970947623)
(-1, -0.3415917282175443)
(-1, -0.20994518381753113)
(1, 0.625393771522477)
(-1, -0.20865917724921818)
(1, 0.332063319146412)
(1, 0.502980345066953)
(-1, -0.9253050849173369)
(1, 0.26452114356404166)
(-1, -0.4229201576101276)
(0, -0.3919573027882348)
(0, -0.1664002031175082)
(-1, -0.545157966325175)
(1, 0.7526021653817541)
(0, -0.05934363997479599)
(1, 0.717598603583602)
(-1, -0.8188341722096099)
(-1, -0.10851715129684397)
(1, 0.7220640036764601)
(-1, -0.6945166565675337)
(0, 0.05366472946006723)
(0, -0.13293125142302)
(1, 0.8521251823385759)
(0, -0.13773316008311864)
(0, -0.18172155829355585)
(1, 0.9831495338502344)
(1, 0.9526224890565458)
(1, 0.6508430673180603)
(1, 0.5012024556970136)
(1, 0.752783891972763)
(0, -0.1371601903144769)
(0, 0.09079957503207772)
(-1, -0.5426002910276075)
(1, 0.7489708786228548)
(-1, -0.474326471275864)
(0, -0.011223409019594371)
(-1, -0.9452217642153228)
(1, 0.17153040773068903)
(-1, -0.5344353029501693)
(0, -0.0346046241861003)
(-1, -0.4373195345276947)
(1, 0.16011006635441566)
(-1, -0.19958234466074176)
(1, 0.4996247942390596)
(0, 0.15994792103989802)
(0, 0.30872182849797397)
(1, 0.9306367120640555)
(-1, -0.584095884377009)
(-1, -0.872339335224182)
(-1, -0.7307423789144961)
(-1, -0.9305523901381658)
(1, 0.9960156700292636)
(1, 0.08941425839511297)
(-1, -0.805642497038059)
(0, -0.02638558614342193)
(-1, -0.375031732177044)
(1, 0.2585017845654591)
(0, -0.011825167072553579)
(-1, -0.5072338954433795)
(-1, -0.4421234090040336)
(-1, -0.40289982086619663)
(0, 0.16835495935143832)
(0, -0.09624618695858331)
(1, 0.7949816789122658)
(1, 0.9526277476593731)
(1, 0.6494627284174753)
(0, -0.028876416075023073)
(-1, -0.631369184180202)
(-1, -0.3028419530468539)
(0, 0.3230341747465965)
(-1, -0.27094968837751454)
(-1, -0.4008564024105542)
(1, 0.9113502365748811)
(0, -0.07579793055163254)
(-1, -0.34543226408084987)
(1, 0.8004702442969156)
(-1, -0.3598358348171984)
(0, -0.19887533276528319)
(0, -0.1555952171215607)
(0, -0.02289905080274139)
(-1, -0.971914433605781)
(0, 0.11362259907470595)
(-1, -0.5110863779147002)
(0, -0.013991647500576576)
(0, 0.004561959350106286)
(0, 0.03673976543686891)
(0, -0.005368413030873435)
(0, 0.11257282340990243)
(0, -0.004774646239010083)
(1, 0.20598357285634414)
(-1, -0.5159868770195989)
(0, -0.0007232997622198169)
(0, 0.05410080598639356)
(1, 0.3886455923566065)
(0, 0.0003372403622049101)
(1, 0.7156648174054033)
(1, 0.42770510740935536)
(0, 0.24247363235008126)
(0, -0.0013373115429868195)
(0, 0.011744911908951675)
(1, 0.8105185703381018)
(0, 0.07611178868057726)
(0, 0.19975928497939419)
(1, 0.33825503021928394)
(-1, -0.9860135518572929)
(1, 0.1567025387601026)
(1, 0.9491833958100268)
(1, 0.1461895693213775)
(1, 0.760141649019529)
(1, 0.3474577826908552)
(1, 0.5944147947432367)
(1, 0.35781073204564867)
(-1, -0.1942962608981123)
(1, 0.948432235558716)
(-1, -0.21899163648178027)
(0, -0.1241161318215576)
(-1, -0.38933841472129893)
(-1, -0.20909948857462074)
(1, 0.0721970980654732)
(0, 0.09290480613203503)
(1, 0.8473246723319344)
(1, 0.45816866857731264)
(0, -0.11199642629403136)
(-1, -0.1890093795209385)
(-1, -0.9948986327772914)
(-1, -0.8175390073132739)
(0, 0.32874771233318634)
(-1, -0.7314439940181254)
(1, 0.7550355638891865)
(-1, -0.4374976320216397)
(1, 0.582155043543988)
(-1, -0.7459075263397514)
(-1, -0.9718252374498519)
(-1, -0.5876042415164667)
(-1, -0.9286521904470827)
(-1, -0.3488917405946603)
(-1, -0.8941823901434303)
(-1, -0.9381627501787585)
(-1, -0.6844139539761521)
(1, 0.3037755793819531)
(1, 0.12002132825918116)
(0, 0.07604508196981008)
(-1, -0.1612662878289592)
(1, 0.856482908310732)
(0, -0.17313128541375092)
(1, 0.3992971071134638)
(0, -0.020977779326212503)
(1, 0.7454205840303125)
(-1, -0.567915353740869)
(0, -0.047709639701205155)
(1, 0.19286311242886012)
(-1, -0.4084059074758434)
(0, -0.11734212301241648)
(0, 0.1888121554158029)
(-1, -0.8886595024760108)
(1, 0.6421112761336829)
(1, 0.36983786645253375)
(0, 0.010068449388745378)
(-1, -0.39623148895668686)
(-1, -0.3740225032575179)
(0, -0.2758225093144681)
(-1, -0.7502859961674948)
(-1, -0.9701410156650654)
(-1, -0.43360049318439586)
(-1, -0.7176177387914022)
(1, 0.43390849995073016)
(1, 0.5675272431821139)
(-1, -0.931027578217906)
(0, -0.05925515644985195)
(-1, -0.906423730068323)
(0, -0.32460743625422556)
(-1, -0.7328669444784741)
(-1, -0.9205669616404317)
(1, 0.40790256557526583)
(1, 0.9337565099805)
(0, 0.06554017500865433)
(-1, -0.5178963243303651)
(1, 0.6695987856014003)
(0, -0.1341299882300266)
(-1, -0.4631055105542158)
(1, 0.07319910091203596)
(-1, -0.2171175018569833)
(0, 0.06926268804164218)
(0, -0.26665274175529674)
(0, 0.06722663000131532)
(1, 0.7340539689017764)
(1, 0.4758795732155019)
(0, -0.10912604318074846)
(-1, -0.632385459815416)
(1, 0.23341649686030497)
(1, 0.5922967709161355)
(-1, -0.7157175138311116)
(1, 0.6949193001749687)
(-1, -0.550079306673974)
(0, 0.14714320904135553)
