(1, 0.015289696156604804)
(-1, -0.5085998999530589)
(-1, -0.6515590058773968)
(-1, -0.687925918575061)
(0, -0.15244332097930588)
(1, 0.2677053254313057)
(-1, -0.6547342703182298)
(1, 0.9997485410922211)
(-1, -0.03307770840103341)
(1, 0.8352306771597555)
(-1, -0.8859924005044092)
(0, 0.08281622647355324)
(0, 0.022950763932509687)
(-1, -0.37557542042881364)
(0, 0.05677826230784369)
(-1, -0.7633650402502417)
(0, -0.2965745568597065)
(-1, -0.8482378031122673)
(0, -0.08892460975329328)
(0, 0.23399811395871484)
(0, -0.007180523442649793)
(1, 0.7303153070645777)
(0, 0.10976569522204553)
(1, 0.5709994608658702)
(0, 0.28854460326012044)
(1, 0.5137997699497892)
(-1, -0.2580949415380211)
(1, 0.3786015109392372)
(1, 0.2769350614147228)
(0, 0.022642593023062665)
(1, 0.831656699481794)
(1, 0.33641581068505877)
(0, 0.25843622407206374)
(1, 0.11245002627811956)
(0, -0.13472849096800799)
(1, 0.9071140353018505)
(-1, -0.8055971674840456)
(0, -0.10866691265572152)
(-1, -0.8976746567393995)
(0, 0.09863269674833107)
(0, -0.111062116224068)
(-1, -0.924039297356801)
(0, -0.2303816168607937)
(0, -0.13214187981180647)
(1, 0.7446265604322764)
(1, 0.03605407239176123)
(0, -0.14106864531782076)
