(1, 0.93233468767122)
(-1, -0.6246553134249873)
(-1, -0.6641894670036479)
(0, -0.11003423409959562)
(-1, -0.3782435603343485)
(-1, -0.37518561908126563)
(-1, -0.5545025281200697)
(-1, -0.8206970839636375)
(0, 0.009390681433858615)
(-1, -0.6818629476314058)
(0, 0.003520306704225807)
(-1, -0.2658926743432567)
(-1, -0.16571115210811904)
(0, -0.04876094534554773)
(1, 0.4930652743495253)
(1, 0.5792582978956243)
(1, 0.19944696142389212)
(0, 0.01197373432258957)
(0, 0.3492347389480791)
(1, 0.5831584342337073)
(0, -0.004660672368971129)
(0, -0.030179312814628247)
(0, -0.048177082246918745)
(0, -0.15864531910676796)
(0, 0.022589202633256672)
(1, 0.5329012382004737)
(1, 0.7056375384350082)
(0, -0.24115736320440637)
(0, -0.07943845180547546)
(0, -0.027727591500069565)
(0, 0.026932056102695646)
(-1, -0.9457039990882392)
(-1, -0.5980310173105806)
(0, 0.21203825403594806)
(0, -0.0004541503742675479)
(0, -0.08328999953927346)
(0, -0.06446399777164744)
(-1, -0.2596807770050793)
(0, 0.08720697021105794)
(0, 0.17217920586920962)
(0, 0.07038501341568236)
(-1, -0.8120478770665779)
(-1, -0.5286975532163622)
(-1, -0.25811077729255844)
(0, -0.07613133306630263)
