(-1, -0.6543755763126028)
(1, 0.4119656799580783)
(-1, -0.842942444208415)
(-1, -0.7772055399303196)
(-1, -0.7804509806078417)
(-1, -0.29225514751723297)
(0, -0.005967685724209498)
(0, 0.006595258559959974)
(0, -0.1165183453545939)
(1, 0.43741364235642943)
(0, 0.17129420886707764)
(1, 0.9263340282078362)
(0, -0.30723871730680075)
(1, 0.5265995377605871)
(1, 0.3818443346043783)
(-1, -0.6545328384599806)
(1, 0.9490682026946506)
(0, 0.0481659127089316)
(0, -0.2561727005418847)
(0, -0.2264144766750396)
(1, 0.5476855667686619)
(1, 0.9365409122930023)
(-1, -0.684343242655174)
(-1, -0.39280782128142705)
(-1, -0.9247274436054578)
(-1, -0.5251812559563128)
(0, 0.0648919016607348)
(0, 0.06505705777485629)
(-1, -0.6506141562583992)
(0, -0.0037013326300393903)
