(1, 0.011056882254213807)
(-1, -0.08666349401852719)
(0, -0.14102251915073563)
(1, 0.8112864315400324)
(-1, -0.34918362235366035)
(0, -0.0125430645783088)
(1, 0.6912526498822901)
(0, -0.14471029045134226)
(0, 0.22390167394325378)
(0, 0.013217029976033301)
(1, 0.8546974086735943)
(0, 0.03369281805441407)
(1, 0.5678603256190066)
(1, 0.9123202102363461)
(1, 0.8880470469919178)
(1, 0.5620128445672086)
(1, 0.6874220933941706)
(0, -0.020082991784249882)
(0, -0.050137608215452614)
(1, 0.01509615318117219)
(0, -0.05981103062295619)
(1, 0.8628553595631819)
(0, 0.04648200119513754)
(0, 0.10205920962096918)
(1, 0.4638698975630049)
(0, 0.01705151136184005)
(-1, -0.31665771349653815)
(0, -0.055595708396745436)
(-1, -0.31665771349653815)
(0, -0.24221308243645595)
(-1, -0.31665771349653815)
(0, -0.044068329140224904)
(-1, -0.31665771349653815)
(1, 0.4216592423785231)
(-1, -0.31665771349653815)
(0, -0.08951456731040508)
(-1, -0.758289725616121)
(0, -0.08737092334420443)
(-1, -0.6201023803402419)
(0, -0.13119548170220305)
(0, -0.07289422858483616)
(-1, -0.4329373379495002)
(1, 0.9008726175120488)
(1, 0.6289663350195888)
(-1, -0.8066859443467475)
(1, 0.19209162923280043)
(1, 0.9541741638337841)
(0, 0.34934541332078833)
(-1, -0.22549427231794206)
(0, -0.22007024786753224)
(0, -0.06743372051090854)
(-1, -0.5313976626602287)
(0, -0.1682744208040045)
(1, 0.9227963275990799)
(-1, -0.16899017194960145)
(0, 0.09745191108467899)
(1, 0.11273048755859089)
(0, -0.028609626804025096)
(0, 0.04620177547515119)
(0, 0.05566424636333295)
(-1, -0.4067088839442169)
(0, 0.10961950404609683)
(1, 0.18850988973083388)
(-1, -0.5559004642577101)
(-1, -0.8837388487001512)
(1, 0.43350701186703333)
(-1, -0.4681951416471109)
(0, 0.018004407058213018)
(0, 0.01137005334930033)
(0, -0.10029330690692066)
(1, 0.966411318870515)
(-1, -0.4351290181686248)
(0, -0.32923495224402866)
(0, -0.1842573225312647)
(-1, -0.34166476120091205)
(1, 0.785600964186719)
(1, 0.8813946699680183)
(0, 0.003127088938338296)
(-1, -0.6140707103067039)
(0, -0.03663600670808083)
(0, 0.28410014274219353)
(0, 0.019196286445595886)
(0, 0.4124190029165782)
(0, 0.04655379758990855)
(0, -0.03654594684467155)
(-1, -0.8626799751249624)
(0, 0.18194328599444914)
(1, 0.4195486717061459)
(0, 0.04518008105000161)
(0, -0.09894756464623403)
(0, 0.17285167748272334)
(1, 0.8890758471263658)
(1, 0.8999639469856544)
(-1, -0.26002073743791093)
(-1, -0.4625696393648012)
(-1, -0.027311139282012564)
(1, 0.9822959838632803)
(1, 0.6272759081833088)
(0, -0.38661448655914576)
(0, -0.13479061656351013)
(-1, -0.399230044834191)
(0, -0.18637757145476533)
(1, 0.8667258116741108)
(1, 0.013345629620819643)
(1, 0.7632015034360334)
(1, 0.7233423771992147)
(1, 0.9286713886428328)
(0, -0.21723130780956537)
(0, -0.006386977555147028)
(1, 0.8531120329269204)
(1, 0.35555119607248553)
(-1, -0.4568957968177673)
(1, 0.7405815769167544)
(-1, -0.02771719552905072)
(1, 0.5468242223632697)
(0, 0.30815297214112075)
(1, 0.9518058954971669)
(0, 0.14297189547131414)
(0, -0.17382609999063078)
(0, -0.06226121858481437)
(0, -0.03386751964688245)
(0, 0.01311854482568306)
(-1, -0.7140765415178678)
(1, 0.9231606388855963)
(0, 0.0010564280467113291)
(1, 0.48593172499213705)
(0, 0.157586926167596)
(0, -0.15370928799207345)
(-1, -0.6459098532326801)
(-1, -0.7992474795790896)
(1, 0.04496863596215578)
(-1, -0.4477272227923902)
(0, 0.0003165972075132306)
(1, 0.32040374057631915)
(-1, -0.8751857643605186)
(0, -0.09416459247586044)
(0, -0.02334508592422113)
(1, 0.738425367216992)
(0, -0.191760327803128)
(-1, -0.5481498418844422)
(0, -0.23514976171304564)
(0, 0.06148044138169413)
(0, -0.18825605225922667)
(0, 0.09260287669482306)
(1, 0.6837583183810755)
(1, 0.7635285893694007)
(-1, -0.6133141502394142)
(-1, -0.35199756044674885)
(1, 0.8005580974754419)
(-1, -0.10751523941772112)
(1, 0.30939828567565736)
(0, -0.030761721544934166)
(1, 0.8207559144958566)
(-1, -0.11021130086180314)
(0, 0.26594543721252145)
(0, 0.39233253716591887)
(0, -0.1672753773033484)
(-1, -0.9275188244232406)
(-1, -0.6748858270590242)
(1, 0.31428212709746134)
(0, 0.03812888695638638)
(0, -0.04560722981024998)
(1, 0.9845109163514635)
(-1, -0.4957081947858954)
(1, 0.408736087710395)
(1, 0.48133444443323004)
(0, 0.09347490563721159)
(0, -0.04508137095690279)
(-1, -0.3028398906014566)
(-1, -0.5515659872132098)
(1, 0.9903014031638583)
(1, 0.8057194760569079)
(1, 0.11192141375115411)
(1, 0.8640953479816724)
(0, -0.1791002038338646)
(1, 0.9763704874773319)
(1, 0.8839760583921072)
(0, -0.004889715364330666)
(1, 0.9948351307199594)
(0, 0.025939316219591398)
(0, 0.055432730141264576)
(1, 0.47242192790678705)
(1, 0.6005361227862875)
(1, 0.5119174324913842)
(0, 0.2047240201283774)
(1, 0.22853861403385523)
(-1, -0.1714334649020064)
(0, 0.24865219882082945)
(1, 0.7024922867991437)
(0, 0.3135078940316486)
(1, 0.12542461436405722)
(0, 0.018898822606010945)
(-1, -0.833531245818653)
(1, 0.34813348472262046)
(1, 0.15408675379119646)
(-1, -0.3597568523374038)
(1, 0.3168072413036539)
(1, 0.9210998283625902)
(1, 0.8154438204618029)
(-1, -0.9466921518378119)
(0, 0.07743681866024521)
(-1, -0.6189530672380488)
(-1, -0.7398922360480504)
(0, -0.0219301179063896)
(-1, -0.35491375689472054)
(0, 0.30136805739927874)
(-1, -0.8078141464610282)
(-1, -0.8477493035094928)
(0, -0.02096786997926299)
(0, 0.12896709353624122)
(-1, -0.008682271503006489)
(-1, -0.4024029904310169)
(0, -0.1900676847124469)
(1, 0.31541921858011107)
(0, -0.14020333964064796)
(-1, -0.6935650066683423)
(-1, -0.7623895626313016)
(-1, -0.7278007528472443)
(-1, -0.8974354205301817)
(1, 0.939373415039248)
(-1, -0.47642088043573194)
(1, 0.9071806030283788)
(1, 0.05798735893923668)
(-1, -0.378869766379258)
(-1, -0.12065657686075976)
(-1, -0.021869365806211627)
(0, -0.16422067780941269)
(0, -0.16422067780941269)
(1, 0.5257099096177756)
