(1, 0.9075876553699014)
(1, 0.24692816667866102)
(0, 0.21418176654426432)
(1, 0.47167496688429283)
(0, 0.15837315674469998)
(1, 0.5808857659052254)
(1, 0.7458087900241379)
(0, 0.13379319382534988)
(0, 0.3760570773319487)
(0, 0.18703959803820383)
(1, 0.7311552971774065)
(0, -0.3193703486452812)
(0, -0.010335757578910226)
(1, 0.8940096892988758)
(1, 0.8902986596694441)
(1, 0.829272187730687)
(1, 0.7495712804982668)
(1, 0.8834879417260825)
(0, -0.005028364409295001)
(1, 0.7758071361924692)
(1, 0.8212511781647531)
(1, 0.7628466216729414)
(-1, -0.39807853757553285)
(1, 0.8633298180206179)
(0, 0.2278314135989601)
(0, 0.19762567375710383)
(1, 0.681387358157096)
(1, 0.8321769556635717)
(0, 0.051312239795058334)
(0, -0.00843885405455723)
(0, 0.19216900790114116)
(1, 0.9718189411811594)
(0, 0.39843302986423595)
(0, 0.2708782706517905)
(1, 0.4991026320803707)
(0, 0.08230760599899568)
(0, 0.018742226141877063)
(1, 0.34145161532024226)
(1, 0.9424648988339605)
(0, 0.1297146024903616)
(1, 0.26792206251510353)
(0, 0.014898638753800673)
(0, 0.28438195687854056)
(1, 0.16567517758241718)
(1, 0.9763717136952144)
(-1, -0.2685386831899834)
(0, -0.01013407399966433)
(0, -0.004469290341202378)
(1, 0.9041027550657916)
