(1, 0.16979656293112394)
(0, 0.14126833268798678)
(0, -0.33608570648712954)
(1, 0.7471251468510873)
(1, 0.5423920323377907)
(0, 0.02207782113020533)
(-1, -0.4918764611762718)
(1, 0.7937690783854695)
(1, 0.4404974477086651)
(1, 0.7410812505405064)
(0, -0.14396005711975782)
(-1, -0.9538062556709526)
(0, 0.02198392814912053)
(0, 0.06489732853714027)
(-1, -0.5149975786017043)
(0, 0.20746559253745023)
(0, 0.11296798838861011)
(0, -0.31255506689314555)
(-1, -0.24846166644184398)
(0, 0.11956091263205966)
(0, -0.0059736432923984985)
(0, -0.30719718481498465)
(-1, -0.5485981083866488)
(1, 0.717739713006166)
(0, 0.020842418492411557)
(0, 0.3493007146914981)
(0, 0.186916417909595)
(1, 0.40781922861049735)
(1, 0.9297715207314567)
(1, 0.9117449720721542)
(0, 0.013613157900302847)
(1, 0.7216085193676341)
(1, 0.5299106781040397)
(1, 0.8026944139279236)
(-1, -0.9140746090894178)
(0, -0.004973840554934245)
(0, -0.08090293379370395)
(0, -0.02090632671761853)
