(1, 0.1387264422055247)
(1, 0.9001627265001322)
(-1, -0.6975550919013437)
(1, 0.961006426646987)
(0, 0.002836175427065518)
(1, 0.38115001675612814)
(1, 0.432463492577136)
(1, 0.8083495621579141)
(1, 0.9464775315893351)
(1, 0.5089333220876309)
(1, 0.7057862188390343)
(1, 0.9751408060552462)
(0, -0.10632989176932636)
(0, -0.11825224609444629)
(0, 0.05193588881240374)
(-1, -0.2643865328668867)
(0, -0.0035965004517352628)
(-1, -0.25456743616131905)
(-1, -0.9687494148972704)
(0, 0.23051346881612572)
(1, 0.5951697961289801)
(-1, -0.4448662705702949)
(0, -0.11099146693963646)
(1, 0.9542059493055345)
(-1, -0.8565507914473671)
(0, -0.0593354214626286)
(-1, -0.244107597622644)
(-1, -0.2943425071771242)
(-1, -0.8644927397213249)
(1, 0.1525330109407005)
(0, -0.026957634529142543)
(-1, -0.8806472914543007)
(1, 0.713171934650473)
(1, 0.41822512458628913)
(1, 0.4648078931000219)
(-1, -0.9636456438937837)
(0, 0.007953093309634507)
(0, -0.003775448165217743)
(0, -0.08604843232094508)
(-1, -0.7056558700851154)
(-1, -0.7834831142776313)
(-1, -0.1989330568130134)
(-1, -0.1019417244385758)
(-1, -0.8077963734262181)
(0, 0.08492795631879357)
(0, -0.3848980522840897)
