(-1, -0.7436111051122908)
(0, -0.08275534343696787)
(-1, -0.5139514529185055)
(0, -0.0208075276633069)
(0, 0.07522515055312823)
(0, -0.13931879930847685)
(1, 0.5215931899217121)
(0, 0.03822548135743155)
(1, 0.44812082804913533)
(0, -0.020817543870316535)
(-1, -0.558012730189517)
(0, -0.1660924380630736)
(-1, -0.9714713967634101)
(0, -0.051864086325088266)
(0, -0.2916609991960407)
(-1, -0.6834976912156745)
(1, 0.041011964312403615)
(0, -0.006285835691855042)
(0, 0.009594438569057569)
(1, 0.1207625726461633)
(0, 0.011451194744559093)
(0, -0.17124803385688614)
(0, -0.12399286241094382)
(-1, -0.5304479338728039)
(-1, -0.4435826210082372)
(1, 0.3128841512663165)
(1, 0.6852609574603746)
(-1, -0.3123458405666815)
(-1, -0.3239325155523871)
(1, 0.18800324975418736)
(0, -0.02394020110265327)
(1, 0.8790764569202119)
(1, 0.6711040980890067)
(0, -0.217002878521888)
(-1, -0.971039540743898)
(-1, -0.34494182880330015)
(0, 0.09521161476628248)
(0, -0.013508842294760275)
(0, -0.18067815985778402)
(0, -0.06308704399099015)
(0, 0.026295558394597136)
(0, -0.005732871683213479)
(0, 0.06740786507211227)
(0, -0.11542153015675347)
(0, -0.4562100213177297)
(0, -0.06428679619938184)
(-1, -0.9635731093704742)
(1, 0.04655825184371465)
(1, 0.9493562889031061)
(-1, -0.980208259019256)
(1, 0.050494216018924676)
(-1, -0.8747422634644768)
(0, -0.20151709845378687)
(-1, -0.34241027048601624)
(-1, -0.9575960076352902)
(-1, -0.986018784128198)
(0, -0.0829700417285823)
(1, 0.26506146265216524)
(0, -0.017599559746397153)
(0, -0.00949222855976099)
(0, 0.02770143280984873)
(0, 0.037451123761852875)
(0, -0.07136973578083533)
(1, 0.750705612422644)
(1, 0.7821584333122968)
(1, 0.6648441553616071)
(0, 0.018817528147243523)
(0, 0.04514815670335884)
(-1, -0.7543988403510679)
(-1, -0.2024572556838628)
(0, -0.16593580576737302)
(1, 0.11949416019295883)
(0, 0.023818374793158986)
(0, -0.13345400746032585)
(-1, -0.5329168906186673)
(-1, -0.9607477589904825)
(0, -0.11759527831613897)
(1, 0.42508366798965036)
(0, -0.15747939112508585)
(0, 0.004047511738205625)
(-1, -0.6926688435789462)
(1, 0.06735170768296095)
(0, -0.09960264085607425)
(0, 0.12799948958402455)
(0, -0.015111962167254349)
(1, 0.4031991846284947)
(-1, -0.9861791785358187)
(1, 0.25702186135403704)
(0, -0.13140080735021015)
(0, 0.043206622357126676)
(-1, -0.6473464894194378)
(1, 0.15718717600950854)
(0, -0.33707732293041903)
(0, 0.02740008070876393)
(0, -0.21080514234849218)
(0, 0.02114318272290938)
(1, 0.05682731467464447)
(0, -0.2589661016872716)
(1, 0.6706770719376499)
(0, 0.14382590143815177)
(0, 0.33154610633860493)
(1, 0.43975188256592)
(0, -0.18487180482759158)
(-1, -0.01348053977258784)
(0, 0.13143294521071203)
(-1, -0.4566397008611857)
(0, -0.011991037861496273)
(-1, -0.0742249808361275)
(1, 0.6336373904055743)
(0, -0.18124971637011175)
(0, -0.32476428825539955)
(0, -0.05290654110503115)
(-1, -0.3588322100530004)
(-1, -0.4746218628818424)
(-1, -0.6187049245189375)
(0, -0.01917714021970586)
(0, 0.18917190087149507)
(-1, -0.39515933201869174)
(0, -0.031545696620243105)
(0, -0.030117090993479728)
(0, 0.04861301289705232)
(1, 0.37598129541301345)
(1, 0.414415909010916)
(0, -0.16398976493901574)
(1, 0.6640239424118465)
(1, 0.8161721588623305)
(0, -0.10621176125474846)
(0, -0.01802852043737363)
(1, 0.9441351699429595)
(0, -0.3669037732748409)
(1, 0.1678621700571722)
(-1, -0.7698726956496194)
(0, 0.06037974957368775)
(0, 0.02132505707429283)
(-1, -0.47824345878144303)
(-1, -0.4437045134449471)
(0, 0.001951710112252536)
(-1, -0.5432511766612913)
(-1, -0.0962441138125939)
(0, -0.08565808141622056)
(0, -0.24424705372948724)
(-1, -0.5784226889742837)
(0, 0.059936873828889084)
(1, 0.4838085151662602)
(1, 0.4581152114163032)
(0, 0.08034069780808484)
(-1, -0.3369526200048043)
(0, 0.22367073289126982)
(-1, -0.7909250844045816)
(1, 0.6480922786568323)
(0, -0.07758544601468696)
(0, -0.06765460210613114)
