(-1, -0.4702899139527424)
(-1, -0.022122811535646658)
(-1, -0.9466646373353439)
(0, 0.4008725946972557)
(0, 0.13030491610163117)
(-1, -0.676073301329966)
(-1, -0.5754380116694325)
(1, 0.8704435214470089)
(-1, -0.5235664829195775)
(0, -0.3298040654803189)
(-1, -0.05061869781924688)
(0, -0.23811664085399917)
(1, 0.6818262878620814)
(-1, -0.8531454119211922)
(0, -0.019411133028158258)
(0, -0.05317591791321885)
(-1, -0.5532273516932253)
(1, 0.9316248284951928)
(1, 0.8460349239884092)
(1, 0.3146945493793897)
(-1, -0.8381074674516764)
(0, 0.09658053524578643)
(1, 0.18999808118455436)
(1, 0.8706433366659296)
(0, 0.3064011582507721)
(-1, -0.5530279099849389)
(1, 0.5106571363941108)
(0, -0.165413149267176)
(1, 0.778060458263326)
(0, 0.1919265512608232)
(-1, -0.5179083919597315)
(-1, -0.31907447402372335)
(-1, -0.6527744992418889)
(0, 0.1732724747538407)
(0, 0.33564071711767607)
(1, 0.6827354503343707)
(0, -0.40069105347083545)
(0, -0.007568910268246354)
(0, 0.43840546514010414)
(1, 0.7697702364944473)
(-1, -0.6504932632089587)
(1, 0.8762839576364049)
(-1, -0.5024739597794025)
(1, 0.24406612694359253)
(1, 0.5803302558730922)
(1, 0.41622526850332703)
(0, -0.06842198139844921)
(-1, -0.8536762608953372)
(-1, -0.06706866540272716)
(1, 0.7857115291669794)
(-1, -0.9722387724524442)
(0, -0.00025914231094410946)
