(1, 0.5324641068738352)
(-1, -0.9556609502220058)
(0, -0.12904284983007988)
(0, 0.008806548616468263)
(1, 0.9266186292172632)
(0, 0.055321860218039046)
(0, 0.15887942388772863)
(0, -0.19435213435902904)
(0, -0.2618712734197302)
(-1, -0.8130905217791158)
(0, 0.04638090950779104)
(-1, -0.5594494952096798)
(-1, -0.03701236365256483)
(1, 0.4810449722152685)
(0, -0.002228602775330602)
(0, 0.010772737481986594)
(0, -0.010774843701200451)
(0, 0.06630766358830709)
(0, -0.2257942009121424)
(0, -0.1959561227356836)
(0, -0.0024203934497539215)
(0, 0.0849613794873642)
(0, -0.09511074339953524)
(0, -0.33383053459929235)
(0, -0.29573293166845543)
(-1, -0.6022147644778305)
(1, 0.16026969578996741)
(0, -0.03787394283771417)
(0, -0.09333532445401328)
(0, -0.10981698450248938)
(-1, -0.5528299432341037)
(0, 0.09205787940372678)
(0, 0.15401340684573803)
