(0, -0.05361544440693745)
(0, -0.07760843816095839)
(0, 0.21400283659486766)
(0, -0.07886874814035157)
(-1, -0.38405437327670705)
(0, 0.05839532836882519)
(-1, -0.24162190118220095)
(1, 0.515654420354423)
(0, 0.2582711737975366)
(0, 0.32004590123772153)
(0, 0.11266132663100747)
(0, -0.16139484420736616)
(0, -0.06638292749320118)
(0, -0.03910228590798269)
(0, 0.05888545021453134)
(0, -0.01213604479890619)
(0, -0.019091789720484538)
(0, -0.002921689626116622)
(0, -0.0379896113096424)
(0, 0.08460897223895941)
(0, -0.012931603682509094)
(0, -0.24720257540588736)
(0, -0.08053049976727888)
(0, 0.14218579169685794)
(0, -0.0020593730577849086)
(0, -0.1794483536856764)
(0, 0.00279394338184256)
(0, 0.08362123808254877)
(0, 0.00489848412244781)
(0, -0.04311528889372428)
(0, -0.03922283944513244)
(0, 0.01426176290821466)
(0, 0.013919222727001457)
(1, 0.688986771925616)
(-1, -0.5556683739402453)
(0, 0.37478516736968276)
(0, -0.05077755104621337)
(0, 0.02067717600718915)
(0, 0.0011723244591702042)
(-1, -0.6994120595612705)
(0, -0.29832358118810876)
(0, 0.07798768216023519)
(0, 0.13702137853631907)
(0, 0.091562272741834)
(1, 0.10741635718043552)
(0, 0.052162985176138404)
(0, -0.014852558463539323)
(0, -0.031626115341803165)
(0, -0.17189045826435007)
(0, -0.03129463727041172)
(0, 0.021751926180558278)
(0, 0.07214493575963735)
(0, 0.010779682408084142)
(0, -0.01752296831668987)
(0, 0.007824369377846394)
(0, -0.10337934428977938)
(0, 0.04590507432051213)
(0, 0.24998588329928934)
(-1, -0.8540679025350332)
(0, 0.020828463430588987)
(0, -0.3617135327329297)
(0, -0.007743481076190731)
(0, 0.02734201744600114)
(0, -0.09814569006658992)
(1, 0.8821696163206004)
(0, 0.004736829306954224)
(0, 0.009482625953313614)
(-1, -0.0839781205813202)
(0, -0.07794681723289204)
(0, -0.002855394593482272)
(0, 0.018423060949794554)
