(1, 0.9875641011004619)
(1, 0.6252132776488135)
(0, -0.19808071261379986)
(-1, -0.5378351771450782)
(-1, -0.011335530966059326)
(0, 0.007573048459688814)
(1, 0.34709659672172)
(1, 0.09612031017877398)
(1, 0.5021768204092765)
(1, 0.3054300160040043)
(-1, -0.7142163671399686)
(0, 0.07806060806918964)
(-1, -0.49800074092636526)
(0, -0.30829240787993495)
(0, -0.04598513452627187)
(-1, -0.5692544182151006)
(1, 0.5836153403647215)
(0, 0.19054492868093595)
(-1, -0.7339813011007762)
(1, 0.38771378636424636)
(1, 0.5068623983553378)
(0, 0.2366418647607459)
(1, 0.9124686216889886)
(0, -0.13313669145529783)
(1, 0.3364350589075541)
(1, 0.4439133713414808)
(0, 0.2049898569075632)
(0, 0.06901734471225869)
(-1, -0.7053257839789231)
(-1, -0.824689159812373)
(1, 0.3312705719028649)
(-1, -0.5548069285674246)
(0, 0.0037864712797851113)
(-1, -0.7534601407334726)
(0, -0.2588239131490673)
(-1, -0.5372017960110683)
(0, 0.19870687108642235)
