(0, -0.13194038730364244)
(1, 0.838173070929324)
(1, 0.6082750111717019)
(0, -0.12551011350189642)
(1, 0.8559248849300878)
(0, 0.152407394280135)
(0, -0.028869509609295185)
(1, 0.5900704575457769)
(0, 0.045764987804232965)
(1, 0.5844386993673889)
(-1, -0.9001632265095394)
(-1, -0.5372831111627183)
(0, -0.002789726228237943)
(0, 0.1419527318905761)
(1, 0.6331751053298711)
(0, 0.09569321573232763)
(0, -0.2563634295888229)
(1, 0.9437007168295932)
(1, 0.6267907538134295)
(1, 0.8799028713237569)
(1, 0.17777629876274803)
(0, 0.03464574929270478)
(1, 0.4113714904126291)
(-1, -0.3721039144561832)
(0, -0.0027137363117228225)
