(1, 0.5497728725409962)
(1, 0.9173465170213174)
(0, 0.08635291854362531)
(0, -0.03540620719751328)
(-1, -0.8106947682863015)
(1, 0.07858948879135891)
(-1, -0.6156804758267173)
(1, 0.24147115308446515)
(0, -0.030905094282553197)
(-1, -0.4504642803839102)
(-1, -0.7935724794684438)
(-1, -0.7067593299196065)
(1, 0.5290591987389944)
(0, -0.1446199370932775)
(1, 0.8622828316881258)
(1, 0.4124957871314183)
(1, 0.8601121160106854)
(1, 0.7377339800456655)
(-1, -0.09224523732319578)
(-1, -0.39128326041890793)
(0, 0.07597252566525442)
(1, 0.46311708675185104)
(1, 0.13223549858233952)
(0, -0.18164134543056365)
(0, -0.06288523016856412)
(-1, -0.48450674561449825)
(0, 0.053381235980049624)
(-1, -0.8178722257018869)
(-1, -0.848061172647746)
(1, 0.571604835369595)
(0, 0.09110160421811014)
(0, 0.18950538159654862)
(0, -0.40872738292982935)
(0, 0.06543199253821282)
(0, 0.07130754512138404)
(-1, -0.9825137350564654)
(1, 0.6660350982865987)
(1, 0.8912071090149355)
(1, 0.19885444846957046)
(1, 0.542796666820137)
(1, 0.4932644391887707)
(0, 0.06275325213588798)
(0, 0.054724650295823025)
(0, -0.16012345742285078)
(0, 0.002835120918446214)
(1, 0.8895035843096989)
(-1, -0.6063622650564345)
(0, -0.0047521680686353485)
(1, 0.6723060156772697)
(-1, -0.3832006099463904)
(1, 0.525882309119612)
(1, 0.415410824909777)
(1, 0.12362241130102525)
(-1, -0.6351093326648346)
(1, 0.764913662833562)
(0, 0.07161593162024617)
(0, -0.25170993082500825)
(1, 0.7907780879165817)
(-1, -0.6031633106491312)
(1, 0.8808365266032381)
(0, 0.22275280126820798)
(0, -0.12491216310115841)
(1, 0.387285742240523)
(-1, -0.41824680137277503)
(-1, -0.6207909195926137)
(-1, -0.6546853594244111)
(1, 0.5220365225853036)
(1, 0.1279752396664105)
(-1, -0.968445060572025)
(1, 0.1482926149442072)
(-1, -0.9598524495090308)
(0, 0.1907460978818289)
(1, 0.18938543223419896)
(-1, -0.08873874270236165)
(1, 0.8508450392650139)
(-1, -0.8196255618463032)
(-1, -0.45876424186665316)
(1, 0.2723449183278446)
(-1, -0.1479152085442062)
