(0, -0.022137830195087305)
(0, 0.08079681476571668)
(0, -0.07519726003261137)
(0, 0.14890901829728967)
(0, -0.0029562952781631673)
(0, 0.007401371543836077)
(1, 0.7949592145697665)
(0, 0.06787208640558723)
(0, 0.01933570461415506)
(0, 0.2137095089664726)
(1, 0.36844880570066163)
(0, -0.01932818290218205)
(1, 0.8705999279387151)
(1, 0.39985943593271145)
(1, 0.7270155418601947)
(0, 0.05124693304018244)
(1, 0.8532323851526947)
(0, -0.3924516489790995)
(1, 0.9306031785290243)
(0, -0.2250955630642488)
(-1, -0.44551673916094436)
(-1, -0.11304630802818155)
(-1, -0.5294468723161138)
(-1, -0.6497252754477445)
(-1, -0.8663880838019358)
(-1, -0.5810042060702063)
(1, 0.8819758580127153)
(-1, -0.03893233062711998)
(0, -0.0607655357270063)
(-1, -0.36588965658966444)
(0, 0.16371572067166537)
(0, 0.11413331683608517)
(-1, -0.7577615032676969)
(1, 0.08091832405550076)
(1, 0.70682512640265)
(-1, -0.6168098366349384)
(-1, -0.6854102201056423)
(-1, -0.7005771901204209)
(-1, -0.5880393614211648)
(-1, -0.570878921517711)
(-1, -0.42304173918211563)
(-1, -0.7409551767452813)
(-1, -0.7671438016957972)
(1, 0.3887623455124144)
(0, -0.01013407399966433)
(0, -0.030989318167901615)
