(1, 0.06390166030706368)
(0, 0.20561290412746605)
(0, 0.19436485036436946)
(0, 0.0026157983842316768)
(0, -0.0385877590891582)
(0, 0.020136778504304745)
(0, -0.0162480336753738)
(0, -0.050641272867318676)
(0, -0.07587416752237708)
(1, 0.3249267987147003)
(0, -2.295479849456772e-05)
(0, -0.20891198940509087)
(0, 0.10884981636288422)
(0, -0.4468333565105232)
(1, 0.5742255884336027)
(-1, -0.03891773959481665)
(-1, -0.916707631478106)
(-1, -0.1748574846249532)
(1, 0.3850719967429831)
(0, 0.13686216489508354)
(1, 0.0180376719535843)
(-1, -0.39954536167331156)
(1, 0.989643117706234)
(0, 0.255850298859656)
(-1, -0.05126269695802488)
(-1, -0.3046449656278786)
(-1, -0.03155318420751374)
(0, -0.04501191132883886)
(-1, -0.7238316762598759)
(-1, -0.608049615023114)
(1, 0.3041640795936624)
(0, -0.004891593555578652)
(1, 0.2532079594104161)
(1, 0.43201306465752976)
(0, -0.09677723880503955)
(1, 0.9941849382170647)
(-1, -0.8828784920341082)
(0, 0.025540362574683756)
(1, 0.2289144723719981)
(0, 0.0652200540644157)
(1, 0.9173829466622349)
(1, 0.5055934098287358)
(0, -0.24909821164035395)
(0, -0.3693016849107514)
(-1, -0.5491487948305053)
(-1, -0.8173466750837475)
(-1, -0.8306592810015014)
(0, -0.2187458556422442)
(-1, -0.5083025373729827)
(-1, -0.500480023610903)
(-1, -0.5626170511515868)
(0, 0.08387296740187888)
(-1, -0.38001275276981683)
(1, 0.7340501631419197)
(0, 0.10125860589556905)
(-1, -0.30266538087982614)
(0, -0.06765460210613114)
