(0, 0.25490295890317105)
(0, -0.067975830604243)
(-1, -0.9932748499186527)
(-1, -0.9910858690664817)
(-1, -0.9985742137404034)
(-1, -0.8780988826174592)
(-1, -0.8270881497537225)
(-1, -0.8564590963461383)
(-1, -0.02250550385548089)
(-1, -0.6710933466797756)
(0, -0.001514189965869099)
(-1, -0.2004804403178848)
(-1, -0.17174289709253632)
(0, 0.04795643738378716)
(0, -0.010585458256501201)
(-1, -0.6328241282622595)
(1, 0.7938167333444438)
(1, 0.7512998677729326)
(0, -0.3763552478673776)
(-1, -0.9082248689729816)
(-1, -0.8858797810524447)
(-1, -0.9727676095104391)
(0, -0.12481553866285608)
(-1, -0.134014365832614)
(0, -0.06615448559310493)
(-1, -0.7446692405694125)
(-1, -0.9806224478168775)
(-1, -0.6779050222979313)
(0, 0.13089814203645717)
(-1, -0.5832884532277548)
(-1, -0.8305842360538251)
(-1, -0.8945549767342629)
(-1, -0.19131355165972774)
(0, -0.04660085736469713)
