(1, 0.6833451467278282)
(-1, -0.6960649791587605)
(0, 0.17480822805821425)
(0, -0.07961764190958226)
(-1, -0.39420543103389855)
(0, -0.27918420194947424)
(0, 0.21259304148217673)
(0, -0.1585377825277995)
(-1, -0.9352465253814717)
(1, 0.2066013235102461)
(0, -0.045147494063178514)
(-1, -0.23193453055383054)
(0, 0.24251572844133873)
(0, -0.045647274674438285)
(0, 0.13331068778439742)
(-1, -0.6308771694345606)
(0, -0.19349357632176656)
(0, -0.11007362410524707)
(-1, -0.7840141758854418)
(0, -0.07096903161487197)
(0, -0.005436651199876193)
(0, -0.022482474059391175)
