(-1, -0.7712982563197769)
(1, 0.3177227251090371)
(-1, -0.013488960473045986)
(0, -0.05161434810141047)
(-1, -0.787782988204819)
(-1, -0.41279996645857764)
(-1, -0.577766431843981)
(-1, -0.9197901646936224)
(1, 0.17160562824150105)
(0, -0.10700163958500748)
(0, 0.19615369515027814)
(0, -0.0010936559280420692)
(0, 0.12333147872605699)
(1, 0.764585160561092)
(-1, -0.6469835718908066)
(0, -0.01475917946971319)
(0, -0.007111753524218709)
(0, 0.04258852864149171)
(0, -0.006052271301117424)
(1, 0.5555635169689952)
(-1, -0.6271609135350962)
(0, -0.25857604669825496)
(-1, -0.8723309948422416)
(-1, -0.3100988758134287)
(-1, -0.9034713287916372)
(-1, -0.48391361515872544)
(0, -0.2829878828681568)
(0, -0.08383555647651315)
(0, -0.10371111969526062)
(-1, -0.4996974994956238)
(-1, -0.24296474773112714)
(0, -0.069413263339482)
(-1, -0.8798832937574366)
(0, 0.181715048478419)
(1, 0.2125793839425029)
(-1, -0.02712746695366336)
(-1, -0.7800344670782904)
(-1, -0.9979295405949612)
(-1, -0.9865034180896134)
(-1, -0.5980331266005239)
(0, -0.29957613474964817)
(-1, -0.6556887661738731)
(0, -0.36037554382943954)
(-1, -0.4498961174377301)
(0, -0.08493090526241018)
(1, 0.6164759785373184)
(0, -0.03550444474956532)
(0, 0.06760459512823366)
(-1, -0.7853413598458049)
(-1, -0.5047633640399141)
(0, -0.11744637499241443)
(0, 0.0032234020746302328)
(1, 0.6588579341833792)
(0, -0.01910980270136072)
(1, 0.581891626732275)
(-1, -0.2321914949171356)
(1, 0.19410546151562852)
(-1, -0.5590215288843953)
(0, 0.09082917856442999)
(-1, -0.7364434158850696)
(-1, -0.7931404598912397)
(-1, -0.27890720621360515)
(0, 0.01795395605698547)
(0, -0.04340710023187058)
(-1, -0.9607025626685607)
(0, 0.19689417591107403)
(-1, -0.5451256542156835)
