(1, 0.91982712357731)
(0, -0.25623626181220177)
(0, -0.29251596731293983)
(1, 0.67299565789044)
(-1, -0.33606927119247026)
(-1, -0.9475234004522229)
(-1, -0.7078346520468269)
(-1, -0.6228258750919311)
(-1, -0.03479242254366699)
(1, 0.47486691654039637)
(0, 0.05822607139104821)
(0, 0.18515617356304864)
(0, -0.3625277129315462)
(0, 0.0809698050495385)
(0, 0.31508857945337615)
(0, 0.00030449079418930214)
(1, 0.5597123259563674)
(1, 0.40576784880719685)
(1, 0.14817805886612606)
(1, 0.09619813250708775)
(1, 0.6603945961143421)
(0, -0.22001657691578305)
(0, -0.13242746283738974)
(1, 0.5478675669857939)
(0, 0.0058869317003308885)
(0, 0.3819140519044001)
(0, 0.09010777889676401)
(1, 0.10466027884446549)
(0, 0.2925703224536543)
(1, 0.9048434250860563)
(1, 0.33320562600541315)
(0, -0.17453084912097025)
(1, 0.9652767581007357)
(0, -0.1903331299376999)
(0, 0.061243280693726754)
(1, 0.5970480475534995)
(0, 0.03592278283289371)
(0, -0.045303371919809834)
(1, 0.5005186001066456)
(-1, -0.31758055721471806)
(0, -0.14493157140470514)
(1, 0.579386684240343)
(0, -0.009013570287165953)
(0, -0.3339775627541944)
(0, -0.16880003772813362)
(-1, -0.6781436589385594)
(1, 0.17023582383183244)
(1, 0.3563050892237511)
(-1, -0.8846338018297293)
(-1, -0.5347131069823012)
(0, 0.13515651616917432)
(0, -0.011290203259517392)
(0, 0.2742172218060567)
(0, -0.37741164367541946)
(0, 0.23165560352686257)
(0, 0.241299884748928)
(1, 0.7692577428383657)
(-1, -0.6851270017682203)
(-1, -0.8061522875201941)
(-1, -0.6155071112018203)
(0, -0.1173815516194173)
(1, 0.6208017397908273)
(0, 0.25861971540473594)
(0, 0.0017427795948729563)
(0, -0.10062052048181824)
(-1, -0.24287357967293238)
(0, 0.04751349807035868)
(1, 0.6076162619066596)
(1, 0.950921706263633)
(-1, -0.6087017361342402)
(1, 0.43876223656888164)
(1, 0.12727696487495227)
(0, -0.020183168237975068)
