(0, -0.07569697688990587)
(0, -0.02577740762812808)
(1, 0.8858509354088473)
(-1, -0.8516626554880589)
(0, -0.0931647073656051)
(0, -0.2019344866761107)
(-1, -0.3364564150678515)
(1, 0.35496067259631287)
(-1, -0.565965793342615)
(1, 0.4032069892807788)
(-1, -0.8868230171115762)
(-1, -0.42724924011720433)
(-1, -0.5532965753839911)
(-1, -0.9266985433500031)
(1, 0.3672677700793082)
(-1, -0.32326321302706906)
(1, 0.2886208767627232)
(-1, -0.5949650712105143)
(0, -0.1541238222629893)
(0, -0.08209077245606908)
(0, 0.1827256750213247)
(1, 0.2654626140161044)
(-1, -0.9164953111904467)
(-1, -0.42290440660146505)
(-1, -0.8117580065822674)
(0, 0.07938867728922194)
(1, 0.9662108398224646)
(-1, -0.6936327315021705)
(1, 0.5334148861317484)
(1, 0.6529532699640048)
(1, 0.4655293486704054)
(1, 0.3762595870126688)
(0, 0.03313578935424463)
(0, -0.013369379032219852)
(0, -0.04221155121644107)
(0, -0.05298281611565306)
(0, -0.01596357475652095)
(0, -0.2464211023944527)
