(-1, -0.8359109334785355)
(0, -0.35488754035009545)
(-1, -0.6635425175225991)
(0, -0.01381452833406268)
(0, -0.09302622408458622)
(0, 0.19920413286558708)
(-1, -0.7570143146819517)
(1, 0.9893937945556601)
(1, 0.9560998620915984)
(-1, -0.5355006767969939)
(-1, -0.6737295044260374)
(-1, -0.9942093487104824)
(1, 0.47605978495449586)
(1, 0.3426217948184819)
(1, 0.6836839081231753)
(0, -0.03460044301360301)
(-1, -0.7461781269152158)
(0, -0.20309362275418788)
(-1, -0.5789405969318151)
(0, -0.19185029924891955)
(0, -0.2300431641993682)
(-1, -0.6281711730800847)
(-1, -0.6631714143086436)
(-1, -0.8048290117871603)
(1, 0.28404285318559236)
(0, 0.15914023815520534)
(-1, -0.5582386168740672)
(0, -0.09187926401478186)
(-1, -0.7458507617395219)
(-1, -0.09198219650186545)
(0, -0.05364659093729272)
(0, -0.09786088024989692)
(-1, -0.9432822494351396)
(-1, -0.001031075978048801)
(0, -0.007895576150446434)
