(-1, -0.6070085424274801)
(-1, -0.006965237915406375)
(-1, -0.9476414746646549)
(0, 0.027796919229739286)
(1, 0.25415810116162035)
(0, 0.006908185679374151)
(0, -0.08710913398001488)
(-1, -0.4475134028629734)
(0, -0.06765460210613114)
(0, 0.017583744696038517)
(-1, -0.31173646330957533)
(1, 0.1085363229455496)
(0, -0.26451232000365876)
(0, 0.08506746020230602)
(0, 0.1351612383531882)
(0, -0.0845419309841816)
(0, -0.04967860530459123)
(-1, -0.29052939418467727)
(-1, -0.32016227668220726)
(0, -0.11918932792956613)
(0, 0.20006673857642526)
(-1, -0.6190080613486462)
(0, -0.09575971807922769)
(-1, -0.40822855577988465)
(0, -0.11929025168417004)
(1, 0.024960475472437238)
(-1, -0.8105358081064913)
(0, -0.10300502467321812)
(0, -0.19778549144546995)
(0, 0.08848572950802172)
(-1, -0.2968568033565476)
(0, 0.1132052247015258)
(-1, -0.9732875896518398)
(1, 0.5580183551406125)
(0, -0.17583371018550564)
(-1, -0.5115015703872843)
(1, 0.5053026577279169)
(-1, -0.36356403051362585)
(0, 0.0029899491821102006)
(0, 0.015494732566095626)
(0, -0.34301741097445104)
(0, -0.008642197620794184)
(0, -0.006569520921809534)
(0, -0.032536161930516755)
