(0, -0.22114865777094544)
(0, -0.14160366135002198)
(0, -0.16152869508199755)
(0, -0.10079739452613522)
(1, 0.7382692279687316)
(1, 0.046100673999080466)
(-1, -0.2966572158923351)
(0, -0.15158397980015606)
(1, 0.2838415041359273)
(0, -0.002565269297846312)
(1, 0.03575586480505105)
(0, -0.06532490515107782)
(0, -0.07779341355917732)
(0, -0.14783724537877443)
(0, -0.05135030833749624)
(-1, -0.7393236809843221)
(0, -0.17644289715759567)
(-1, -0.39038964054622644)
(1, 0.39540787912720027)
(0, 0.2450014816397114)
(0, 0.03438528495843707)
(-1, -0.6368577109301551)
(0, 0.1841646183104844)
(-1, -0.4674741814590294)
(1, 0.07250627849385544)
(1, 0.4164328953148101)
(0, -0.09461830169424766)
(0, 0.15923088837934773)
(-1, -0.22729000111404402)
(0, 0.2639013286547643)
(0, -0.049437574074878476)
(-1, -0.4852430609277983)
(0, -0.06765460210613114)
