(-1, -0.01724934996058941)
(-1, -0.27732367124052404)
(0, -0.015714213219433865)
(0, 0.1317339198166048)
(1, 0.4668923972617074)
(1, 0.18676687042904466)
(1, 0.30869649018386075)
(-1, -0.5681830125024416)
(-1, -0.9867700831620135)
(0, 0.10404168817823584)
(-1, -0.9502057619086358)
(-1, -0.904134004381247)
(-1, -0.19431463539608407)
(-1, -0.8877591755951859)
(-1, -0.9542071115329485)
(1, 0.4174261112560132)
(-1, -0.01695135846237683)
(1, 0.3392243942322389)
(-1, -0.3489794449081588)
(0, -0.010633612741162812)
(-1, -0.7810761449372835)
(0, 0.1724397475530226)
(0, -0.03752359592251825)
(-1, -0.42445089208000025)
(-1, -0.46401530821361225)
(0, 0.023444490353198448)
(0, -0.14509769392147062)
(-1, -0.08007555353388457)
(-1, -0.39815023258697096)
(1, 0.927659109900757)
(-1, -0.1350958271013442)
(-1, -0.8021997237238015)
(1, 0.29977949210622207)
(0, 0.07837432305644645)
(1, 0.6125514019441127)
(1, 0.4138620192994152)
(-1, -0.4784796475016977)
(1, 0.5579337586342584)
(0, -0.04614507246448326)
(-1, -0.557356671167531)
(-1, -0.953450974965891)
(-1, -0.4301419886761935)
(-1, -0.7959437938705033)
(0, 0.06238879908115738)
(0, -0.05792173709426216)
(0, -0.17000869913410377)
(1, 0.8839590115214957)
(-1, -0.6432767127017233)
(-1, -0.711228618725424)
(1, 0.1615621207718303)
(-1, -0.42760118644454526)
(-1, -0.837100765182618)
(-1, -0.947906165961492)
(-1, -0.441939459775321)
(-1, -0.4314387982194383)
(-1, -0.6545564679001699)
(1, 0.8648156090778657)
(0, 0.128323240415556)
(0, -0.17202399846155983)
(1, 0.6476615965940519)
(-1, -0.01358305634256568)
(-1, -0.40251768123072273)
(0, 0.3900568999740067)
(0, -0.010168926748906404)
