(-1, -0.8640518637723534)
(1, 0.5449555188400474)
(-1, -0.5788468872909374)
(-1, -0.7994724740824755)
(0, 0.17815661397774696)
(0, -0.15101488957397613)
(1, 0.00932029617937613)
(1, 0.500911044663645)
(-1, -0.2934231227894656)
(1, 0.8330420022790918)
(1, 0.4322579327034197)
(1, 0.2867651699230079)
(0, -0.07267305315321408)
(-1, -0.5387429199414052)
(-1, -0.47171068308777026)
(1, 0.5179740622139679)
(-1, -0.7908317808729095)
(1, 0.6367332794623117)
(0, 0.0004250449361522596)
(0, -0.03934974246991607)
(0, -0.07613133306630263)
