(1, 0.14329820914378966)
(1, 0.7614922558306145)
(1, 0.9606386109065369)
(0, -0.05197183179572885)
(-1, -0.5042443419005528)
(1, 0.13519273410319077)
(-1, -0.47591225107160895)
(-1, -0.5132343435447746)
(0, 0.1321292921257669)
(-1, -0.8555704425418866)
(1, 0.8314289921017001)
(1, 0.5953127560815333)
(1, 0.9146171486446665)
(1, 0.5136320435430045)
(1, 0.7499851218840647)
(0, 0.03128681892098021)
(0, 0.015887332076846117)
(0, 0.04379830038489689)
(0, 0.004833290286776551)
(0, -0.17755032468764848)
(0, 0.14432593228516583)
(0, -0.32143624793761666)
(0, 0.035328101457641314)
(1, 0.08232913742084924)
(-1, -0.6244073607306299)
(1, 0.9338336000690648)
(0, 0.1989667583717915)
(0, 0.0197034982276873)
(0, 0.0026730357643618787)
(0, 0.13192719103125963)
(-1, -0.012766141745220727)
(0, -0.1438848569177332)
(1, 0.6669980898168534)
(0, 0.28771914629929557)
(0, -0.007539844409521218)
(1, 0.7106054622170023)
(1, 0.9300865121473687)
(-1, -0.6949392355579249)
(1, 0.7316979464009499)
(-1, -0.5124553761098231)
(-1, -0.15018528254774816)
(-1, -0.31436356861341597)
(1, 0.4927919129750732)
(-1, -0.6526271220172106)
(1, 0.41789838582125793)
(-1, -0.4503412613627441)
(-1, -0.6439824691757469)
(0, -0.11960343114646271)
(0, -0.05325958011098131)
(-1, -0.06112030560096776)
(0, 0.09920206224550444)
(1, 0.01860691043198981)
(1, 0.7693178582607667)
(-1, -0.16600868653287865)
(0, 0.1785538443403374)
(0, 0.053660365655659265)
(1, 0.20520179197961375)
(-1, -0.4465663883522916)
(1, 0.7530042428652486)
