(1, 0.9987197882692503)
(1, 0.9798316793491884)
(1, 0.8115308068093785)
(0, 0.21738672689228639)
(-1, -0.6378511326825049)
(0, -0.10598193410653645)
(-1, -0.6129619042292839)
(1, 0.8671378913737275)
(0, 0.019644602274256566)
(0, 0.024007305527451565)
(0, 0.007868679822351985)
(0, -0.01891810345222243)
(0, -0.12422358904091954)
(0, 0.23376313993920206)
(-1, -0.9076114822255988)
(1, 0.02780987652266481)
(1, 0.3291074926244937)
(1, 0.9539731109124716)
(1, 0.8645846392113957)
(0, 0.1331109543698893)
(1, 0.47798704947048054)
(1, 0.3429155477860655)
(0, 0.0189765298656281)
(0, 0.1990406764904046)
(0, 0.05391419414062436)
(0, 0.09204663403913939)
(1, 0.46480600715701215)
(-1, -0.9258716973350014)
(0, 0.20513317142468185)
(1, 0.9049537143109707)
(-1, -0.4778601119417902)
(-1, -0.9195827258856114)
(0, 0.19917578726326982)
(1, 0.9217996474857315)
(0, 0.042787308288968456)
(1, 0.13936139434081024)
(0, 0.3306757571230951)
(0, 0.0027658959795092836)
(0, -0.2591051551654977)
(1, 0.13519309968960108)
(-1, -0.9274346458463697)
(1, 0.05863212985661981)
(1, 0.7635673139611873)
(-1, -0.7720532278288721)
(-1, -0.4322825773350696)
(1, 0.5029269724995089)
(1, 0.9893984055645835)
(1, 0.9889607563417696)
(-1, -0.3845305423699053)
(-1, -0.2971484026149761)
(0, -0.1153449535449434)
(0, 0.018861854854399028)
(1, 0.7427663499254552)
(1, 0.11041025361058121)
(1, 0.9290061175319063)
(1, 0.9701123243229748)
(0, -0.2141307204584031)
(0, -0.2590917548731547)
(-1, -0.739669761292578)
(0, 0.18156341224862144)
(1, 0.3195544119707444)
(0, 0.0013353139796318623)
(0, 0.08391800931949084)
(-1, -0.5756182974219256)
(-1, -0.931595513165223)
(-1, -0.5745953262809963)
(-1, -0.6479822385754805)
(1, 0.6110471615930775)
(1, 0.09275167684678431)
(1, 0.662042460256965)
(0, -0.37209330040436095)
(0, 0.33953578509242344)
(1, 0.4696812037033718)
(0, -0.15432029689391383)
(0, 0.4268716571449807)
(1, 0.4432220776020631)
(0, -0.07865169421171259)
(1, 0.9415303244472086)
(0, 0.23234825062402858)
(0, -0.18626292635997085)
(-1, -0.7448267882194624)
(1, 0.31931549313230945)
(0, -0.3806857464611234)
(0, 0.06661161691691825)
(0, -0.00018935239117454095)
(1, 0.4763493001854463)
(1, 0.7693214182628956)
(0, -0.0474573771426649)
(-1, -0.28287567021126225)
(-1, -0.764510675969133)
(-1, -0.28312227590811845)
(-1, -0.6330664545614115)
(-1, -0.8921363457408216)
(0, 0.07839195693982687)
(1, 0.726992129569419)
(1, 0.5255342659592448)
(0, 0.018223647626685862)
(1, 0.2752199074634638)
(0, 0.43586552234207265)
(-1, -0.34333120667287825)
(-1, -0.031098521126911804)
(0, -0.09718177802633335)
(1, 0.39420931198635784)
(1, 0.6702666088430566)
(0, 0.04371238923488252)
(-1, -0.6792133152942088)
(0, -0.06176439837150455)
(-1, -0.04394644167034456)
(1, 0.4520392927812233)
(-1, -0.17189744752330255)
(0, -0.03990136395248586)
(-1, -0.9904572381462388)
(-1, -0.1316638049306954)
(-1, -0.05903476940585933)
(-1, -0.7057777296983753)
(0, -0.2659135377043912)
(-1, -0.21879612065896842)
(0, 0.1539663043934438)
(-1, -0.6178995563085588)
(0, 0.021756798869322663)
