(1, 0.8537409300294542)
(1, 0.8122887551909869)
(0, -0.12774296307625593)
(0, 0.15244475983516653)
(-1, -0.14523404884783997)
(0, -0.001985616867648532)
(0, -0.164209987218989)
(-1, -0.3574518701352567)
(0, 0.08974249629384864)
(0, -0.024053641900546596)
(-1, -0.028372742432650255)
(-1, -0.3604087659977884)
(1, 0.6952531171712671)
(1, 0.4937754928458872)
(1, 0.568182419645807)
(1, 0.9496390502100779)
(1, 0.8409627928819123)
(-1, -0.2691808403885943)
(1, 0.513768849976179)
(0, 0.2104345399341251)
(1, 0.8658909713213945)
(0, 0.07219295617051019)
(1, 0.5116733031281645)
(-1, -0.2412400943658492)
(1, 0.8885090860414517)
(1, 0.6717931555191334)
(0, -0.06765460210613114)
(0, 0.04571416269334605)
(-1, -0.4813510012020925)
(1, 0.07933930426727442)
(-1, -0.8954711796302819)
(1, 0.4663612965478393)
(0, 0.017177228363790514)
(1, 0.2931318638885025)
(-1, -0.7045533880003338)
(0, 0.37575000935815567)
(0, 0.16690669255524876)
(-1, -0.49376452602006266)
(0, 0.04524540559050266)
(1, 0.46579428948971924)
(-1, -0.4592634182029646)
(0, 0.005945432950762696)
(1, 0.3658360435558763)
(1, 0.8424413017304876)
(-1, -0.02674758634101998)
(1, 0.5055885911984007)
(0, 0.1870162223644129)
(-1, -0.253174975789032)
(0, -0.05077363351375763)
(-1, -0.835391413467198)
(0, -0.02676249510087711)
(0, -0.16145861186739158)
(1, 0.39765970640174403)
(0, 0.03496039557431868)
(0, 0.10066178315666459)
