(1, 0.9878350301948292)
(1, 0.7495307415570063)
(1, 0.9971801110825902)
(0, 0.0020591812870737747)
(0, 0.3878365654739296)
(0, 0.04393808030070346)
(0, -0.09974143201108794)
(1, 0.9176794760354287)
(0, 0.11867180851200122)
(-1, -0.5558798477164189)
(-1, -0.48204745900732016)
(1, 0.9250407632558916)
(1, 0.9648913575619283)
(1, 0.6468844754925136)
(-1, -0.32359010217007117)
(0, 0.03406741575607544)
(0, 0.23894175402613177)
(1, 0.5135601651749458)
(1, 0.5346031426448931)
(0, 0.0793010252146166)
(0, -0.030989318167901615)
