(1, 0.9285916597911691)
(0, 0.00352265112556999)
(1, 0.9111650291020243)
(0, 0.11447204317875037)
(1, 0.5343772928738929)
(1, 0.7218601111252353)
(1, 0.5436810232077428)
(1, 0.9859571570881887)
(1, 0.9845151837062346)
(1, 0.7701794792172695)
(1, 0.7939553293606078)
(0, -0.018482967963265234)
(1, 0.6111227267517354)
(1, 0.3611681111253688)
(1, 0.622860845443455)
(-1, -0.02822665406717151)
(0, -0.3480945625709699)
(1, 0.9604849078435771)
(0, 0.0402327479023869)
(1, 0.78401087383705)
(1, 0.5665144971987035)
(0, 0.14125362556770382)
(1, 0.9363750686064616)
(-1, -0.5823760152759545)
(1, 0.7491379473506357)
(1, 0.39922162118973065)
