(0, 0.1443544306259863)
(1, 0.8486207449693598)
(-1, -0.3237177228789771)
(0, 0.3617236014595709)
(0, -0.21534784005754834)
(0, 0.14354541552500957)
(-1, -0.32478690162239476)
(0, 0.24094317748643207)
(0, -0.17216793048920323)
(0, -0.005950830163064469)
(0, 0.05146708327963477)
(1, 0.664409338187999)
(-1, -0.6835495823417217)
(-1, -0.5997870746346682)
(1, 0.400950884342745)
(-1, -0.7006577901892175)
(-1, -0.39058638751893604)
(-1, -0.6524505486751984)
(-1, -0.9466736996647733)
(1, 0.794230472809767)
(0, -0.07790142294608648)
(0, 0.15369992945058425)
(0, -0.08840325866345666)
(0, -0.02920283299557408)
(1, 0.8000647359146807)
(1, 0.8000034279470447)
(0, -0.16810281343297284)
(0, 0.2742108382944765)
(-1, -0.6549553354012212)
(-1, -0.8643616883030601)
(-1, -0.8661251686994431)
(1, 0.8862755795709972)
(0, -0.29255680950125784)
(-1, -0.20216823102668013)
(0, -0.1547892717637412)
(0, 0.0010315284484438171)
(0, -0.0030610504995980253)
(0, -0.0066445342468471145)
