(1, 0.8807433130393962)
(1, 0.5823565814846422)
(0, -0.06611541617101929)
(1, 0.5817737829413955)
(0, 0.05072336002881845)
(1, 0.9983784128005928)
(0, 0.2167481446667508)
(1, 0.585371749877087)
(0, 0.08674703346279723)
(0, -0.2459408854095549)
(0, -0.1101540638822818)
(-1, -0.5948756207043935)
(1, 0.7825151521802117)
(0, -0.31593979353863655)
(-1, -0.6669567844202415)
(-1, -0.8992255938776776)
(-1, -0.718074666642743)
(0, 0.2601375471407991)
(1, 0.7875578845464005)
(1, 0.6443108616168335)
(0, 0.013561457512812524)
(0, -0.01257652306247943)
(1, 0.6456256805205872)
(0, -0.008860703014534455)
(1, 0.9057967192746113)
(0, -0.046187645000850486)
(1, 0.9962879666877367)
(0, 0.4039657973997468)
(1, 0.7797350403302895)
(1, 0.6066654942543832)
(0, 0.21138111155788014)
(1, 0.20722525681549758)
(1, 0.3419496901532453)
(1, 0.7111070027053744)
(1, 0.06794977012167663)
(0, -0.1123926809919354)
(1, 0.5517001437111987)
(0, 0.102035627044621)
(0, 0.008501300449854407)
(0, -0.13248899424640478)
(0, 0.0630688357664062)
(0, 0.12223128068365766)
(1, 0.3221955271176553)
(1, 0.8530562735524109)
(1, 0.49283112262705353)
(-1, -0.5642568863451253)
(1, 0.1478521268927409)
(-1, -0.189390313215077)
(1, 0.7667864120940194)
(0, -0.04391651332508328)
(0, 0.0027475114109484014)
(0, 0.2515064349980036)
(1, 0.5011506079464507)
(0, 0.035667306946505564)
(0, -0.15109860237724032)
(0, 0.04831237340298225)
