(1, 0.9497815100177447)
(1, 0.6821132715806867)
(1, 0.7803005277692521)
(1, 0.9565095981368649)
(0, 0.013157631770068665)
(-1, -0.5136523989593413)
(0, 0.08836834928439305)
(0, -0.1468009944759745)
(-1, -0.6560886846451496)
(0, -0.15161808014672928)
(0, 0.10694373347113395)
(-1, -0.30374775779713675)
(0, -0.15684976394431255)
(-1, -0.7940799321656141)
(0, 0.13360706994196203)
(1, 0.3665595526389051)
(0, -0.08012037860188126)
(-1, -0.848864221303944)
(-1, -0.8070902990979046)
(-1, -0.9125971624072121)
(0, 0.00525304743595232)
(0, -0.07613133306630263)
