(1, 0.9758374535169881)
(-1, -0.8233754646948372)
(1, 0.6230505797258172)
(-1, -0.6038570904910106)
(0, -0.06685952262171421)
(-1, -0.6555709225000698)
(1, 0.4534058876918161)
(1, 0.664316122207396)
(1, 0.6702407361793071)
(0, 0.08095047910230228)
(1, 0.6849991632326378)
(1, 0.4666507068161528)
(1, 0.9843674305741129)
(1, 0.15559010576554078)
(1, 0.2042779745038742)
(0, 0.02519427546359147)
(1, 0.6173296137271599)
(1, 0.8752639324146545)
(-1, -0.11018623040996323)
(0, 0.21322804594035566)
(1, 0.6602220362092731)
(1, 0.4210606642449772)
(0, -0.20578827465550348)
(0, -0.3746137651295464)
(-1, -0.641318355088949)
(0, 0.09269103265884371)
(-1, -0.8657061529843686)
(-1, -0.34781595604919047)
(0, 0.0013238885461812483)
