(0, 0.1571216332605854)
(0, 0.0051649982895907096)
(1, 0.5436703404524607)
(1, 0.43975188256592)
(0, 0.3395941514886866)
(0, 0.13550908923586913)
(0, -0.004259152045482065)
(0, 0.013907193452904976)
(-1, -0.16662083908019493)
(0, -0.03107019315873827)
(-1, -0.5647186696919997)
(1, 0.24616394216006143)
(-1, -0.8791218130084247)
(0, -0.36046623743760114)
(-1, -0.5298583445380806)
(0, 0.010930257614523861)
(-1, -0.3606782102366356)
(0, -0.11756571306219345)
(0, 0.20185768163283763)
(0, 0.04186347123433884)
(-1, -0.863459401810543)
(0, -0.22698002892098884)
(0, 0.28515208166179334)
(0, -0.09295719351804779)
(-1, -0.8016534845891942)
(0, -0.020346549242419895)
(1, 0.041509358495431636)
(0, 0.006258777880489258)
(0, -0.11013033438750747)
(0, -0.13557423132452734)
(-1, -0.2650257097629153)
(0, -0.0025967959581154054)
(0, 0.0029499432774345094)
(1, 0.7057014656912101)
(0, -0.1285989429651032)
(-1, -0.6743023011697373)
(1, 0.5432308936843442)
(0, 0.18374364370980098)
(-1, -0.6279028455488447)
(0, 0.09377545080933083)
(-1, -0.7581988970036424)
(1, 0.2542433122779473)
(0, -0.03804029834631139)
(0, -0.07984022835385587)
(0, -0.12000816141617514)
(0, 0.09501928384895755)
(-1, -0.6152646589728086)
(0, 0.08502242553526271)
(0, -0.025608899658785142)
(0, 0.012838153554908546)
(0, -0.1460437310463138)
(0, 0.14870286340628525)
(-1, -0.3705063677821312)
(0, 0.03822883674529695)
(0, -0.08508051742696267)
(0, -0.1891096154188656)
(0, -0.07221145429998825)
(-1, -0.04384128733971754)
(-1, -0.9560536204164221)
(-1, -0.7776974309212189)
(-1, -0.4523012339617621)
(0, 0.0008239296206913257)
(1, 0.7799177239323067)
(-1, -0.4207945808080941)
(0, -0.052061884149502025)
(1, 0.7743894369118283)
(1, 0.7590565088019668)
(-1, -0.18987621832851356)
(-1, -0.26650135318833396)
(0, 0.08187053361877202)
(0, -0.0026744201104318133)
(1, 0.38616597020375665)
(-1, -0.9627809678052439)
(0, -0.05101404474988103)
(0, 0.050805358604899965)
(-1, -0.24618533265441106)
(0, -0.06110531208189551)
(1, 0.5263165330473081)
(1, 0.5949297714402798)
(-1, -0.331585562212917)
(-1, -0.19349326951820156)
(0, -0.031210242701771376)
(1, 0.12416662873331852)
(0, 0.17252477846324787)
(0, -0.043199247460513734)
(1, 0.603737441067206)
(0, -0.061130474525435685)
(0, -0.1515593935331484)
(1, 0.6287469505750161)
(1, 0.8599453846011994)
(-1, -0.07729700565949749)
(-1, -0.05397234472957502)
(-1, -0.4754893409435154)
(0, -0.08677078421388386)
(1, 0.20853732540186792)
(0, 0.033667890837832865)
(0, 0.023152087258372672)
(-1, -0.4694841391243612)
(0, 0.1614280075266421)
(0, -0.0719271508721386)
(0, -0.1406743349511993)
(0, -0.08797388868013006)
(-1, -0.3202844728384148)
(0, -0.02684705841265625)
(-1, -0.15836119678038713)
(1, 0.23863239996782193)
(1, 0.6909432832440096)
(0, 0.004582103889189837)
(1, 0.7739687048633218)
(0, -0.30557530485614237)
(1, 0.3605030311311882)
(0, -0.08119184741889149)
(0, 0.2566119876350631)
(0, 0.08017946593510075)
(0, 0.02074973147601608)
(-1, -0.19180956870839194)
(0, -0.3142021558316781)
(0, -0.07046006063705933)
(0, 0.1305838099104864)
(-1, -0.6288698101607206)
(0, 0.013989313619774388)
(0, 0.014859505842697962)
(0, -0.03973922906305696)
(0, -0.09955332037079656)
(1, 0.041722719297560995)
(-1, -0.5628347751133039)
(0, -0.008904294420019603)
(-1, -0.3348870390432826)
(-1, -0.515343956803499)
(0, -0.0643390283412971)
(0, -0.10146185990439924)
(0, -0.22412610991111798)
(-1, -0.576449613005323)
(0, -0.019450669532464937)
(1, 0.1886970336378515)
(0, -0.10194956051386016)
(0, -0.1149368490829295)
(1, 0.4547111696747203)
(1, 0.2282168734927421)
(0, -0.04772929723087074)
(-1, -0.9189475029109627)
(-1, -0.2671874804374521)
(0, -0.0007752981017742876)
(-1, -0.5994402109343452)
(-1, -0.4465124168088989)
(-1, -0.7547800658438626)
(-1, -0.035384384816211645)
(1, 0.39720933485080034)
(0, -0.032054109160573246)
(-1, -0.1621232130292573)
(0, -0.07422131655788705)
(1, 0.3755596372531534)
(0, 0.0016349991068685954)
(0, -0.0006276695026200714)
(0, -0.024053641900546596)
(0, -0.08220685223981639)
(0, -0.07743094974346956)
(0, 0.01636135732551086)
(0, 0.3401099174130292)
