(-1, -0.8349309799393867)
(-1, -0.5535087093089192)
(1, 0.4427828742879088)
(0, 0.2267915593416404)
(-1, -0.9157851415926249)
(0, 0.02681622332448734)
(-1, -0.9264264163485325)
(0, -0.0630064196985029)
(-1, -0.9313113581505447)
(1, 0.7119606548246931)
(-1, -0.2953579024352949)
(0, -0.0013966548593776773)
(-1, -0.2850004834750325)
(0, 0.20826982937735905)
(1, 0.784905910046904)
(0, -0.12782105990307965)
(0, 0.15534569354503192)
(-1, -0.9055929469432373)
(-1, -0.6527042843517679)
(0, -0.21843582155314)
(-1, -0.1556149267772177)
(-1, -0.16437677243609872)
(1, 0.8934228293852243)
(1, 0.45128741005525186)
(1, 0.6156182299273741)
(-1, -0.9713059782272084)
(0, 0.05447572424100863)
(-1, -0.5112987560747958)
(-1, -0.47225466587431)
(0, -0.0940451693634881)
(-1, -0.19058464462864314)
(0, -0.20292537520457757)
(-1, -0.7952217135270251)
(1, 0.012913798003893862)
(-1, -0.7905682014659626)
(1, 0.710376133397584)
(0, -0.021224323920107944)
(-1, -0.5995255522970461)
(-1, -0.046336996350352655)
(-1, -0.32565189766404296)
(0, -0.33692868940295745)
(0, -0.31259440914919945)
(0, 0.007531316147580284)
(0, -0.010168926748906404)
