(0, 0.0004711932172640241)
(0, -0.002785931450346774)
(0, -0.07837084626070254)
(-1, -0.5012712054984773)
(0, 0.0005522859499752556)
(0, 0.0011713462261821227)
(0, -0.1689006957296018)
(0, 0.00018613484302272532)
(-1, -0.556219239160265)
(-1, -0.11528077246287344)
(0, -0.03698240566873185)
(0, -0.09914240651794617)
(-1, -0.26439305702713467)
(1, 0.6495313991958684)
(0, -0.2738269274952938)
(0, -0.3353712514185794)
(1, 0.6654512773943695)
(0, -0.021683510671665976)
(0, -0.09914240651794617)
(-1, -0.26439305702713467)
(1, 0.6495313991958684)
(0, -0.2738269274952938)
(0, -0.3353712514185794)
(1, 0.6654512773943695)
(0, -0.06765460210613114)
(1, 0.6383007861135165)
(-1, -0.11633584953850873)
(0, -0.2368168765671812)
(-1, -0.7177425664921453)
(-1, -0.28362562311281003)
(0, 0.07372498737581828)
(0, -0.1755545774131142)
(0, -0.07189520257122023)
(0, 0.04071939339733964)
(1, 0.6383007861135165)
(-1, -0.11633584953850873)
(0, -0.2368168765671812)
(-1, -0.7177425664921453)
(-1, -0.28362562311281003)
(0, 0.07372498737581828)
(0, -0.12800359688344642)
(0, -0.07189520257122023)
(-1, -0.9999826931521177)
(1, 0.9867629950519894)
(0, 0.03778568863696176)
(1, 0.7019164417849413)
(0, -0.15901361475461448)
(0, -0.33373672576035457)
(1, 0.5386466173406224)
(0, 0.259071493283065)
(1, 0.937497933749389)
(0, -0.02279180733990164)
(0, 0.04326708433701372)
(0, -0.04871908897650363)
(0, -0.16817901441952787)
(0, 0.02558586082352153)
(-1, -0.7350208366715615)
(1, 0.4006042379333)
(0, 0.24196938142359764)
(0, -0.11093474707208063)
(0, -0.1066750649924508)
(-1, -0.47072754639780756)
(-1, -0.6386926337540901)
(0, -0.056637969820081374)
(1, 0.1773621327457519)
(0, 0.00882544672584179)
(0, -0.1868219237372699)
(-1, -0.9300779290049236)
(-1, -0.24378966806678756)
(1, 0.10384615836339622)
(1, 0.698848723251996)
(1, 0.6282410069902513)
(0, 0.0867439607645171)
(1, 0.25236564063812844)
(1, 0.9764940408778442)
(0, 0.0599357304631324)
(0, -0.11191375534952205)
(0, -0.004508703006745106)
(0, 0.057573361955389826)
(0, -0.06776457814838138)
(-1, -0.3582634210474055)
(0, -0.008837560936398982)
(0, -0.08496389088991729)
(0, -0.24772796069005845)
(-1, -0.42776632302565687)
(0, -0.1501809930238034)
(1, 0.9777366483498818)
(1, 0.10004429974863394)
(0, -0.32661540554933094)
(0, -0.28708756446884376)
(-1, -0.5338182919463603)
(-1, -0.883368687474872)
(0, -0.04469212721793543)
(0, -0.04448095795730586)
(1, 0.9492068099679598)
(1, 0.5993919321688531)
(1, 0.585675374807473)
(0, 0.05497144819400546)
(0, -0.01611483818306591)
(0, -0.0800818408926596)
(0, 0.24843084958752312)
(0, -0.14822351677589807)
(0, -0.42113937743180574)
(0, 0.10508264885192281)
(1, 0.11328825752901539)
(0, -0.008364090776038198)
(-1, -0.09408153149890203)
(-1, -0.7854583384370122)
(0, -0.049302366060674924)
(1, 0.701031900519921)
(0, -0.03228812607995113)
(-1, -0.3182351408615094)
(0, 0.34217526303343365)
(-1, -0.6729023231393186)
(-1, -0.4914385417975321)
(1, 0.574471676437914)
(-1, -0.041145321957374026)
(1, 0.891634317829047)
(-1, -0.4371347465271749)
(-1, -0.02411978963739353)
(-1, -0.8909152655529502)
(0, -0.14939948057862937)
(1, 0.43205804106818146)
(-1, -0.6064497861895244)
(0, -0.490080948483585)
(-1, -0.38039814104712766)
(0, -0.2646693355756605)
(0, -0.4052978095929742)
(-1, -0.40316216892288437)
(-1, -0.7419328240987968)
(0, -0.12827212924697545)
(1, 0.7395334848057006)
(-1, -0.6030997200230912)
(0, 0.16997895918582437)
(0, -0.3783095049007228)
(-1, -0.8685048424524425)
(0, -0.09807327848111955)
(0, -0.06585232370371519)
(0, -0.23192533182969932)
(1, 0.38483549243133264)
(-1, -0.3766488167558623)
(1, 0.8028811711880659)
(1, 0.840665567526085)
(0, 0.13649484653688068)
(0, 0.0528946571654271)
(0, -0.14257240337268273)
(-1, -0.1793460017609479)
(0, -0.24178272408747029)
(-1, -0.034770300081180316)
(0, -0.1584426078775859)
(1, 0.615065326114589)
(-1, -0.9462090662659762)
(-1, -0.47240778040131404)
(1, 0.17875181636197163)
(0, -0.009636903426317567)
(0, -0.29328163938189594)
(-1, -0.07609139006062948)
(1, 0.20371755001165334)
(-1, -0.9287576288860558)
(0, 0.01567584634240987)
(0, -0.09945070298321423)
(-1, -0.44769810247063613)
(1, 0.28067879905591875)
(-1, -0.9363876291522962)
(1, 0.34407170760795447)
(-1, -0.06111535571766141)
(-1, -0.9793766615900218)
(0, -0.06892856026421558)
(1, 0.03867793295293831)
(-1, -0.9232907755069092)
(1, 0.6558372276152393)
(0, -0.15415418276188736)
(-1, -0.9067670068778046)
(-1, -0.9939805539548284)
(-1, -0.9479533664507028)
(0, -0.1678633416835366)
(-1, -0.7454763520902444)
(-1, -0.4589018114813539)
(1, 0.2369874031159274)
(-1, -0.9333344233081595)
(1, 0.5524533740119825)
(0, -0.019119338317021187)
(1, 0.5562001457202768)
(-1, -0.6320260504162044)
(0, -0.11968268115452779)
(0, -0.13401600861039956)
(0, -0.0661668114042006)
(0, 0.4020532931387054)
(0, 0.3169311010317907)
(1, 0.8914593059915511)
(1, 0.675826496197376)
(1, 0.5877762899552293)
(1, 0.9867935959370007)
(1, 0.9798231690171653)
(0, -0.17756554376013)
(0, -0.05478643739712118)
(0, 0.012312353645577603)
(-1, -0.5946892650093305)
(-1, -0.5701214171986634)
(-1, -0.29938382402865626)
(-1, -0.8673555675584073)
(0, -0.29864823888604514)
(-1, -0.25812660459175757)
(-1, -0.9982757499993377)
(-1, -0.6304695909618295)
(0, -0.1612709211941158)
(1, 0.4330088592653535)
(0, -0.006445558246429034)
(1, 0.5153644917755666)
(1, 0.8631240233342486)
(-1, -0.12627952991714508)
(1, 0.296974949540024)
(1, 0.9722714164805237)
(0, 0.18632443593902773)
(-1, -0.7604622828283158)
(-1, -0.17627504320512727)
(1, 0.08572265368337645)
(-1, -0.8447622880004845)
(1, 0.990072479647042)
(-1, -0.422440707344361)
(-1, -0.6237007400596453)
(-1, -0.5861988517413499)
(-1, -0.5308740093830252)
(-1, -0.3266970190904386)
(1, 0.13726964458834132)
(0, -0.021275052589393093)
(0, 0.20324502842496614)
(1, 0.24283959577137146)
(0, -0.2623462109190999)
(0, -0.19507150531791356)
(1, 0.9451120409676582)
(0, 0.09263604797703115)
(1, 0.8805876414998081)
(1, 0.5249276891088912)
(0, 0.0258943564663634)
(1, 0.7430096256239503)
(0, 0.06123557502030192)
(0, -0.005886623444284977)
(-1, -0.7084618541463564)
(-1, -0.861966909638416)
(0, -0.0875216452997156)
(-1, -0.6498808914034376)
(-1, -0.4662279945656008)
(-1, -0.9250276016218136)
(1, 0.944261450314203)
(1, 0.44142094974503576)
(0, -0.20390604783929486)
(0, 0.4177541665809856)
(0, 0.25536308657383)
(-1, -0.31367803670613253)
(-1, -0.9958710572947769)
(-1, -0.4835630204730569)
(-1, -0.9530401837195897)
(0, -0.02477311728444992)
(1, 0.5167111611976423)
(0, -0.024305110904010732)
(-1, -0.0543676594517738)
(0, 0.316266478882838)
(0, -0.11280136700257122)
(-1, -0.49059815174243915)
(-1, -0.3983199218830375)
(1, 0.37438137758573076)
(0, 0.07357936170305084)
(-1, -0.6286171576686224)
(0, -0.2558399673019532)
(0, -0.10195620226830285)
(-1, -0.4101044471476305)
(0, 0.09855488008063092)
(-1, -0.03705778822206379)
(0, -0.12276152486018532)
(-1, -0.6734001080345418)
(-1, -0.8427073252488629)
(0, -0.2989591678766513)
(0, -0.21889143364710056)
(0, -0.08619424093870928)
(0, -0.011933337024739171)
(0, 0.04208718767363595)
(-1, -0.6756893580767678)
(0, -0.035440649533822255)
(0, 0.18060243682424007)
(1, 0.8632641908240298)
(-1, -0.5318654687468732)
(-1, -0.03094320446557075)
(-1, -0.8821187798952694)
(0, -0.15578514078630137)
(1, 0.5155518504927481)
(0, -0.00044538992818830836)
(-1, -0.7396532435912222)
(-1, -0.6822696904303835)
(-1, -0.6822670426875482)
(0, 0.04919580640965124)
(1, 0.7750062767617583)
(1, 0.6093713095614227)
(1, 0.9409384391629656)
(1, 0.7469654498628264)
(0, 0.2941263827159398)
(-1, -0.45211901047948927)
(0, -0.029689866517293884)
(1, 0.5395325627274873)
(-1, -0.9996390189214892)
(-1, -0.8917265668865111)
(0, -0.2556920345184628)
(1, 0.4750726201249366)
(-1, -0.37240644075140145)
(0, -0.046367188728250595)
(1, 0.7467339892980395)
(-1, -0.10292724420455251)
(-1, -0.8301998884275728)
(0, -0.17756554376013)
(0, 0.07085926044540915)
(-1, -0.8475173610768175)
(0, 0.2458476811486608)
(-1, -0.6324751625272403)
(1, 0.5999159718496027)
(1, 0.42108898414087353)
(1, 0.28359946810769066)
(1, 0.48831644042023303)
(1, 0.4799507581631314)
(1, 0.98844583653869)
(0, 0.09347834435657632)
(1, 0.7497036024976153)
(0, 0.1664437567599555)
(0, -0.20435626954911026)
(0, 0.14215057975701068)
(1, 0.48570949767649185)
(0, -0.19229129694269337)
(0, -0.05478643739712118)
(1, 0.6134983949097323)
(0, -0.3801095507164942)
(0, 0.16462104530217353)
(-1, -0.24624090375814667)
(0, -0.17804026568286832)
(0, 0.011891038719814305)
(0, 0.0458070390517952)
(0, -0.1226863574172824)
(-1, -0.6150756739984692)
(0, -0.027100771123499547)
(1, 0.11980070281782468)
(1, 0.4108527450453123)
(0, -0.19595011393866496)
(1, 0.6773888976790804)
(1, 0.05616658805854513)
(0, -0.007581071476518576)
(-1, -0.4364927635058274)
(-1, -0.5253879925174969)
(-1, -0.7475864002188545)
(-1, -0.9691903330414051)
(0, 0.02863272712803168)
(1, 0.2728111690493614)
(1, 0.4092788068217642)
(0, 0.3008658499823247)
(1, 0.5038244708313011)
(-1, -0.6462602727705812)
(1, 0.3324434639117994)
(-1, -0.47968856591619347)
(-1, -0.6627427257350311)
(-1, -0.7787829681030041)
(1, 0.21915977536264436)
(1, 0.003907150934801318)
(-1, -0.22581440620510732)
(-1, -0.6830418085553909)
(0, -0.11387463169913636)
(-1, -0.008487172781872221)
(1, 0.0936947930280575)
(0, -0.17833669509427022)
(1, 0.2832250550546227)
(-1, -0.5105622083774753)
(0, -0.022955885447945062)
(0, -0.05478762865935209)
(0, -0.06514313069160253)
(-1, -0.02162920592694295)
(1, 0.32556960375194166)
(0, -0.024272279731816906)
(0, 0.07933495100061755)
(1, 0.7310293773070862)
(-1, -0.24998592789861893)
(-1, -0.9504776546444372)
(1, 0.8436311418901493)
(-1, -0.7008865065791081)
(0, -0.013755322511730401)
(1, 0.47821246458021804)
(0, -0.17913088519600665)
(0, -0.058785528198280305)
(0, -0.26075414452154094)
(-1, -0.5651804686511639)
(0, -0.010002671577175146)
(0, 0.06573930347334274)
(0, 0.024643480923866895)
(1, 0.4490984625986333)
(0, 0.01652735330090424)
(0, -0.0648458818935826)
(0, -0.037724997570418244)
(-1, -0.6368432444709523)
(1, 0.996658213029136)
(-1, -0.33055054349425206)
(-1, -0.9113985109725036)
(0, -0.4720921896994716)
(0, -0.0040046736142826805)
(0, -0.3686706182506135)
(1, 0.39080229728611005)
(1, 0.07122107473852962)
(0, -0.09059871753396326)
(0, 0.16885355502862848)
(1, 0.3832250114225905)
(-1, -0.8465551998054387)
(-1, -0.8289418494345221)
(1, 0.10289494604077037)
(-1, -0.8548320748732097)
(0, 0.04470349302371383)
(0, 0.03047517533086841)
(1, 0.5740317055828129)
(0, 0.11291946608207082)
(0, -0.05133602623306664)
(0, 0.001101359509969823)
(0, -0.051768588826468676)
(0, -0.0010074516889568533)
(0, -0.06765460210613114)
(0, -0.0648458818935826)
(0, -0.06894104950142838)
(0, 0.04804955253395018)
(0, -0.25629053385908757)
(0, 0.14395671371275534)
(0, 0.22390130629980387)
(0, 0.01652735330090424)
(0, -0.0648458818935826)
(-1, -0.6833148247802157)
(-1, -0.928379486958005)
(-1, -0.07743078799220843)
(0, -0.16675467599462082)
(0, 0.1363407659247176)
(0, -0.07778552714600648)
(-1, -0.36572684913595055)
(-1, -0.6462199818226184)
(-1, -0.8669780468052091)
(1, 0.05171968319569409)
(0, 0.17240094329719)
(1, 0.8810611395137012)
(-1, -0.5785919090442968)
(-1, -0.7346285134786857)
(1, 0.5546990424562744)
(0, -0.042157405542577714)
(0, -0.38011302581545064)
(-1, -0.6623293690393128)
(0, -0.06765460210613114)
(0, -0.223278716744362)
(-1, -0.32266849075547444)
(-1, -0.5892459857315308)
(0, -0.4805182808948804)
(1, 0.5131497938380319)
(-1, -0.7183761292252746)
(0, 0.03025039640322042)
(-1, -0.5946892650093305)
(-1, -0.4168125776559368)
(0, -0.3122672923285008)
(0, -0.09265446747145348)
(1, 0.19347004183851763)
(-1, -0.8578294379068794)
(1, 0.11272820454656923)
(1, 0.27734574843801957)
(1, 0.5435632703658341)
(0, -0.24846888277860366)
(0, 0.04562126371465003)
(1, 0.002601256972578292)
(0, -0.14024187763666632)
(-1, -0.8217475807882436)
(1, 0.6748550715380404)
(-1, -0.6266251899818089)
(-1, -0.917561846799213)
(1, 0.6589783008196074)
(1, 0.27335947506473307)
(-1, -0.5104276112940274)
(-1, -0.2933244535368388)
(-1, -0.9445856037987449)
(-1, -0.4607654196462468)
(-1, -0.9561033813494448)
(-1, -0.7490641059464734)
(1, 0.04064233187028543)
(0, 0.11591511794143439)
(-1, -0.5701214171986634)
(0, -0.06776457814838138)
(-1, -0.5265246334743542)
(0, 0.0007197676864772434)
(0, 0.00990241094530181)
(0, 0.03780404798615655)
(1, 0.002601256972578292)
(0, -0.14024187763666632)
(1, 0.5807298876446426)
(1, 0.002601256972578292)
(0, -0.14024187763666632)
(1, 0.9413178702142284)
(1, 0.9177936694852107)
(1, 0.002601256972578292)
(0, -0.14024187763666632)
(1, 0.5588860996320966)
(1, 0.01984776348728512)
(1, 0.4139779605945479)
(1, 0.763223961220272)
(0, -0.07547986616138341)
(0, 0.023886861595908)
(-1, -0.9909550598541406)
(-1, -0.5601131022121396)
(-1, -0.9882518137166756)
(1, 0.030342924610100186)
(1, 0.48496381521380927)
(-1, -0.6780555694894281)
(0, -0.1843503607024691)
(0, -0.009188281334440537)
(0, -0.09372065394903459)
(0, -0.2053884048834679)
(0, -0.12253875033516595)
(0, -0.018401109799496745)
(0, -0.009524465680287296)
(0, 0.007925917571655151)
(0, -0.05667812523800378)
(0, -0.0009647229970577917)
(1, 0.23400626459135898)
(1, 0.5081166776841126)
(1, 0.8758146394113474)
(0, -0.06057390466739643)
(-1, -0.7882649990556546)
(1, 0.7216180474349604)
(-1, -0.7550571417801104)
(1, 0.3096281362622131)
(1, 0.27773800033243295)
(-1, -0.023965138154478927)
(0, -0.05612892593999544)
(1, 0.08019659593712469)
(-1, -0.29938382402865626)
(-1, -0.8673555675584073)
(0, -0.06320605363809847)
(0, -0.3153094560783914)
(0, -0.01220156461240389)
(0, -0.06320605363809847)
(0, -0.0268831690494947)
(0, -0.05044075489104091)
(-1, -0.8691260837616774)
(0, 0.007880968271672985)
(0, -0.10265537026716574)
(0, -0.14483583172505493)
(0, -0.04642413149114112)
(-1, -0.8250804997790938)
(-1, -0.7664148488623974)
(0, 0.1080597992556635)
(-1, -0.9986385642875691)
(0, -0.032654620994616745)
(1, 0.9225658892694959)
(0, -0.3564191181370677)
(-1, -0.3611120167859079)
(0, 0.03632812105279762)
(0, 0.044447868388352796)
(-1, -0.39899822177568417)
(0, 0.03090371425734724)
(0, 0.0022024719357150863)
(1, 0.4268125422455731)
(-1, -0.17659128382011102)
(-1, -0.8642986092269002)
(1, 0.7565309720887914)
(1, 0.7532862493165831)
(-1, -0.03275708378551878)
(-1, -0.20245499994684651)
(1, 0.20528109239488518)
(0, 0.2280772558370881)
(-1, -0.3877539645773425)
(0, 0.14400297777067983)
(0, 0.0073124564158538255)
(1, 0.3642627326374568)
(0, -0.03909674013172093)
(1, 0.7575364686510921)
(-1, -0.3349001823435557)
(-1, -0.972354062420361)
(0, -0.27091597495796504)
(0, 0.029610751394118756)
(0, -0.015549498300755953)
(-1, -0.7146441055093696)
(0, -0.0034241724800844237)
(0, 0.01652735330090424)
(-1, -0.5265246334743542)
(0, -0.002076570010468168)
(0, -0.3708321654269679)
(0, -0.41433166585187314)
(-1, -0.5001901418466461)
(1, 0.8653085772004879)
(1, 0.8565280237437621)
(1, 0.031461326164464454)
(1, 0.02194700185144255)
(0, 0.008888707109578555)
(-1, -0.6662765883705614)
(-1, -0.4724109052343067)
(-1, -0.0525977613635672)
(0, 0.11783030223715503)
(1, 0.10238296977378325)
(-1, -0.299424903539929)
(1, 0.038200244077033485)
(1, 0.6748001368963757)
(1, 0.5399086789479228)
(0, 0.023445042626228763)
(-1, -0.13103661488055757)
(0, -0.1897145443836004)
(0, -0.1831393963324845)
(0, -0.03223939987145129)
(0, 0.01366754791329636)
(0, -0.046174903680775675)
(1, 0.9841449312050625)
(-1, -0.5416936425781029)
(0, -0.08899828713542596)
(-1, -0.7131340879389578)
(-1, -0.410674920189179)
(0, -0.01971185128977598)
(-1, -0.8205180497759106)
(1, 0.3009830974945365)
(0, -0.29864823888604514)
(-1, -0.6333456801025441)
(-1, -0.9913433832698165)
(0, -0.21828389930741668)
(0, -0.15913529872271526)
(0, 0.34793527732451435)
(0, -0.160580022757916)
(-1, -0.8731283662086294)
(-1, -0.9557349191859253)
(-1, -0.37068087440195424)
(-1, -0.6806782044878836)
(0, -0.10355924468120362)
(-1, -0.9724404179855415)
(-1, -0.30619131756801826)
(0, -0.24593411523375702)
(0, 0.02395019610984183)
(0, 0.06746701911293435)
(0, -0.3167191602863263)
(0, -0.26688623594269245)
(1, 0.6648248602067898)
(0, -0.02014104266521561)
(0, -0.03332298748090461)
(1, 0.5871502845033816)
(0, 0.1345934495120563)
(-1, -0.15370708548761014)
(1, 0.5990324515471184)
(0, -0.08278332225527704)
(1, 0.9429403126613034)
(-1, -0.9017331961443009)
(-1, -0.4948661363190844)
(-1, -0.8207399659334468)
(-1, -0.5284021175140018)
(-1, -0.6551551365440448)
(0, -0.3712031668697816)
(1, 0.8698274946138574)
(1, 0.9815729385368294)
(-1, -0.62637963838168)
(-1, -0.825731535235818)
(1, 0.5011121507637126)
(1, 0.8872188788928222)
(0, -0.13911341822895792)
(0, -0.010603593685312562)
(0, -0.05545088357606805)
(0, -0.027342228263768403)
(0, -0.3982457058265544)
(0, -0.28328585155636216)
(0, -0.39115365165547955)
(0, -0.03522711761239262)
(0, -0.12301071972894403)
(-1, -0.94650890154748)
(-1, -0.8941153801556642)
(0, -0.0650380233333619)
(0, -0.11921823782053226)
(0, 0.3266552785416375)
(-1, -0.4593184428308622)
(1, 0.5901976000563333)
(1, 0.0829260773945209)
(-1, -0.9439200394487511)
(-1, -0.9421145655829389)
(1, 0.8756341142169886)
(-1, -0.8456260718529409)
(0, -0.05756006622491622)
(0, -0.03750777927004889)
(-1, -0.7459528523194761)
(-1, -0.6043972009112386)
(1, 0.36774779529708923)
(1, 0.548137831543154)
(-1, -0.4120005509509239)
(-1, -0.5151115004979804)
(-1, -0.3315181394625747)
(0, 0.1023640716077053)
(1, 0.34791567741897444)
(-1, -0.9531327523241656)
(0, 0.261843431549976)
(0, -0.39556043473980795)
(1, 0.3052021402740742)
(1, 0.594263500119218)
(-1, -0.9599654241381161)
(1, 0.6222049540297923)
(-1, -0.5309938488784993)
(-1, -0.14830320946694425)
(0, -0.12332697284736027)
(0, -0.1922570994933209)
(0, -0.048917762994444114)
(-1, -0.9926657388000222)
(0, 0.006979267688352109)
(-1, -0.6814473042783997)
(-1, -0.9842137640259432)
(-1, -0.8193238978319836)
(1, 0.1384111807948768)
(-1, -0.653429723146542)
(-1, -0.956419178932201)
(-1, -0.9561086568672127)
(1, 0.37650864247276067)
(0, 0.04759288560704375)
(0, -0.0010874103345938097)
(0, -0.08763232254848977)
(1, 0.19366661667448837)
(1, 0.03213044698816098)
(-1, -0.5769065468648984)
(1, 0.6030349291703375)
(0, -0.31388394038595363)
(0, 0.2031349135578322)
(0, 0.0766798199219227)
(0, -0.027606438898890417)
(0, -0.24078995490623026)
(0, -0.22279100128027515)
(0, -0.10002966726980032)
(0, -0.24078995490623026)
(0, -0.14374541507483363)
(-1, -0.8121794777747793)
(0, 0.016324102052447304)
(-1, -0.45669209350951334)
(0, -0.034363151769659095)
(0, -0.39107716492534905)
(0, 0.043083997869538995)
(0, -0.2951835624364346)
(0, -0.2731829034555978)
(0, -0.11795587278378103)
(-1, -0.4386874159023473)
(0, 0.015155170212307846)
(0, -0.13808108749087056)
(0, -0.04695535324553782)
(0, 0.08646449288348865)
(-1, -0.9470175194919727)
(0, -0.33828518756171055)
(0, -0.26784285513528266)
(-1, -0.8625085496720725)
(-1, -0.7452239234725903)
(-1, -0.9802100437208567)
(0, -0.031095964850582476)
(-1, -0.5907923184394882)
(-1, -0.1271038768329576)
(-1, -0.610840096609255)
(-1, -0.5565978358059187)
(-1, -0.4089804747996642)
(-1, -0.5986814496083944)
(-1, -0.8303592839085092)
(-1, -0.7374338242814902)
(-1, -0.645722729255656)
(0, -0.015677357508241008)
(-1, -0.9341135693160189)
(-1, -0.6789374713840608)
(-1, -0.8090525859103987)
(-1, -0.5919586977703741)
(1, 0.3800948114667292)
(0, -0.2724666620842071)
(-1, -0.9660042181513836)
(-1, -0.9962317524189361)
(-1, -0.5167274834812263)
(0, -0.16956299742145248)
(1, 0.22014695762805023)
(-1, -0.5719810316407534)
(0, -0.1268775401505605)
(1, 0.3675036171389131)
(0, 0.2124310760849073)
(-1, -0.6650589009380334)
(-1, -0.9186169135045306)
(0, -0.10155239518983195)
(-1, -0.6233874291297241)
(-1, -0.4375149183967729)
(1, 0.20272137220607972)
(1, 0.773769274564866)
(1, 0.9045362677634523)
(-1, -0.37321138213739086)
(0, 0.17814623109292083)
(0, 0.05620759377070883)
(-1, -0.8121794777747793)
(0, 0.016324102052447304)
(0, -0.18964660865173097)
(0, 0.2102371204986886)
(0, 0.4273323447735126)
(0, -0.035299266752830724)
(0, 0.041401880843403724)
(0, 0.31827967845134886)
(-1, -0.5272777886116758)
(-1, -0.18347196091970452)
(0, 0.10784180892853734)
(-1, -0.3051012533221484)
(0, 0.08864750833266719)
(0, 0.0461293756675607)
(0, -0.2326425655103047)
(-1, -0.4910274315476682)
(0, -0.06765460210613114)
(0, 0.10230325664391718)
(1, 0.5612272573421707)
(-1, -0.30110781058108954)
(0, 0.056071245800108444)
(0, -0.17116509411176697)
(-1, -0.6229282220583342)
(0, -0.06772672630658885)
(-1, -0.3680763728898223)
(0, 0.08422028873529033)
(0, -0.05938965722421012)
(0, 0.026558216158504122)
(0, 0.01819828214134821)
(1, 0.6802151508609001)
(0, -0.1917072651492367)
(-1, -0.992725782926123)
(0, -0.03843015165296948)
(-1, -0.1019142394561034)
(1, 0.4107988252355823)
(1, 0.6017443776565939)
(1, 0.9328565681210282)
(-1, -0.8495095012086663)
(0, -0.027585719459174263)
(-1, -0.6304695909618295)
(0, -0.1612709211941158)
(-1, -0.4157230323615038)
(1, 0.2888003017486802)
(-1, -0.6278724411901022)
(1, 0.616070937244189)
(0, 0.28262147631266893)
(-1, -0.023313717553900937)
(1, 0.4720222818524091)
(-1, -0.42619419675560827)
(0, 0.3795343792294635)
(-1, -0.9232530706598251)
(0, 0.13428547239853006)
(1, 0.5671464896541866)
(0, 0.12155182240080493)
(1, 0.41497575299702805)
(0, 0.06569826354252374)
(-1, -0.4939844399443876)
(1, 0.7351987385149268)
(-1, -0.7771815191718079)
(0, -0.0831801658350257)
(-1, -0.6826031009461098)
(-1, -0.26192716938908933)
(0, 0.2749661687146712)
(-1, -0.5092176070149346)
(0, 0.19845626778447428)
(0, -0.024284072343875165)
(0, 0.06511373973207626)
(-1, -0.6897251135406343)
(1, 0.7462162462641573)
(-1, -0.3454453480208217)
(-1, -0.8881666079489831)
(0, -0.1610385143016259)
(0, -0.050382259571316756)
(-1, -0.9142396316130531)
(1, 0.12912448232170615)
(0, -0.3020201924486439)
(1, 0.8416420536883878)
(0, 0.01992949072694506)
(0, -0.002080982135203085)
(-1, -0.38721471632831117)
(-1, -0.7882946156272019)
(-1, -0.5973830258842202)
(1, 0.43674882332253784)
(0, -0.011836134581568292)
(-1, -0.9311680314206489)
(-1, -0.8860747455023982)
(0, -0.11178856225751432)
(-1, -0.7263927993905578)
(1, 0.09250141915460991)
(0, 0.32952770541888127)
(1, 0.3557405204723168)
(1, 0.6773687746090278)
(0, -0.05982955060230895)
(1, 0.4330088592653535)
(1, 0.9285684335130724)
(1, 0.795002560339006)
(-1, -0.2442897772744987)
(-1, -0.9286211340306325)
(1, 0.43952059133317667)
(-1, -0.9901710629630097)
(0, -0.17431369361577434)
(-1, -0.5134031096367311)
(0, 0.041622627115066785)
(0, 0.22333238052783116)
(1, 0.5535879217780645)
(0, -0.008517688808841128)
(0, -0.0436765207597417)
(0, -0.04455910437791405)
(1, 0.4036851978208923)
(0, 0.009038202183344834)
(0, 0.004006703950408197)
(0, 0.033036687017765666)
(-1, -0.6888496175484338)
(1, 0.8838500658299436)
(1, 0.895137681645154)
(1, 0.013516380976328957)
(1, 0.04547708732524386)
(1, 0.9772000597070302)
(-1, -0.8034228431390594)
(0, -0.006445558246429034)
(-1, -0.7108078340253122)
(-1, -0.8450939331397743)
(1, 0.6758542334568625)
(0, 0.16311953796891576)
(-1, -0.07789756432958894)
(-1, -0.4951864005215142)
(1, 0.18948314865341476)
(-1, -0.8829689438542834)
(-1, -0.8907401149645556)
(0, -0.16144525698270948)
(-1, -0.6631402697304793)
(0, -0.045690492443165934)
(0, -0.2615281398023697)
(1, 0.49487243637346834)
(1, 0.5078414594088266)
(0, 0.16146910275116347)
(0, 0.3381827809839397)
(1, 0.5568290622494402)
(-1, -0.8916054283408761)
(-1, -0.5445420282275673)
(0, -0.1126668227339385)
(-1, -0.17888721429868742)
(0, -0.07429680022507057)
(-1, -0.5200516072343833)
(1, 0.8988606379687933)
(0, -0.022048172915028027)
(-1, -0.17412060774816868)
(0, -0.0002070887099081386)
(-1, -0.00898654152874151)
(0, -0.17194095817619368)
(-1, -0.6009116870124587)
(0, -0.049717028002898664)
(-1, -0.9011841896774767)
(-1, -0.583412612665316)
(-1, -0.7046712106087709)
(0, 0.18209370283444148)
(1, 0.4883247298198414)
(1, 0.37065467294885934)
(0, -0.1573109564878608)
(-1, -0.5950246939040329)
(1, 0.4741444367718539)
(-1, -0.9029196040277119)
(0, 0.01448022210622791)
(-1, -0.7624302366751263)
(0, 0.08133161594543015)
(0, -7.929497291614407e-05)
(1, 0.32387515138607725)
(1, 0.9899396294098525)
(0, 0.4065318056001061)
(0, 0.2951743704900678)
(1, 0.6057684626308046)
(0, -0.04371404804059492)
(1, 0.9577408166266017)
(0, 0.316171631893292)
(1, 0.7305866406931891)
(1, 0.5378230933522568)
(1, 0.3644439428800809)
(1, 0.5711767237787324)
(-1, -0.9644622766830775)
(-1, -0.403862483706827)
(-1, -0.0013000710558405126)
(1, 0.5153644917755666)
(1, 0.8631240233342486)
(1, 0.25313861881313954)
(-1, -0.39870506447888193)
(-1, -0.08649666867694744)
(-1, -0.6021034306678007)
(-1, -0.7532237718749301)
(0, -0.006929448788706757)
(0, -0.017000700674476107)
(0, -0.280182464120969)
(0, 0.010412942700297051)
(0, -0.0793315256517668)
(0, -0.010027314727106294)
(1, 0.999506830839952)
(0, 0.06865216394834145)
(0, -0.11643314683829084)
(-1, -0.09559867666742677)
(-1, -0.8937615193833937)
(0, -0.04632407721752593)
(0, -0.05739433729588639)
(1, 0.4806067657459823)
(0, -0.2935932086160324)
(1, 0.9397165890099409)
(0, -0.09280401308712016)
(0, 0.0325269538475786)
(0, -0.011305710778719733)
(0, -0.04899514111025774)
(0, -0.0864214353510038)
(1, 0.5116833822279752)
(0, -0.18256335109532773)
(0, 0.0011022576205303725)
(0, -0.021045192596212334)
(0, -0.016481753375670212)
(0, 0.009038202183344834)
(0, 0.0010600382273265457)
(0, -0.1961894797216249)
(0, -0.2991843202744371)
(-1, -0.6128757948892004)
(0, -0.42225944905919527)
(1, 0.1797300497729647)
(-1, -0.7924201377036615)
(-1, -0.7811623581164108)
(-1, -0.7636462672872868)
(1, 0.2507504764459899)
(-1, -0.5291975639062299)
(0, -0.13726093398728761)
(0, -0.021100360772070073)
(0, 0.07531060309213539)
(1, 0.5905202384450611)
(0, -0.02924137949726177)
(1, 0.16115291579380486)
(1, 0.2443302935113063)
(1, 0.7158872114301209)
(-1, -0.9996760307892211)
(-1, -0.12627952991714508)
(1, 0.43013175817688964)
(0, 0.0325596198695976)
(-1, -0.7924695633582498)
(0, -0.1782401806439523)
(0, 0.032789951158143954)
(1, 0.35179842428756414)
(1, 0.37555203478940796)
(0, -0.02683857248936944)
(0, -0.1584426078775859)
(0, 0.02674073780304126)
(-1, -0.9293489702571369)
(0, -0.21844488489558986)
(0, -0.4362962332296472)
(1, 0.19286643056557518)
(-1, -0.7965494134750827)
(0, 0.14208949584727687)
(1, 0.45834874996287067)
(-1, -0.48873543521726276)
(0, -0.16790319679708643)
(0, 0.25422792430036717)
(1, 0.3305670683787819)
(1, 0.3329949508597409)
(0, 0.14535672145716777)
(1, 0.6920877229388712)
(-1, -0.22060914775759422)
(-1, -0.6720849896358155)
(0, -0.13869070149854454)
(1, 0.4291794569097007)
(0, -0.07821991503361199)
(1, 0.26034429877707344)
(1, 0.45138947134729973)
(0, 0.4325001851258328)
(-1, -0.9608578519483377)
(-1, -0.5575649501578207)
(1, 0.9837195554943956)
(1, 0.5604771942752121)
(1, 0.34209445907031966)
(1, 0.4220046787346648)
(0, 0.053883677130883136)
(0, -0.017937728325213204)
(0, 0.03527340128939305)
(1, 0.9905769900110192)
(0, -0.010428846949064152)
(0, 0.03113681674321682)
(1, 0.820431139498563)
(1, 0.5613883698416249)
(0, -0.030599650507940168)
(0, -0.0030361112381049014)
(0, 0.003812571337171961)
(0, 0.013764895691232244)
(0, -0.01767170599742208)
(1, 0.9995760786569715)
(-1, -0.5904108901674864)
(-1, -0.8199669136554318)
(0, 0.16286498648694564)
(0, 0.1309654032049947)
(-1, -0.12201349649721344)
(0, 0.13933455368058184)
(1, 0.5200954415781772)
(1, 0.610543632139837)
(1, 0.18660189493405382)
(1, 0.906474155268359)
(0, 0.03736517047368279)
(1, 0.9722714164805237)
(1, 0.8339957817441711)
(0, 0.03894446205500254)
(0, 0.18390151957061035)
(-1, -0.04800416861553647)
(1, 0.6697396178579548)
(0, 0.1788625898231883)
(-1, -0.19343684871310846)
(0, 0.08689006397700778)
(0, 0.29963405159253326)
(0, 0.24415090490289704)
(0, 0.270162248716805)
(0, 0.06803994052051837)
(-1, -0.2674538419990454)
(-1, -0.3600571130564379)
(0, 0.016920019687876597)
(1, 0.45493743854838953)
(0, 0.13466735365167165)
(0, -0.15954741921142424)
(-1, -0.12829090684924077)
(0, 0.0560662280291989)
(0, -0.06439984539944038)
(0, -0.16579002303866408)
(0, -0.2270127393050519)
(-1, -0.7418798781171512)
(0, 0.34845480573252363)
(1, 0.132691445165054)
(1, 0.6950727667903936)
(0, 0.18632443593902773)
(1, 0.8411112841918482)
(1, 0.6294980284678486)
(0, -0.03283247765722222)
(0, -0.1652602449230324)
(-1, -0.17841354990583286)
(0, 0.24687403651962478)
(-1, -0.08695705825815808)
(-1, -0.37174781363289766)
(-1, -0.3133216474939412)
(-1, -0.8507914280822706)
(0, -0.1165186413473508)
(0, 0.05923799516083249)
(-1, -0.7709487619495561)
(-1, -0.44766074278981804)
(-1, -0.4848980655018194)
(-1, -0.5154731567182775)
(-1, -0.15769363528824093)
(-1, -0.1361080933931138)
(-1, -0.9106409637164479)
(1, 0.35425387898850536)
(-1, -0.30839649715448125)
(0, -0.2991843202744371)
(0, -0.037821211468800096)
(-1, -0.19547145702700752)
(0, -0.2862692737508209)
(0, -0.12642559554122856)
(0, -0.3140078058325242)
(0, -0.07106616153307369)
(-1, -0.1712976767916909)
(-1, -0.06259419495711499)
(-1, -0.053528267664299245)
(-1, -0.5809724504791532)
(0, -0.06474696509005998)
(-1, -0.7436514679955224)
(0, -0.047883227660365735)
(0, 0.002721102790515517)
(1, 0.15687563701461854)
(1, 0.21434525512660288)
(1, 0.9923118218835834)
(-1, -0.9814355802807886)
(-1, -0.2880844606574871)
(-1, -0.09751356094786623)
(-1, -0.9929671114969981)
(0, -0.22220713009710974)
(0, -0.2991843202744371)
(0, -0.00018345583929072623)
(1, 0.22896680779113204)
(0, 0.13216914850447625)
(0, 0.0015539863372616147)
(0, -0.10902800273949399)
(0, -0.30641480454718206)
(1, 0.5436835888625925)
(0, -0.13280540039424452)
(-1, -0.8991343197177605)
(0, -0.09804164198296018)
(-1, -0.9432742422564485)
(0, 0.11722148618941555)
(-1, -0.929254989477127)
(-1, -0.5834044263028901)
(0, -0.14089644739234236)
(1, 0.1572880854958109)
(-1, -0.785642410253754)
(-1, -0.8974492699536613)
(0, -0.264414090607332)
(-1, -0.9305446807513701)
(-1, -0.1250779561242195)
(-1, -0.6506614207809805)
(0, -0.15061092821742839)
(0, -0.07606992922043554)
(0, -0.15500950816212972)
(-1, -0.826415194242061)
(0, -0.3037365133206935)
(1, 0.27476390423882935)
(1, 0.9294909682730859)
(-1, -0.2873774906785207)
(-1, -0.9738743853127575)
(0, 0.13459135106961564)
(-1, -0.9530196734760941)
(1, 0.392068137687801)
(-1, -0.843552129373714)
(-1, -0.7854306582758557)
(1, 0.8837192600170721)
(-1, -0.5542338368623685)
(-1, -0.8928531099128304)
(-1, -0.9610036933716218)
(-1, -0.5674374832768961)
(-1, -0.7785447382608797)
(0, -0.2237397868700615)
(-1, -0.9218827145163107)
(0, -0.07487137700507046)
(-1, -0.693247452869098)
(-1, -0.9975834815641312)
(-1, -0.9231269949312731)
(-1, -0.6521014013572958)
(-1, -0.3445386167228351)
(-1, -0.43504409775498526)
(-1, -0.1730126517460378)
(-1, -0.7604622828283158)
(-1, -0.915108787899644)
(0, -0.3817463050409865)
(0, -0.3299048087808335)
(0, -0.11613866559413721)
(0, -0.09161090887153514)
(-1, -0.6690686087127096)
(-1, -0.4510371392002941)
(-1, -0.8988506333376827)
(1, 0.6652964903890899)
(1, 0.7560848846933652)
(1, 0.981814980728847)
(-1, -0.07717816712559727)
(-1, -0.6889606436347014)
(-1, -0.8008117400043478)
(1, 0.11836967539565929)
(1, 0.11210778597434495)
(1, 0.13561154404552828)
(1, 0.698939004880272)
(-1, -0.3367353701064919)
(1, 0.029216897458310742)
(-1, -0.0020116615577424612)
(0, -0.07722686158453829)
(-1, -0.7085307021107077)
(-1, -0.6972742436232582)
(0, -0.1969546028718346)
(1, 0.20864328851409636)
(-1, -0.17627504320512727)
(1, 0.08572265368337645)
(1, 0.8480251813798367)
(1, 0.08096821520511732)
(-1, -0.19158382850394867)
(-1, -0.30513204675108174)
(1, 0.5874414899028826)
(-1, -0.44709565529467965)
(1, 0.756681311043838)
(-1, -0.672009841430861)
(-1, -0.7424495991904562)
(1, 0.29045438363982035)
(1, 0.4399406624175086)
(-1, -0.3845220080094005)
(-1, -0.37790097599881695)
(0, -0.07624496785492665)
(-1, -0.9201782487234563)
(-1, -0.8447622880004845)
(1, 0.08774149187588537)
(1, 0.17470768207434395)
(0, 0.0025714116656995745)
(1, 0.38169273315099717)
(0, 0.05128867785298689)
(0, -0.01767072662010291)
(-1, -0.06026561274998038)
(1, 0.5996839718571998)
(1, 0.21279020505530305)
(-1, -0.029215469550743278)
(1, 0.43709996571467247)
(0, -0.4230885431251563)
(1, 0.34281986676656767)
(-1, -0.48037752886604335)
(-1, -0.9598091423882424)
(1, 0.29351632379318177)
(1, 0.41529766764597337)
(1, 0.9333016124448399)
(-1, -0.4698438924858349)
(1, 0.48904217487618606)
(0, 0.313019450486044)
(-1, -0.2426120202684408)
(1, 0.623969126691763)
(1, 0.43913085092523213)
(1, 0.4746379482682669)
(1, 0.8491590321314424)
(1, 0.9006195402012867)
(1, 0.7469654498628264)
(1, 0.7252040251064857)
(1, 0.9785737259680405)
(1, 0.5888748804077997)
(1, 0.6885811837787885)
(0, 0.020181363246817907)
(0, -0.0010838076317942757)
(-1, -0.7817601234108371)
(0, -0.37359685619761945)
(0, 0.017432661046817916)
(0, -0.05938965722421012)
(0, 0.026558216158504122)
(0, 0.01819828214134821)
(-1, -0.5048600580475777)
(-1, -0.7057503085626531)
(-1, -0.8169062839639767)
(0, -0.18244291216110523)
(0, -0.173733428104999)
(-1, -0.7980966014683785)
(-1, -0.08633117193896528)
(0, 0.22729305919427362)
(1, 0.20000623095545)
(-1, -0.5687344706374704)
(0, 0.08302403004011398)
(-1, -0.8440122684297959)
(-1, -0.724442282891939)
(0, -0.16840728803103805)
(-1, -0.9994205390842076)
(0, 0.1358374932479054)
(1, 0.7544226667743266)
(1, 0.48574979507607147)
(-1, -0.6096654361452922)
(-1, -0.49950038963479115)
(0, 0.05672271780911539)
(1, 0.9765384718694547)
(-1, -0.14416710025151025)
(0, -0.13176420541220848)
(-1, -0.397082703148277)
(-1, -0.7999955567474367)
(-1, -0.979934111626577)
(-1, -0.9947822500981685)
(-1, -0.7329118529221836)
(0, 0.0040824369522440476)
(0, 0.02213564132034053)
(1, 0.6866776753564905)
(0, -0.06765460210613114)
(0, 0.026153719364695)
(1, 0.8440336149653814)
(0, 0.16621031504455916)
(1, 0.9205005487364495)
(0, -0.04296445986883459)
(-1, -0.0822386777048465)
(-1, -0.9110768367401905)
(-1, -0.6689737084104854)
(-1, -0.08762430778754071)
(1, 0.9376667675310071)
(1, 0.7164704850514273)
(1, 0.48207678352705596)
(1, 0.8062611000530769)
(-1, -0.6772314436428025)
(-1, -0.09356636942489871)
(1, 0.07880813186132729)
(1, 0.563994906826903)
(1, 0.8184423673564004)
(1, 0.9900982855884555)
(0, 0.05790318269883571)
(0, 0.15769239297262355)
(1, 0.39164743022432363)
(0, 0.114345030901561)
(-1, -0.9375997105529918)
(1, 0.8308189007548379)
(0, -0.022098350332396544)
(0, 0.2337711296904502)
(0, 0.049440129950867204)
(1, 0.9399810405349086)
(0, -0.06498026099566306)
(-1, -0.6534771321588488)
(1, 0.9999085601580388)
(1, 0.07950964752231049)
(0, 0.07884454779602493)
(-1, -0.8520799798942131)
(0, -0.3149573244854203)
(-1, -0.6774623671374234)
(0, -0.026425752485642388)
(-1, -0.6250761419384439)
(-1, -0.20241819991564447)
(1, 0.05365673762847739)
(1, 0.7317687573696352)
(1, 0.8234536469031124)
(1, 0.9955692587111504)
(1, 0.9919931299116541)
(-1, -0.3077406605464031)
(-1, -0.013500177087678256)
(1, 0.5125247247382124)
(0, 0.16669146876196322)
(1, 0.14863795798852802)
(0, 0.04096699699118428)
(1, 0.42446910862440734)
(1, 0.6539039118753284)
(-1, -0.422440707344361)
(1, 0.8113835145325727)
(-1, -0.7228754116042875)
(0, 0.28782788662699743)
(-1, -0.9534219675664644)
(-1, -0.5367448403123858)
(0, -0.1756186751975339)
(1, 0.7195018934312313)
(1, 0.8897885355331385)
(-1, -0.5548782796326391)
(-1, -0.5125928236905581)
(1, 0.9750994978122495)
(0, -0.13739050972881528)
(-1, -0.07019818863795435)
(0, -0.022100741560160703)
(1, 0.740451141493111)
(-1, -0.9297068678638677)
(-1, -0.8519358399865771)
(-1, -0.9974480625203175)
(-1, -0.9210933151549607)
(-1, -0.34738891530217325)
(-1, -0.8051098454024531)
(1, 0.41609553060810045)
(1, 0.6237890989534399)
(-1, -0.8687938469829714)
(-1, -0.23574978244796044)
(0, -0.2509816205454141)
(-1, -0.44160907740057087)
(-1, -0.8191105636179055)
(1, 0.9829715121315573)
(-1, -0.9679634904304913)
(-1, -0.9752106443399483)
(1, 0.8437545775927844)
(1, 0.22521320190468358)
(0, -0.3670524427102171)
(-1, -0.5810584404149156)
(1, 0.4076686870376932)
(-1, -0.1417862656136647)
(-1, -0.36435822283095654)
(1, 0.44647825899808785)
(0, -0.22220713009710974)
(0, -0.2991843202744371)
(0, -0.023784362979266588)
(0, -0.03473987568345577)
(0, -0.021347657712286333)
(0, -0.03473987568345577)
(0, -0.21453974166515888)
(-1, -0.8159609340050437)
(-1, -0.9951661507541889)
(1, 0.24879908657088876)
(0, -0.03106201708895512)
(1, 0.6902366552468339)
(0, -0.24520521519903418)
(-1, -0.5281796426322276)
(0, -0.21928559350585258)
(1, 0.07231308917848756)
(1, 0.9784573759234119)
(-1, -0.23010554483538584)
(-1, -0.34941941204592153)
(-1, -0.5861988517413499)
(-1, -0.9493537244182572)
(1, 0.8794936195617885)
(-1, -0.8910026647816001)
(-1, -0.6309055669395266)
(-1, -0.9071566497094651)
(-1, -0.7522369429463708)
(-1, -0.7134275287366049)
(-1, -0.8814111387752851)
(1, 0.3163321222790235)
(-1, -0.7762215818274969)
(-1, -0.9993747737552082)
(-1, -0.9243150243270226)
(-1, -0.8619875376155776)
(-1, -0.031672048997580804)
(-1, -0.88042134198854)
(-1, -0.9455974556250607)
(0, 0.008476274007295226)
(0, 0.008476274007295226)
(-1, -0.7346978175966342)
(-1, -0.2785554792100241)
(-1, -0.9141226762585325)
(0, -0.21693609907465233)
(-1, -0.9998327992105878)
(0, -0.1314844222070929)
(-1, -0.9923623138034123)
(0, -0.12648741797544388)
(-1, -0.33449182046359194)
(0, 0.22590156357964686)
(1, 0.5501760168809946)
(0, -0.227557067663264)
(-1, -0.7533087935282476)
(-1, -0.8165615433843593)
(0, 0.011652623210938073)
(0, -0.36223254707123775)
(1, 0.3810989558363091)
(0, 0.05850165794877914)
(0, -0.04039709570839736)
(-1, -0.9875733260963785)
(1, 0.6297085471465913)
(-1, -0.7083543460923134)
(-1, -0.6994900324643616)
(1, 0.8317174975819186)
(0, -0.11869615811335547)
(0, 0.03107970884646067)
(-1, -0.6935483922353233)
(0, 0.02159933545006624)
(-1, -0.2795956209157162)
(0, -0.19090069819308153)
(0, 0.3251367303848069)
(0, 0.17292993018949712)
(-1, -0.9979921567410381)
(-1, -0.8757305033817739)
(-1, -0.8098459811340063)
(-1, -0.996701254455447)
(0, 0.032882841297023846)
(0, 0.2285973560618409)
(0, -0.016849941121784097)
(-1, -0.6086104082349523)
(-1, -0.7738383896107406)
(0, -0.06776457814838138)
(-1, -0.5265246334743542)
(0, -0.0026143469061190535)
(-1, -0.8220301576618557)
(-1, -0.46243758137721885)
(-1, -0.7741722182900309)
(-1, -0.49967311075343124)
(-1, -0.8035098771701955)
(0, -0.07171865260082318)
(0, -0.2540261828228652)
(-1, -0.5496034421859385)
(-1, -0.14212160521324796)
(-1, -0.5308740093830252)
(0, -0.36658930455952277)
(-1, -0.8763970942502977)
(0, -0.03385683891903066)
(-1, -0.3266970190904386)
(0, -0.13558259705063958)
(0, 0.16748663438271588)
(-1, -0.72382101487926)
(-1, -0.6077999422044345)
(0, 0.03105231123141983)
(0, -0.011571283771677937)
(0, -0.028460797827068382)
(-1, -0.5357022499533124)
(0, 0.02242397387655283)
(0, -0.2298143005692736)
(0, -0.11439448477495381)
(0, -0.028422950815655323)
(1, 0.23844300881711866)
(1, 0.6410724356725594)
(1, 0.1766445051125516)
(-1, -0.8339923697036291)
(0, -0.239139515665296)
(0, 0.13520182269512598)
(0, 0.05794921583417907)
(1, 0.5436835888625925)
(0, -0.13280540039424452)
(0, -0.01783308120607517)
(0, 0.06271385273322519)
(0, -0.03473987568345577)
(1, 0.3566420967306364)
(0, -0.1346089918947801)
(-1, -0.8052980066878757)
(1, 0.8511168559021953)
(0, 0.07329255954101636)
(0, -0.01325239819918339)
(0, -0.05249945062951169)
(0, 0.08603120252043425)
(1, 0.267808273414896)
(0, -0.25096688607744533)
(0, -0.14236691561882725)
(0, -0.07477342405259654)
(0, -0.04381420561414534)
(0, 0.00680832129164579)
(0, 0.022731961125272777)
(0, 7.128963440753067e-05)
(-1, -0.9931679430201396)
(0, -0.08531025758811375)
(0, -0.23340786209796582)
(0, 0.23154687156715661)
(0, 0.08799813032342316)
(1, 0.10003490747866739)
(1, 0.44800143414996596)
(0, -0.31949336039527265)
(-1, -0.535125101751898)
(1, 0.4496754499133505)
(0, 0.10135454529463778)
(0, -0.022630974149725737)
(-1, -0.2750377101482491)
(0, 0.24970602834326422)
(0, -0.29058909086993584)
(0, 0.046681899962325205)
(0, -0.2011837813741055)
(0, -0.23238262961351228)
(0, 0.001647677243800995)
(0, -0.048929556524356446)
(0, -0.17061455984016752)
(-1, -0.6984882631570142)
(-1, -0.9429661782203601)
(1, 0.8327136053396915)
(1, 0.6285451092296945)
(-1, -0.8630879170624915)
(1, 0.13726964458834132)
(0, -0.03413098319733979)
(0, 0.006386029050027775)
(-1, -0.6946969113496269)
(-1, -0.48712184468314657)
(0, -0.22843016889993562)
(0, 0.01983051425721852)
(1, 0.9995260269592016)
(0, -0.03413098319733979)
(-1, -0.06875104800470744)
(0, -0.18003153320176013)
(0, -0.015065746922663048)
(1, 0.9280926804964023)
(0, -0.2762719782430825)
(0, 0.025685544079691702)
(0, -0.03645357545310181)
(-1, -0.5936800376351647)
(0, -0.0015123682827143385)
(1, 0.7955583785191407)
(0, -0.10205154707604155)
(-1, -0.6485450492401753)
(0, 0.0599357304631324)
(0, -0.05667812523800378)
(0, -0.019284521036726024)
(0, -0.052419550132759896)
(0, -0.004971250223690832)
(-1, -0.4114716192314883)
(0, -0.022107054732293546)
(-1, -0.7050412844486539)
(0, -0.19650212348511734)
(0, 0.25541319138975205)
(-1, -0.29185599182757305)
(-1, -0.7524571347499358)
(1, 0.44096375007299216)
(0, 0.11906674591147659)
(-1, -0.5178812428427486)
(0, -0.03231736138690253)
(0, -0.0873586002248651)
(0, -0.08582796392657419)
(1, 0.38148669523444095)
(1, 0.5105831699654206)
(0, 0.2134326273557051)
(0, -0.15598589855445283)
(0, -0.3631052329369552)
(-1, -0.09024343168629695)
(-1, -0.45717119054537786)
(0, -0.2707947790089178)
(0, 0.0826312787682556)
(1, 0.49435980747274594)
(0, 0.0006394739188640697)
(0, -0.2253559829532832)
(1, 0.0411897572152366)
(0, -0.08093069891882779)
(0, 0.06179993910658224)
(1, 0.9088117294111275)
(1, 0.13837750700543916)
(-1, -0.6854269058079744)
(0, 0.11335343626267688)
(0, -0.3831567952539119)
(1, 0.9147937777688512)
(0, -0.09963917976751328)
(-1, -0.7406342815724581)
(0, -0.2656184005448587)
(0, 0.09280455322340453)
(0, -0.11812647779075694)
(0, 0.06902592727420703)
(0, -0.0011310078566692389)
(0, -0.01799367737202806)
(0, -0.06827360567457211)
(-1, -0.3482974210197055)
(0, -0.09575816594886676)
(0, 0.30394037188248246)
(1, 0.8296113623681199)
(1, 0.35922475702212175)
(0, 0.01924699482543847)
(-1, -0.9800076287926)
(-1, -0.8448532396213506)
(1, 0.9649963115974359)
(0, -0.10926730989755853)
(0, 0.3432003952627933)
(1, 0.19589987024751376)
(-1, -0.21076563908638613)
(0, 0.24443937286502732)
(1, 0.9997620989412814)
(0, 0.32163749024866584)
(-1, -0.36271104740022064)
(-1, -0.9177298826905934)
(-1, -0.19422853924444478)
(-1, -0.06463287089844288)
(0, -0.08565620594009128)
(-1, -0.8045885579169799)
(-1, -0.789617865463645)
(0, 0.010375134659553836)
(-1, -0.4934429784499258)
(0, 0.1975076510497615)
(1, 0.20324788266219415)
(-1, -0.25416109625048555)
(-1, -0.6181706825433027)
(0, 0.34654926318963375)
(-1, -0.7584734478082844)
(1, 0.458015146960883)
(1, 0.11274588757202547)
(1, 0.9146015466340115)
(0, 0.267298411102833)
(1, 0.9325148674058459)
(1, 0.7765852248675398)
(-1, -0.20237171095839773)
(-1, -0.7916067511580213)
(1, 0.230304802161858)
(0, 0.15716464654006995)
(0, -0.008777788719598114)
(-1, -0.16132820196126818)
(0, 0.199177830974857)
(0, -0.029751831652591307)
(0, 0.10750246047463854)
(0, 0.19266788842903)
(1, 0.911077200971785)
(-1, -0.06759020606703015)
(-1, -0.29199501059495114)
(0, 0.0036653355737003707)
(0, 0.26435923927957006)
(-1, -0.4892469696900278)
(0, -0.0319922028771747)
(-1, -0.3922809573558795)
(0, -0.141310627787626)
(0, 0.0035917019617272908)
(0, 0.014840251731792223)
(0, -0.025910751769073558)
(0, 0.014840251731792223)
(0, 0.03532915312397286)
(0, -0.18221610146768535)
(0, 0.04865827568829707)
(-1, -0.5239090833628374)
(1, 0.6993879610175171)
(0, -0.020804894963288297)
(1, 0.3920558186471893)
(1, 0.967663738758954)
(0, 0.05831937082128283)
(0, 0.1545779738144529)
(1, 0.7775374568453103)
(-1, -0.9268463773581874)
(0, -0.17324560384960963)
(0, -0.0928882725102584)
(0, -0.07477342405259654)
(-1, -0.35921852300444934)
(0, 0.019289675908026882)
(1, 0.3027661615418785)
(0, 0.3622989105449157)
(1, 0.9170445359224896)
(0, 0.2630716807351032)
(1, 0.687226123152858)
(1, 0.9068485136521668)
(1, 0.8361604354692789)
(1, 0.7753635873936334)
(0, -0.03532087495510058)
(0, -0.031440017094956765)
(0, -0.2084084404180675)
(1, 0.5436835888625925)
(0, -0.13280540039424452)
(0, 0.02270952927241174)
(0, 0.0768145613631375)
(0, -0.08247336624743742)
(0, -0.39813454097124307)
(-1, -0.5906149155934362)
(-1, -0.6496243008256726)
(-1, -0.3282518869387989)
(1, 0.9748720605355027)
(0, -0.26398815156799676)
(-1, -0.4580582275523965)
(-1, -0.4482360872458214)
(0, 0.03361324418564479)
(1, 0.9076525414465785)
(1, 0.24959553445066374)
(1, 0.29201876623030865)
(-1, -0.5742686410414088)
(1, 0.32594518886897167)
(0, 0.1021275445921745)
(1, 0.1723322051436958)
(0, 0.08531665613514394)
(0, -0.016510008833924755)
(0, -0.15894663407921633)
(0, -0.09181464952078774)
(0, 0.2145559605992988)
(-1, -0.015641378973591524)
(-1, -0.7171834755535136)
(-1, -0.8664295154841682)
(-1, -0.5697431020495407)
(0, -0.10954089048076099)
(1, 0.6968747518728755)
(-1, -0.9973266650856464)
(-1, -0.47097885572972226)
(0, -0.06765460210613114)
(0, 0.217388222167197)
(0, -0.14413792067150338)
(0, 0.0005229226217395456)
(1, 0.42716027560644604)
(0, -0.15760573736959393)
(0, -0.13395324760906516)
(1, 0.3838200441479009)
(0, -0.02905107459661163)
(-1, -0.9718883338034995)
(0, -0.042922925225747116)
(-1, -0.4170003781061141)
(-1, -0.37817729212534423)
(0, -0.19441736499856024)
(0, -0.12018940014135968)
(1, 0.6303524488971437)
(1, 0.2721779500893198)
(0, -0.026496243685032755)
(1, 0.945310382703329)
(1, 0.8932953658592621)
(0, 0.1999547714517237)
(1, 0.7851662178264336)
(0, 0.1528422348118023)
(0, -0.07490066737189044)
(-1, -0.08304934407622472)
(0, -0.10260196557572951)
(1, 0.8190035146419962)
(-1, -0.15414340169342033)
(1, 0.6310159114603026)
(0, -0.12501820615041404)
(0, -0.09471161240551032)
(0, -0.00672481554571594)
(0, 0.15952729649910866)
(0, 0.00787545430909204)
(1, 0.4883247298198414)
(-1, -0.7261286159034217)
(0, 0.002786316871891875)
(0, -0.015746856818570465)
(0, -0.032052134396738555)
(0, -0.24170727388617946)
(0, -0.11648409501594625)
(0, 0.0626948063720908)
(0, -0.27757587615392143)
(0, -0.11648409501594625)
(0, 0.0039031107876472404)
(-1, -0.42519656165682673)
(0, -0.009360549981233049)
(0, -0.0790718461156206)
(0, -0.11648409501594625)
(-1, -0.307723462252134)
(0, 0.026201371072167294)
(0, -0.12118941846525164)
(0, -0.14258853776234595)
(0, -0.2991843202744371)
(0, -0.00018345583929072623)
(1, 0.22896680779113204)
(0, 0.03843745086628947)
(0, -0.049406360486022)
(0, -0.10248643331057529)
(-1, -0.62788340333832)
(-1, -0.3036147774842438)
(0, -0.45129527514372597)
(-1, -0.5380981340873454)
(0, 0.053893792576362336)
(-1, -0.16158009856966493)
(-1, -0.44283066645333036)
(-1, -0.7001866833420847)
(0, -0.0587799288143895)
(-1, -0.5750151772927671)
(-1, -0.7846736881858543)
(0, -0.22165242896372334)
(-1, -0.34740604785612805)
(1, 0.2729752013698472)
(-1, -0.09504075802310868)
(0, -0.2925988588123577)
(0, 0.20381644163332457)
(1, 0.5473890777568109)
(0, 0.009038202183344834)
(0, -0.08900406377076978)
(-1, -0.010588608222016738)
(0, -0.11632488795890285)
(0, -0.05501520974006251)
(0, -0.007902831082827522)
(0, -0.11931924687914226)
(0, -0.3318463016300105)
(0, -0.00908081645192127)
(0, -0.03913606582036772)
(0, -0.05972846827963833)
(0, -0.1555265486013124)
(0, -0.06015851223775976)
(0, 0.009675095184576765)
(1, 0.793866600778591)
(0, -0.17830409032320269)
(0, -0.026218525074669832)
(0, 0.15259136621570973)
(1, 0.5942955251454572)
(0, -0.14153124389780478)
(0, 0.018041021730729363)
(0, 0.033729247170598706)
(0, -0.012495342470497328)
(0, -0.13125599841855412)
(-1, -0.47883818634310826)
(0, 0.0006253918989370805)
(0, -0.012495342470497328)
(0, -0.2977691646288695)
(-1, -0.9164323591468944)
(-1, -0.9394699657063565)
(-1, -0.7282425693509517)
(-1, -0.8023299497327742)
(1, 0.7652504528836511)
(1, 0.5679514779482291)
(1, 0.9557071961806679)
(0, 0.22892380313062263)
(-1, -0.916155260788491)
(0, 0.02132136653841324)
(-1, -0.748173207199904)
(0, -0.2333407005174724)
(0, -0.01883171533503423)
(-1, -0.5295667314652782)
(0, 0.08236214992020241)
(0, -0.001876835615637052)
(0, 0.0014563643090460417)
(0, 0.02628230583823818)
(-1, -0.1648678691224763)
(0, 0.05827599274856367)
(1, 0.8418991797968121)
(1, 0.992501483555406)
(0, 0.00904846470063307)
(0, 0.002447502720117928)
(0, -0.051666856404015554)
(0, -0.08438563995478147)
(-1, -0.010957000275049755)
(0, -0.034363151769659095)
(0, 0.05743969558113424)
(0, 0.02042974344444865)
(-1, -0.3077521414016755)
(0, 0.08282284198340209)
(0, -0.16031655360554584)
(0, -0.021517553172795918)
(0, -0.125127128195382)
(0, 0.21855577056557668)
(0, 0.018662049202252215)
(1, 0.25629015810590605)
(0, -0.08037556968318746)
(0, -0.32442348602670895)
(0, -0.4149968555141134)
(1, 0.5448851110881853)
(-1, -0.3728619006156372)
(0, -0.16630772053607634)
(0, 0.1687223516508341)
(-1, -0.25687475949555005)
(0, -0.028269137817316846)
(-1, -0.7583856787441885)
(0, -0.15479999173435277)
(0, 0.02602551484311197)
(-1, -0.037942147231868284)
(1, 0.9997851511652232)
(0, -0.2280522985039194)
(-1, -0.27165170727438304)
(0, -0.03002256877428907)
(0, -0.09956125624479274)
(0, -0.1608505128810815)
(-1, -0.4921553605960499)
(-1, -0.8678444136386553)
(0, 0.07522007148014288)
(0, 0.12483952551367429)
(0, -0.04091774094539823)
(0, 0.10440015595996913)
(-1, -0.40871609140362514)
(-1, -0.7663252649875535)
(-1, -0.4789797630163699)
(1, 0.4652010261814315)
(-1, -0.7834210786117627)
(0, 0.23218400311931195)
(0, 0.05972423630502122)
(0, 0.009002339008579531)
(0, -0.08721026574458407)
(0, -0.28693384381254916)
(0, -0.07387073866232081)
(0, 0.4716541606971682)
(-1, -0.9817763644980673)
(-1, -0.995262412983353)
(0, -0.2505035218216118)
(-1, -0.4805348311638773)
(0, 0.05620759377070883)
(-1, -0.5861643262730674)
(1, 0.6885561593689662)
(1, 0.6360097632755272)
(-1, -0.9630585592868646)
(0, -0.26904058313777135)
(-1, -0.915388828955147)
(-1, -0.26939114188451185)
(0, -0.23673168402497788)
(0, -0.2501273086976271)
(-1, -0.5265246334743542)
(0, -0.0008029952721004922)
(0, 0.0178470882634357)
(0, 0.08541488461442871)
(-1, -0.017513135441638683)
(0, 0.21870263404001455)
(0, 0.0766798199219227)
(0, 0.007442440451970907)
(0, -0.10206757112246914)
(0, -0.030129113730599413)
(-1, -0.3798036781634382)
(-1, -0.5538650031433863)
(-1, -0.4150472855376236)
(0, 0.036049858871568426)
(0, -0.1115235411805004)
(0, -0.2082869181497269)
(0, -0.1736244325084787)
(0, -0.16294225495919862)
(0, -0.06961016263854457)
(1, 0.15648232160235914)
(0, -0.09559465037294176)
(0, -0.016734571708745982)
(0, -0.006074643815409661)
(-1, -0.9474315610304425)
(1, 0.22448122080922112)
(1, 0.6273437407649504)
(0, 0.0009654349354875635)
(0, -0.0353268595204622)
(0, -0.02360089165657331)
(0, -0.03746134878451146)
(0, 0.0741555439620244)
(0, -0.00027057788771565666)
(0, 0.1332314240802731)
(0, -0.07063857184644037)
(0, 0.005786590897297573)
(0, -0.21922253337025668)
(0, 0.26344436136314414)
(0, -0.09257497172537082)
(0, -0.1718995548231937)
(-1, -0.8423989082347692)
(1, 0.46201937224253875)
(0, 0.03214809513882472)
(0, -0.217800157741777)
(0, -0.07818288019021494)
(0, -0.24729506057190795)
(-1, -0.09865561714193377)
(-1, -0.8720215613058149)
(-1, -0.7738383896107406)
(0, -0.273455987321265)
(-1, -0.0018031327227754912)
(-1, -0.5312274617947311)
(0, -0.15812883193383023)
(0, -0.10655183744606575)
(-1, -0.8425429833150184)
(0, -0.08111303391376357)
(-1, -0.5265246334743542)
(0, -0.008017288696600969)
(1, 0.4499096339970544)
(0, -0.09807151649739793)
(0, 0.09317525614777819)
(1, 0.30733051427036306)
(0, -0.19169920393564363)
(1, 0.3581832562248338)
(1, 0.8388550817746421)
(0, 0.38088546536024753)
(0, 0.11440167071751109)
(0, 0.02864348623970629)
(1, 0.7614932373097942)
(1, 0.7071763769247724)
(1, 0.36380161946434225)
(1, 0.47894962246498196)
(1, 0.9730123073749708)
(1, 0.8592437329922535)
(1, 0.5430536136339345)
(1, 0.37751635691035224)
(0, 0.30853970360245)
(0, 0.056544552971162565)
(1, 0.5168382193426131)
(1, 0.7596586570981493)
(0, 0.0703500593365172)
(1, 0.7633162895030164)
(1, 0.609802733064108)
(-1, -0.5477942015944405)
(1, 0.1779069019952711)
(0, 0.05838799034988684)
(0, 0.31586576363142355)
(0, -0.239905410564223)
(-1, -0.9293690847691886)
(0, -0.09183400536500591)
(-1, -0.43039693637642457)
(1, 0.43525437980928766)
(0, 0.4150997623962372)
(1, 0.5246084120609817)
(0, 0.23659169520538428)
(-1, -0.30233241996816707)
(1, 0.6189740653649993)
(0, -0.29842197866335873)
(1, 0.41518014238754947)
(-1, -0.6041237197808551)
(-1, -0.894773259122892)
(-1, -0.4022585430300652)
(1, 0.2747807037067491)
(0, 0.021561709835821466)
(-1, -0.9080670751966637)
(0, -0.0034581910383533893)
(0, -0.11916860259211921)
(0, 0.13668758235118317)
(0, -0.13591377544522687)
(1, 0.5246084120609817)
(1, 0.4281473446886975)
(-1, -0.5965946501417142)
(0, 0.31590600130525925)
(-1, -0.7980923438505444)
(-1, -0.3703098294503835)
(1, 0.2050320031714612)
(-1, -0.6917596631637052)
(0, -0.35885109537724863)
(-1, -0.9152784879442367)
(1, 0.6629719022492324)
(-1, -0.4265398651992881)
(1, 0.3063955683885463)
(-1, -0.19273557893397625)
(-1, -0.9918586653118525)
(-1, -0.9299141367139064)
(-1, -0.9890274925158505)
(0, -0.20651564254610702)
(0, -0.11916860259211921)
(1, 0.7294970477302889)
(0, -0.007072758337279023)
(0, -0.08744502597474442)
(0, -0.30605304688464857)
(1, 0.5548808411674806)
(0, -0.06620650676762693)
(1, 0.35470064559293124)
(0, -0.008224236585010015)
(-1, -0.8707449893229563)
(-1, -0.4031008386221656)
(1, 0.6751572578213964)
(0, -0.33838484715700456)
(0, -0.18135647312063255)
(-1, -0.35629667707834406)
(1, 0.46929294297559443)
(0, 0.03343949189142646)
(-1, -0.5655078741890487)
(-1, -0.26852656609614145)
(0, -0.29523079123812945)
(0, 0.04087976565850869)
(-1, -0.6764756672597317)
(0, -0.09396332096326149)
(-1, -0.9884920245814585)
(1, 0.006296175853122643)
(0, -0.21679877919318888)
(-1, -0.9366070561780077)
(1, 0.8499311891407959)
(0, -0.36946067008289357)
(-1, -0.7853282170487802)
(1, 0.35770226911688746)
(1, 0.19419193153465464)
(1, 0.8221710989744566)
(0, -0.11729710922841662)
(1, 0.3803825372194066)
(0, -0.06737818225132419)
(-1, -0.35144701182899535)
(-1, -0.3427598767565589)
(1, 0.32614030698422386)
(-1, -0.8641200442988666)
(-1, -0.37612363640764535)
(0, 0.02034299670282578)
(-1, -0.7601836444291858)
(0, -0.12408090772371673)
(0, -0.09057974521785798)
(0, 0.15270061517109634)
(0, -0.08738184245314226)
(-1, -0.8259926376905996)
(0, -0.3011739666394837)
(0, -0.14548857788600209)
(0, -0.001360948826736652)
(1, 0.27261309730620775)
(-1, -0.8507839639125672)
(-1, -0.2619127379528675)
(-1, -0.9879268085208542)
(0, 0.027701582968980225)
(-1, -0.5562625909847085)
(0, -0.12900455309288206)
(0, 0.05179022104521146)
(0, 0.3578330727967448)
(0, -0.29201193317919466)
(0, -0.16258319384856126)
(-1, -0.46270176793351137)
(1, 0.42442497208495134)
(1, 0.9993138115102215)
(0, 0.14871563690862677)
(-1, -0.9130517306619447)
(-1, -0.9130385944097369)
(-1, -0.8801525077483027)
(-1, -0.7522258124818697)
(1, 0.6928312333234067)
(1, 0.3605924513975538)
(-1, -0.5776969961333366)
(1, 0.36747899220327696)
(-1, -0.36857900488318773)
(1, 0.07894077554229567)
(1, 0.835306006567869)
(-1, -0.09396179951020334)
(0, 0.008476274007295226)
(0, 0.008476274007295226)
(-1, -0.9784481297377382)
(1, 0.26652467106419575)
(-1, -0.2871457714455205)
(-1, -0.44667553847231056)
(-1, -0.29281835860065125)
(-1, -0.8869129240923309)
(0, 0.050669155520282144)
(-1, -0.5285388673556959)
(0, -0.2377966667096505)
(0, -0.02469611672525024)
(-1, -0.8812874229544364)
(-1, -0.7308182666460707)
(1, 0.2773230997295199)
(1, 0.4292234202031767)
(1, 0.45040560038431166)
(1, 0.9004892055643283)
(1, 0.7257317129738949)
(0, -0.08894387366964471)
(-1, -0.39729187937575416)
(-1, -0.5262867944748548)
(-1, -0.8868019516163959)
(0, 0.0001244417933837247)
(0, 0.009085012746817472)
(0, -0.06776457814838138)
(-1, -0.3582634210474055)
(-1, -0.4048257900469987)
(-1, -0.4737734910748959)
(0, 0.07910572545821706)
(-1, -0.06565425604890773)
(0, -0.15010714134675301)
(0, -0.3071938935249708)
(0, 0.026582557175179655)
(0, -0.10148414757497644)
(0, 0.03451827063203963)
(1, 0.06016078130327884)
(0, -0.06765460210613114)
(0, -0.09768171895740513)
(0, -0.06765460210613114)
(0, -0.06765460210613114)
(0, -0.08482806194462122)
(0, 0.02426969379776872)
(0, -0.15124825507621745)
(0, 0.02426969379776872)
(0, 0.009987542246462061)
(-1, -0.9268832365672321)
(0, 0.010596621000647455)
(0, -0.05291143161007823)
(-1, -0.7500582782156738)
(0, -0.04261342708222486)
(0, -0.06765460210613114)
(-1, -0.1132389355352662)
(0, -0.06657006136271221)
(0, -0.06765460210613114)
(0, -0.16296667942380239)
(0, -0.04768565684363249)
(0, -0.06765460210613114)
(0, 0.10252614065436684)
(0, 0.08698099185758437)
(0, 0.1987193538602332)
(0, -0.03216638276918385)
(0, -0.13492891235285148)
(0, 0.02444305211659259)
(-1, -0.4683109989633999)
(0, 0.03474533316007683)
(1, 0.5738786301045953)
(0, -0.034869279994263896)
(0, -0.012003185557856927)
(1, 0.047280245322260606)
(0, -0.06765460210613114)
(-1, -0.37844361110434854)
(-1, -0.22648409629764027)
(-1, -0.6017939794217435)
(0, 0.016168522231508428)
(0, -0.07380308485864613)
(-1, -0.16226223144244722)
(0, -0.10496236017285829)
(0, -0.09797372164510251)
(1, 0.6178808765061727)
(0, 0.07521615940147822)
(0, -0.03622259029016009)
(0, -0.17163797909932732)
(0, -0.17163797909932732)
(0, 0.06945236086884549)
(0, -0.012096370293027181)
(1, 0.40084243931765634)
(-1, -0.3105392633060938)
(-1, -0.5440488948465546)
(0, -0.060156403376556054)
(-1, -0.6017266721035907)
(0, 0.0037018615751163164)
(-1, -0.5948246728595952)
(-1, -0.3105392633060938)
(0, 0.06387429784032678)
(0, -0.08649876513750537)
(0, -0.08013147798476528)
(0, -0.18080807685143793)
(-1, -0.31231373718791045)
(0, -0.28680653305923204)
(0, -0.06765460210613114)
(0, -0.19534650101461956)
(0, -0.06309435759351226)
(0, -0.11746212021114466)
(0, -0.03671134853755778)
(0, -0.12044628761644531)
(0, -0.20657398769794535)
(-1, -0.24646954339576924)
(0, -0.07094639897573378)
(0, 0.06979479849744946)
(1, 0.3810989558363091)
(0, -0.06765460210613114)
(0, -0.0461660495649486)
(0, -0.01675944949896764)
(0, -0.0786570405417838)
(0, -0.254577686307612)
(0, -0.06765460210613114)
(0, -0.0786570405417838)
(1, 0.39102221694305483)
(0, -0.06765460210613114)
(0, -0.06765460210613114)
(-1, -0.16095282060375551)
(0, -0.06765460210613114)
(0, -0.028367492815188883)
(0, 0.1028015618077169)
(0, 0.17576159482839698)
(0, 0.04946514630059748)
(0, -0.12116452285895662)
(0, -0.00934103921017243)
(1, 0.10317120174334238)
(1, 0.2671148367084478)
(0, -0.06765460210613114)
(0, -0.06765460210613114)
(0, -0.16721011032207136)
(0, 0.10634945008475002)
(1, 0.4726384723232204)
(0, 0.09964377404728819)
(0, -0.06765460210613114)
(-1, -0.711536839959452)
(0, -0.026427022486175455)
(0, 0.013851312479519443)
(-1, -0.3969984787799848)
(0, 0.016175956493209617)
(0, -0.15362333528772457)
(0, 0.026710509950273187)
(0, 0.05598531374148197)
(0, 0.2667136761350958)
(0, 0.026710509950273187)
(0, -0.06765460210613114)
(1, 0.37274386708464585)
(0, 0.05132980236661418)
(0, -0.06669787101860683)
(-1, -0.23387497489240638)
(1, 0.31944332461188013)
(0, -0.1302860489840673)
(-1, -0.0752041354943968)
(0, 0.08746809276534531)
(0, 0.02165018734462118)
(0, -0.06707147594695241)
(0, 0.14254353014103416)
(0, -0.02849963509191411)
(1, 0.555374901614926)
(0, -0.09155301906590857)
(-1, -0.3291937849885035)
(-1, -0.08460559205198948)
(-1, -0.3879652118899615)
(1, 0.21274707425672423)
(0, 0.057952621541049396)
(0, -0.28587995066568006)
