(1, 0.9973096900634917)
(0, -0.3705805209190331)
(0, 0.2849130594442104)
(0, -0.24150697996412113)
(-1, -0.4558371628036124)
(-1, -0.376432401881028)
(0, -0.1375737100209295)
(-1, -0.48623522882011083)
(0, -0.16341232199779798)
(-1, -0.9717955097540909)
(1, 0.9705640267966454)
(1, 0.9869980429002857)
(-1, -0.7597588207926301)
(1, 0.10814040878640535)
(-1, -0.9940303675275359)
(1, 0.7853645015314927)
(0, 0.42242975555999546)
(-1, -0.8638531617852435)
(-1, -0.7684466005602623)
(1, 0.5964514045320506)
(-1, -0.8746155652071568)
(-1, -0.6892989570637584)
(-1, -0.4642419521484797)
(-1, -0.3453603136225792)
(-1, -0.947869812710082)
(-1, -0.4457856835697951)
(-1, -0.4668960043093252)
(-1, -0.4969709870053386)
(1, 0.8826075937258946)
(-1, -0.5296969703455505)
(0, 0.2561011096347345)
(-1, -0.9982901478046371)
(-1, -0.37823755006003035)
(1, 0.4804663782422822)
(0, -0.11174161797478915)
(-1, -0.37965744882531544)
(1, 0.8344523738942453)
(-1, -0.9980725620886184)
(0, -0.09146821006924322)
(0, -0.1209184655766615)
(0, -0.1312117417179431)
(-1, -0.6166583455159398)
(0, 0.0007037745901305095)
(0, 0.1933723546475624)
(1, 0.6016533931011555)
(0, 0.013459806433950963)
(0, 0.07445948431399427)
(-1, -0.34973341127253876)
(0, 0.21743264096161777)
(1, 0.6044499885392862)
(1, 0.7378639899480479)
(-1, -0.7871759618597597)
(1, 0.6999474014095295)
(0, 0.38570230789132853)
(-1, -0.8844017864924828)
(1, 0.7652005943770441)
(-1, -0.7491085666993794)
(0, 0.0232488530741242)
(0, -0.06487058646176924)
(-1, -0.8756903122753276)
(0, 0.09465278557092678)
(0, -0.10714786602088801)
(0, -0.029127701922644016)
(0, -0.059628009349242006)
(-1, -0.4822897690046475)
(0, 0.15879003807022696)
(1, 0.37880738380096013)
(-1, -0.3235448444423843)
(0, 0.05673717358731524)
(0, -0.03897956253271628)
(1, 0.3062170750246323)
(1, 0.802106472029836)
(-1, -0.11994355898361453)
(1, 0.8920779565666174)
(-1, -0.21022563283608792)
(1, 0.8466242867195533)
(0, 0.039268900262455816)
(0, 0.16033031906579281)
(0, -0.13802995713706906)
(0, -0.01552226231724703)
(1, 0.671629781337278)
(1, 0.9814994340309682)
(0, 0.07714678617830224)
(0, 0.3646251557707324)
(0, -0.01069694824864148)
(0, -0.002906892807717304)
(0, -0.012751005585057117)
(1, 0.04266911689543035)
(1, 0.4904885089639518)
(1, 0.44326084591909076)
(0, 0.11644436883419093)
(1, 0.6200052293904422)
(1, 0.308898692362862)
(-1, -0.9695613903063421)
(-1, -0.4419285260663506)
(0, 0.05303038781844796)
(1, 0.9551555226556779)
(0, 0.20152258728997863)
(1, 0.8669662866804291)
(1, 0.5294467961059547)
(0, -0.18150814525172138)
(0, -0.29886026553574746)
(-1, -0.3117256413049346)
(1, 0.9778152618149798)
(0, 0.06489813376000672)
(1, 0.9998126633530163)
(1, 0.09573298113325424)
(-1, -0.6740029804949539)
(0, -0.2133108481136573)
(1, 0.04000891660282718)
(-1, -0.02838837286962692)
(0, -0.20867132203872632)
(-1, -0.9424307862437503)
(0, -0.20299622668059503)
(-1, -0.6555520868303434)
(1, 0.4320998748689492)
(0, 0.13231804671929565)
(1, 0.8525074372024941)
(0, 0.033471497135548096)
(1, 0.8142041826065408)
(0, -0.31781593215345505)
(1, 0.4334124395674153)
(0, -0.41287132172700314)
(0, 0.00939231689575809)
(0, -0.005282853738845378)
(0, -0.10053248669451548)
(0, -0.03662448026530955)
(-1, -0.8262585730350565)
(-1, -0.9033923882267512)
(-1, -0.7103427286207228)
(0, -0.00021341254303279642)
(0, 0.0573259666728954)
(0, -0.0933117356318246)
(0, 0.006269509624258679)
(1, 0.8618331807104941)
(1, 0.14412802166695665)
(-1, -0.7689726757491474)
(0, -0.0015937036040421153)
(-1, -0.6958910026283195)
(-1, -0.1399647056645385)
(0, 0.08208765091994158)
(0, -0.11032388319016481)
(0, 0.00546843038508439)
(0, -0.08807091200895163)
(0, -0.026510775104205984)
(0, -0.20109649436111504)
(0, -0.0008188945444498885)
(0, -0.059039715390135264)
(0, 0.021787899775263412)
(0, 0.03407621911534814)
(0, -0.1848414741785309)
(0, 0.08715253320787691)
(0, -0.06765460210613114)
(-1, -0.8852535923658675)
(1, 0.44676198080343776)
(-1, -0.7996057418186652)
(-1, -0.6328709019673411)
(-1, -0.8124724165336795)
(1, 0.296728409512438)
(1, 0.7499533132048669)
(1, 0.7862582032703909)
(-1, -0.3667560850236639)
(-1, -0.46363398190428445)
(0, -0.34418020269814054)
(0, -0.1490118882728707)
(0, 0.05841706361644598)
(-1, -0.9850460995512749)
(0, -0.3514235492334225)
(-1, -0.9878003432773682)
(0, 0.11180265593878821)
(-1, -0.8515632296131842)
(-1, -0.48870119728040656)
(-1, -0.8703023362507089)
(0, -0.14558394601519759)
(0, 0.05863746570059686)
(1, 0.15270223604183963)
(-1, -0.06662786760734818)
(-1, -0.9852564688377391)
(0, -0.27699739137886314)
(1, 0.502191423045293)
(0, 0.058058975280854394)
(-1, -0.8799096600684165)
(1, 0.6415762284360095)
(-1, -0.9823059124110202)
(0, -0.052499301057778745)
(1, 0.41375985392495734)
(-1, -0.8609196210053726)
(-1, -0.2881669071401381)
(-1, -0.5154003015594595)
(-1, -0.9367287820528442)
(-1, -0.7888411447782475)
(1, 0.12061026757957416)
(-1, -0.6398727126515169)
(1, 0.9619826523034731)
(-1, -0.9383164498980137)
(-1, -0.00285511811739253)
(-1, -0.8961034532324713)
(-1, -0.4815885458229121)
(-1, -0.4732373333322017)
(0, -0.20381130103726935)
(-1, -0.6737480532124248)
(-1, -0.9558006795253307)
(-1, -0.8158446266091854)
(-1, -0.9514719368569003)
(0, -0.38019020205046544)
(-1, -0.9968962128944824)
(1, 0.7201490477171187)
(-1, -0.9392118990783034)
(-1, -0.9245252605480166)
(-1, -0.65987760618886)
(1, 0.6427869322850065)
(-1, -0.9603365805029133)
(-1, -0.8157731392727076)
(0, -0.020904159747250323)
(1, 0.17072941822709042)
(-1, -0.4969709870053386)
(-1, -0.6880937806992105)
(0, -0.13024328797896417)
(0, -0.019394166009579883)
(0, -0.05853662467498742)
(0, -0.05497921193257793)
(0, -0.14707220706169835)
(0, -0.04128037019824418)
(1, 0.314822825804147)
(0, -0.06765460210613114)
(0, -0.06765460210613114)
(0, -0.06765460210613114)
(0, 0.034310464169712604)
(0, -0.06765460210613114)
(0, -0.06765460210613114)
(0, -0.06765460210613114)
(0, -0.20867132203872632)
(0, -0.06765460210613114)
(0, -0.05151901818432818)
(0, -0.06765460210613114)
(0, -0.06765460210613114)
(0, -0.06765460210613114)
(0, -0.06765460210613114)
(0, 0.034310464169712604)
(0, -0.06765460210613114)
(0, -0.06765460210613114)
(0, -0.06765460210613114)
(0, -0.046353823258384524)
(0, -0.06765460210613114)
(0, -0.1628435274887128)
(1, 0.47077787705823193)
(0, -0.16228238402586564)
(-1, -0.5294006959296289)
(0, -0.12047279112993202)
(0, -0.06765460210613114)
(0, -0.06765460210613114)
(0, 0.034310464169712604)
(0, -0.06765460210613114)
(0, -0.06765460210613114)
(0, -0.20867132203872632)
(0, 0.01589155421612673)
(0, -0.1779408128235845)
(0, -0.06765460210613114)
(0, -0.06765460210613114)
(0, -0.06765460210613114)
(0, -0.06765460210613114)
(0, -0.06765460210613114)
(0, -0.046353823258384524)
(0, -0.06765460210613114)
(0, -0.06765460210613114)
(0, -0.20867132203872632)
(0, -0.11760459041742632)
(0, -0.06765460210613114)
(0, -0.06765460210613114)
(0, 0.12242597184616938)
(0, -0.05151901818432818)
(0, -0.06765460210613114)
(0, -0.20867132203872632)
(0, -0.06765460210613114)
(0, -0.06765460210613114)
(0, -0.06765460210613114)
(0, -0.06765460210613114)
(0, -0.06765460210613114)
(0, -0.06765460210613114)
(0, -0.06765460210613114)
(0, 0.034310464169712604)
(0, -0.06765460210613114)
(0, -0.06765460210613114)
(0, -0.06765460210613114)
(0, -0.20867132203872632)
(0, -0.05151901818432818)
(0, -0.20867132203872632)
(0, 0.032120186163941716)
(0, -0.06765460210613114)
(0, -0.018263638707004565)
(0, -0.20867132203872632)
(0, 0.0956207327547422)
(0, -0.06765460210613114)
(0, -0.06765460210613114)
(0, -0.20867132203872632)
(0, -0.05151901818432818)
(0, -0.06765460210613114)
(1, 0.506395732843085)
(0, -0.34645288485584225)
(0, -0.06765460210613114)
