(0, -0.26635883527595083)
(0, 0.41012178011292794)
(-1, -0.578054247563656)
(0, -0.006869682130158344)
(0, 0.030900066023773196)
(-1, -0.9967036964554833)
(-1, -0.9953265919818849)
(-1, -0.9992959980673481)
(-1, -0.8992788819632185)
(-1, -0.7881080161074204)
(0, -0.23444419278705328)
(1, 0.4471401015540548)
(0, -0.06102609359200017)
(-1, -0.6080234376074507)
(-1, -0.6812333566943701)
(-1, -0.3991971583493642)
(-1, -0.7205340478164656)
(1, 0.0041488532174882575)
(-1, -0.1290602251178849)
(1, 0.6895320145289514)
(0, 0.33833994676986145)
(-1, -0.18899449558407094)
(1, 0.3393279563344958)
(-1, -0.3361759252338045)
(1, 0.2753903298989921)
(-1, -0.3852013947336699)
(-1, -0.8273621455528556)
(-1, -0.43718833962762266)
(-1, -0.0710808021960827)
(0, 0.07483339922905732)
(1, 0.0768588733921145)
(1, 0.2938662731872419)
(-1, -0.9402729628310468)
(-1, -0.6472271949996604)
(-1, -0.9928437070251304)
(-1, -0.8200158207756139)
(-1, -0.8387681976777492)
(-1, -0.5737674072913128)
(1, 0.015074966140120938)
(0, -0.22030976246028094)
(0, -0.17062082511112192)
(0, -0.0026796474904806494)
(-1, -0.32181034903829137)
(-1, -0.007155969149566899)
(1, 0.30972779019031677)
(-1, -0.820430114454646)
(0, -0.015796442568199995)
(-1, -0.44646854504852873)
(-1, -0.993512209131074)
(0, -0.4357042501264913)
(0, 0.3439353313844838)
(0, -0.29844671717622867)
(0, 0.025999226752389692)
(-1, -0.882377674695767)
(1, 0.14425812187487574)
(-1, -0.8047776165413636)
(-1, -0.7465137413278828)
(-1, -0.6937737047793945)
(-1, -0.7688968583307072)
(-1, -0.025104254846509022)
(-1, -0.9337813550556747)
(-1, -0.9920703166436711)
(-1, -0.9033594174915343)
(-1, -0.9167926521333072)
(0, -0.24223213601622257)
(1, 0.6797088917401037)
(-1, -0.006894641215798414)
(-1, -0.13592065578416485)
(-1, -0.0808541021953536)
(-1, -0.999499275510005)
(-1, -0.9446455800745862)
(1, 0.7538992538853846)
(-1, -0.7118943859289528)
(-1, -0.5092778521871564)
(-1, -0.9974359838544437)
(1, 0.12554134766340302)
(1, 0.8308253264918819)
(1, 0.3922468637852552)
(-1, -0.8014720911186027)
(-1, -0.45935847573211724)
(-1, -0.2720774220244251)
(1, 0.4663282096014324)
(1, 0.7065882498708501)
(-1, -0.2654289730264302)
(-1, -0.3556217913588253)
(0, -0.16545856620354432)
(-1, -0.512059735286398)
(1, 0.8650667172591997)
(-1, -0.5808067267129952)
(-1, -0.2844181997591253)
(1, 0.5711373949144093)
(-1, -0.8847819662380658)
(0, -0.4426908851409851)
(0, -0.00901605898487845)
(1, 0.9098509887695839)
(0, -0.06205063947263911)
(1, 0.4389471444885359)
(1, 0.9877603407963562)
(1, 0.43989730236129565)
(1, 0.9499592382535597)
(1, 0.6819057836004081)
(-1, -0.6579677480488455)
(1, 0.5988687203176812)
(-1, -0.5738462555691622)
(-1, -0.8240462912831578)
(0, -0.16209682729384634)
(-1, -0.47936805621090367)
(-1, -0.9989210764818816)
(1, 0.614984525427779)
(-1, -0.8670058027404632)
(0, 0.3669476690299188)
(-1, -0.4808791552103629)
(-1, -0.07225276075734)
(-1, -0.977949834515907)
(1, 0.46077543780672947)
(0, -0.11266682484735993)
(1, 0.10188187482193178)
(-1, -0.9986397732074801)
(-1, -0.8863069894421307)
(-1, -0.6008852079218706)
(-1, -0.9304036170025795)
(-1, -0.9496453466389249)
(-1, -0.5306367084705316)
(0, -0.1372323729735407)
(-1, -0.9825414110927516)
(-1, -0.9601027714375144)
(-1, -0.9469351251679845)
(-1, -0.577134048471506)
(0, -0.07625273514436567)
(1, 0.7929100230566772)
(-1, -0.49914459853437493)
(1, 0.5957363031570525)
(-1, -0.9559365033790582)
(0, -0.1047952881316818)
(-1, -0.5898101079090178)
(0, -0.07385939776851493)
(-1, -0.43657073698032867)
(-1, -0.4682136105703666)
(0, 0.020716418770606412)
(-1, -0.8069946768769529)
(-1, -0.010429449866698193)
(-1, -0.9472457803709441)
(-1, -0.8529106570828301)
(0, 0.015994718004600617)
(-1, -0.9537541454388331)
(0, -0.04587954503568953)
(1, 0.5266208829067821)
(1, 0.5265394333894422)
(1, 0.4044378542288386)
(1, 0.8424410718632266)
(0, -0.13447189747334337)
(-1, -0.9450544259039151)
(1, 0.422186973563932)
(-1, -0.37093460286303465)
(0, -0.06724042621918767)
(0, -0.3729414348857777)
(-1, -0.9360459711116491)
(1, 0.6062801357568375)
(1, 0.47387118713814746)
(1, 0.204536954818591)
(-1, -0.8448196340966648)
(-1, -0.7673417194789567)
(-1, -0.8040528227484196)
(-1, -0.1459126144688131)
(0, 0.14892942917435642)
(1, 0.8362365516953524)
(-1, -0.9021076669517756)
(1, 0.17389127303521507)
(-1, -0.1420405019842077)
(0, -0.10631861124452319)
(0, 0.024190925106521627)
(0, 0.0377236492314392)
(0, -0.14053287227086492)
(-1, -0.9716329779253241)
(0, -0.13638474490676317)
(0, -0.04997167782582703)
(0, -0.06225619402143708)
(1, 0.5384997886322244)
(0, -0.07959866983263042)
(0, -0.03750766223505919)
(0, -0.04127684452339726)
(0, -0.03621756445053509)
(0, -0.16568461285896546)
(-1, -0.03914891833553219)
(0, 0.022175988298212913)
(0, 0.10719522848511154)
(0, -0.02220977445015313)
(0, -0.005995408372644936)
(0, 0.02338420811750054)
(0, 0.17162119395485087)
(0, -0.012283499863515804)
(0, -0.12512788487509596)
(0, -0.046208155279439556)
(0, -0.1830151490017098)
(-1, -0.2709291235610837)
(1, 0.5999715360898257)
(-1, -0.3767846303554475)
(0, -0.059476169222996714)
(-1, -0.3208977870557196)
(0, -0.03977837717494375)
(1, 0.9553002694515426)
(1, 0.9709657186585849)
(1, 0.09095871807756611)
(0, -0.03204715999155644)
(0, 0.12761996778585852)
(0, -0.09571618745397087)
(0, 0.022913242354024976)
(1, 0.8591794891627086)
(-1, -0.7753525578085245)
(1, 0.4486416774558374)
(0, 0.0004585008012566484)
(1, 0.4486416774558374)
(0, 0.04301394167989436)
(0, 0.34790735829457503)
(1, 0.42670422973305133)
(0, -0.05488000202572196)
(1, 0.0603331120891607)
(1, 0.29002770212326895)
(0, -0.044018870261906054)
(-1, -0.578054247563656)
(1, 0.9238830005413494)
(-1, -0.29339527662666376)
(1, 0.7661056845571149)
(1, 0.4320656448132568)
(1, 0.9902142685712754)
(1, 0.918923886137195)
(1, 0.7907541913308116)
(1, 0.5088476323593659)
(1, 0.8041951292644554)
(-1, -0.4180403430198793)
(0, 0.2532681637886943)
(0, 0.41316316461965236)
(0, 0.007920916128521187)
(0, -0.035411670345399285)
(0, 0.006394648374456956)
(0, -0.0943602918989732)
(0, -0.06656986213754837)
(0, -0.00471948792350479)
(0, 0.055836491988042455)
(0, 0.34541782539397614)
(0, 0.11528808554118)
(1, 0.44714515988288817)
(0, 0.08117805578121275)
(1, 0.6201318581726891)
(0, 0.2805454138967996)
(0, 0.12317219949494651)
(-1, -0.26921000594335676)
(1, 0.4937580976193406)
(0, -0.0736594443865442)
(-1, -0.6489710293997698)
(1, 0.6144826971744801)
(-1, -0.8933839351912227)
(-1, -0.6403276957752793)
(-1, -0.9977544855401231)
(1, 0.8402038929808433)
(-1, -0.8410175521658125)
(-1, -0.5513103939520422)
(0, 0.07532388032384604)
(-1, -0.6609215531504942)
(-1, -0.17057574456579333)
(-1, -0.931737157449628)
(0, -0.03551996386487181)
(0, 0.013953078123166818)
(0, -0.24438512373876897)
(1, 0.9838069372452992)
(-1, -0.2542230490991729)
(0, 0.0010928396289231817)
(-1, -0.977067410584861)
(-1, -0.015783517540809033)
(-1, -0.5533760052706633)
(0, 0.06723367205291)
(0, 0.23727214886628042)
(0, 0.12741649664095142)
(1, 0.3570532908061019)
(-1, -0.6926028533625529)
(0, 0.2728839008799201)
(0, -0.10764742146742354)
(-1, -0.6664913166750577)
(1, 0.9848205612272419)
(0, 0.02266749642502859)
(0, -0.4061712195362027)
(-1, -0.4508464209448275)
(0, 0.02938628733078668)
(-1, -0.29446089094982386)
(-1, -0.9956353648000327)
(-1, -0.2132719333051964)
(0, -0.03175127171418421)
(1, 0.5039167381010553)
(-1, -0.882588832128461)
(-1, -0.40946701718602974)
(1, 0.44919849139344253)
(-1, -0.5611413635618001)
(0, -0.4295479980401061)
(-1, -0.32699212493056823)
(1, 0.9807131633444132)
(-1, -0.30977707012372047)
(1, 0.8772985916702463)
(0, -0.10641868585637504)
(1, 0.1280425598229492)
(0, -0.027343994673619462)
(0, -0.1817649565219434)
(0, -0.16143886672341717)
(-1, -0.8957459502905163)
(0, -0.31777140430791695)
(-1, -0.500935439109585)
(-1, -0.6918320667545518)
(-1, -0.9727267588419193)
(1, 0.38665369604311767)
(-1, -0.9927389930924873)
(0, -0.07578892557959005)
(0, -0.06733798991369094)
(1, 0.5353519874084013)
(0, -0.1889354703564765)
(-1, -0.47966969091845757)
(1, 0.7199628027667839)
(-1, -0.8248252004074682)
(0, 0.26790113494074774)
(0, -0.06141731203181782)
(0, -0.3124595160384826)
(-1, -0.9329872187653121)
(-1, -0.05869872320361691)
(1, 0.5271681792289545)
(0, -0.022712193909936007)
(-1, -0.8511760724182011)
(1, 0.32482657273524446)
(1, 0.9412437152556655)
(-1, -0.9872314299994746)
(-1, -0.5101735561427401)
(1, 0.49257191594160377)
(-1, -0.3865311332812048)
(1, 0.32337601470050653)
(0, -0.02535114617984996)
(-1, -0.11750610307530429)
(-1, -0.6475160303348289)
(0, -0.05336252693573504)
(-1, -0.0752278690552245)
(0, -0.236185970261221)
(-1, -0.31478998155133686)
(-1, -0.5713579602938951)
(0, -0.004954440458533771)
(1, 0.410887220318458)
(-1, -0.3878202243695209)
(-1, -0.6743306091341289)
(1, 0.5397509781632877)
(-1, -0.4149317293849878)
(1, 0.7421880095068596)
(-1, -0.24875755898588708)
(-1, -0.9084031339719084)
(0, 0.2973815411796135)
(0, 0.3303755115606886)
(-1, -0.6394172847554768)
(0, 0.10653815220051725)
(0, -0.014779399697284763)
(0, -0.14546357607295898)
(0, -0.03155322567516061)
(0, -0.35241188879338714)
(-1, -0.7992610548050719)
(-1, -0.28849106840690986)
(0, 0.016652486408625985)
(0, 0.33882902697726425)
(1, 0.6605932764571326)
(0, -0.027351731424701965)
(0, -0.049242830917870836)
(0, -0.15810711351704881)
(0, -0.06498106414609248)
(0, -0.031050304470188403)
(0, -0.038989928806246424)
(0, -0.05624920976183406)
(1, 0.5078196836367377)
(0, 0.11957260467612112)
(0, -0.4595953430819165)
(-1, -0.5810606915521377)
(1, 0.4167564915020512)
(-1, -0.678795917324523)
(-1, -0.4951687392242441)
(-1, -0.8049186944524325)
(0, -0.05708846321433597)
(-1, -0.7864173922036539)
(-1, -0.6156347860576371)
(-1, -0.912886115039687)
(-1, -0.6441825327723164)
(0, 0.27988092866564585)
(0, -0.032870273097287406)
(1, 0.15139321769568959)
(0, -0.0437902321753693)
(1, 0.3325332312093674)
(1, 0.3029724036514485)
(0, -0.013543397584165812)
(-1, -0.9101312004301416)
(-1, -0.1053459594953508)
(-1, -0.11237393215372576)
(0, -0.08279539621394069)
(1, 0.6005370087168789)
(-1, -0.9972421819078265)
(-1, -0.9832989201596939)
(0, -0.015117106805331255)
(-1, -0.9294924144455556)
(-1, -0.28813477841373303)
(0, -0.3873587952552283)
(-1, -0.9798577351583065)
(1, 0.6629747951077055)
(-1, -0.7843572935240735)
(-1, -0.7634362747419486)
(0, -0.00346432856367368)
(-1, -0.5924799380492778)
(1, 0.3829233783572495)
(1, 0.5562911923448244)
(-1, -0.9189772608088937)
(1, 0.12952073250411444)
(1, 0.7849502732310132)
(1, 0.7239670512705967)
(-1, -0.4897612399102916)
(-1, -0.6156752762024579)
(-1, -0.7437555926999935)
(-1, -0.17725080763636358)
(-1, -0.560976697921987)
(-1, -0.9434370980277265)
(-1, -0.03153980541751111)
(1, 0.762628729013557)
(-1, -0.8750191118310675)
(-1, -0.8263212442446193)
(-1, -0.7838392352982875)
(0, 0.10533070407200618)
(-1, -0.013914452556341439)
(-1, -0.9964886754080416)
(-1, -0.2860180470970592)
(-1, -0.9726058380286291)
(-1, -0.30056045017004585)
(-1, -0.5679567765763835)
(-1, -0.9800925316814482)
(-1, -0.44655466968784274)
(-1, -0.44984654189209833)
(0, -0.031090065363393204)
(-1, -0.7840056090179388)
(-1, -0.9782843747211264)
(-1, -0.9944576009702013)
(0, -0.38705611354664177)
(0, 0.13985514414216954)
(1, 0.9099945898074945)
(-1, -0.9742044937671626)
(-1, -0.9770029266891512)
(-1, -0.2491936395430116)
(-1, -0.9757612590548196)
(0, 0.02526928412162216)
(-1, -0.9834338374068633)
(0, -0.09844381354399667)
(-1, -0.7782364317961333)
(0, -0.030422781750177055)
(0, -0.10637572250920625)
(0, -0.05621135278439419)
(0, 0.07211250197206907)
(-1, -0.7002503097975923)
(0, -0.14547751198088021)
(1, 0.03406052182542635)
(-1, -0.8771279392214717)
(1, 0.7709317841920764)
(-1, -0.9024123703483515)
(-1, -0.4577805312588914)
(0, -0.04810314580756034)
(-1, -0.8213977036545844)
(-1, -0.4992326614824518)
(-1, -0.12399091606302959)
(0, -0.2003597562098901)
(1, 0.3401085651014381)
(0, -0.1907767350630295)
(-1, -0.8250427376897533)
(-1, -0.6035568166316945)
(1, 0.17491146489712)
(1, 0.9330678143400433)
(1, 0.5984120809988611)
(-1, -0.9711250944778912)
(0, -0.23318231224966487)
(0, -0.17716649010735008)
(-1, -0.4482040028310659)
(0, -0.017317157217640693)
(1, 0.9678257403941581)
(1, 0.6914948326832038)
(-1, -0.3904423778850436)
(0, -0.061615286543704656)
(-1, -0.7085667845810449)
(0, 0.0649381764848953)
(1, 0.37681043504792056)
(-1, -0.8228381922364253)
(-1, -0.6068560064150401)
(0, -0.05402101635855375)
(-1, -0.3358351170096838)
(-1, -0.5973151512384222)
(-1, -0.306763084739291)
(-1, -0.5049763916434431)
(0, 0.006510809842616858)
(-1, -0.8990839347172528)
(-1, -0.826395202794986)
(0, -0.07555592503917005)
(0, 0.03194530865578966)
(-1, -0.4648279318161052)
(-1, -0.7471799238849944)
(-1, -0.836267779956435)
(1, 0.46614031297413766)
(-1, -0.42660149527524655)
(-1, -0.7966834917717222)
(-1, -0.5469017788352959)
(0, 0.018457274653004556)
(-1, -0.696821189870323)
(-1, -0.9238565111113382)
(-1, -0.5058598558008784)
(1, 0.46222934858468573)
(1, 0.7985711791889534)
(-1, -0.3663209151080195)
(0, -0.02490101929178775)
(0, 0.08615772446059822)
(1, 0.5171121579723661)
(0, 0.030281800613096876)
(-1, -0.546123386045881)
(0, 0.09002031955959053)
(-1, -0.9740023370072326)
(-1, -0.5001031547067333)
(0, 0.00950699436478937)
(-1, -0.1368337504166266)
(-1, -0.32121466836704804)
(0, -0.1176430125027378)
(0, -0.16848786070239452)
(0, -0.1959851770102528)
(-1, -0.48793361276370256)
(-1, -0.8053804976228576)
(-1, -0.8945912165395389)
(0, 0.2665410350769308)
(0, -0.2328436653161917)
(1, 0.03363217012233932)
(0, 0.0755321262821425)
(0, -0.19942067797964635)
(0, -0.036418929902820994)
(1, 0.036489497365942036)
(-1, -0.816394683284877)
(-1, -0.12662727679521685)
(-1, -0.40824715724959926)
(0, -0.0817023939918407)
(1, 0.33226586956974563)
(0, -0.1151662860224689)
(1, 0.9928484188739463)
(0, 0.22184007129786953)
(0, 0.0022300728394312186)
(0, 0.005844654712580957)
(0, -0.20718986256394964)
(1, 0.14864395211561804)
(-1, -0.5887455756377292)
(-1, -0.47429829565744913)
(-1, -0.7645634722643921)
(0, -0.04608737094678785)
(-1, -0.19665342726780205)
(-1, -0.9069853356390701)
(-1, -0.10072462251888648)
(-1, -0.057622860748467564)
(0, -0.16021792747231872)
(-1, -0.3103438614444723)
(-1, -0.9719006972463653)
(-1, -0.7205198783741725)
(-1, -0.9736939868709681)
(-1, -0.9998968573181539)
(-1, -0.9008404831733758)
(1, 0.6382744150599846)
(1, 0.49155897469354365)
(1, 0.3028402590843325)
(1, 0.7615563406553981)
(-1, -0.13465136604589723)
(1, 0.3691366324829692)
(-1, -0.5416113666468996)
(-1, -0.9998760473474534)
(-1, -0.5124233101077876)
(0, 0.3476683980542154)
(1, 0.8919786803255896)
(-1, -0.944494136977544)
(-1, -0.6023343519770817)
(0, -0.007148368141406569)
(1, 0.6158649148685021)
(-1, -0.49744272746919876)
(0, -0.24654835058739707)
(-1, -0.690630658620424)
(1, 0.7516847020442355)
(0, 0.03012594964457771)
(-1, -0.718603115103848)
(-1, -0.3089477193293789)
(1, 0.1131562481617987)
(0, -0.027720539244958986)
(-1, -0.6442145350358001)
(0, 0.10384169074466662)
(0, -0.1324519351507104)
(0, 0.03169522022982185)
(0, -0.10508584282766038)
(1, 0.6507945263657049)
(1, 0.6250669960694359)
(-1, -0.9497010603621459)
(-1, -0.3087266390955732)
(0, -0.09445567576649763)
(-1, -0.03682673697404726)
(1, 0.4201970908746834)
(1, 0.5861834453029503)
(1, 0.09702906687263158)
(-1, -0.8131966193272054)
(1, 0.7693124005538498)
(-1, -0.02722127232500754)
(1, 0.5360127429214182)
(0, -0.17976054529306004)
(-1, -0.23323129046159857)
(1, 0.15778828783806215)
(-1, -0.6984474008057014)
(-1, -0.844575238926141)
(0, -0.0815527410022746)
(1, 0.9633109687667573)
(0, -0.17783667991809582)
(-1, -0.3285069943944799)
(0, 0.29329361976180063)
(-1, -0.15293704503539718)
(0, -0.05341671063773748)
(-1, -0.8665183687567882)
(1, 0.09457541097322664)
(-1, -0.38804361115905506)
(1, 0.016408090435600264)
(0, 0.132084991641878)
(-1, -0.1993677556665407)
(-1, -0.678282272178624)
(0, 0.05192184907397328)
(1, 0.04488502505085867)
(-1, -0.8351002890921262)
(1, 0.961710220059743)
(0, -0.3175817404884312)
(-1, -0.9464123924287505)
(-1, -0.9850789879635122)
(-1, -0.49552429803269293)
(-1, -0.6877777028599489)
(0, 0.04043711255882666)
(0, -0.00429385735541965)
(-1, -0.87807996115886)
(0, 0.10954690935374159)
(-1, -0.9789660157197466)
(-1, -0.490574638153387)
(1, 0.31967683182636014)
(1, 0.9810806095023396)
(-1, -0.8803018654168916)
(-1, -0.23638758114033448)
(-1, -0.7560586212186504)
(1, 0.08564985104339273)
(-1, -0.9577784660697843)
(1, 0.10659908520483663)
(-1, -0.2609295254955834)
(-1, -0.5225684682002004)
(0, -0.09502162751022364)
(0, -0.03726012020123272)
(0, 0.33334141824046115)
(1, 0.027506762578763944)
(0, 0.07888544336486855)
(0, -0.2102890242313303)
(-1, -0.9631143958004473)
(-1, -0.5475742511317633)
(0, -0.11029126766756783)
(-1, -0.5681182308969432)
(1, 0.26120549053457176)
(-1, -0.9730260658419299)
(0, -0.12084093604258671)
(0, -0.06606031570292197)
(0, -0.10100639430065872)
(0, 0.16981632414065398)
(0, -0.36106743172254996)
(0, -0.11957160634541972)
(0, -0.05602640750156185)
(0, 0.05423001014077969)
(-1, -0.2801006294962186)
(-1, -0.5516026410109718)
(0, 0.30649543557186654)
(0, -0.03228521859607103)
(0, -0.14672319406070877)
(0, -0.12084093604258671)
(0, -0.06606031570292197)
(0, -0.10100639430065872)
(0, 0.16981632414065398)
(0, -0.36106743172254996)
(0, -0.11957160634541972)
(0, -0.05602640750156185)
(0, 0.05423001014077969)
(-1, -0.2801006294962186)
(-1, -0.5516026410109718)
(0, 0.30649543557186654)
(0, -0.03228521859607103)
(1, 0.06353656443017114)
(1, 0.03235511325241375)
(1, 0.18490524549652254)
(0, 0.19548053744913774)
(-1, -0.5002251472739634)
(1, 0.4534690165511262)
(1, 0.1395609943679363)
(0, 0.0347397371000424)
(0, 0.021162224490155396)
(-1, -0.9618747933548097)
(-1, -0.22633519161146437)
(-1, -0.8785420161543509)
(0, -0.3196691586847141)
(0, -0.02967058132295708)
(-1, -0.577011765057865)
(-1, -0.45039671825402927)
(-1, -0.38241126803006703)
(0, -0.12817878765521865)
(0, -0.1570957802741107)
(-1, -0.9988945520973422)
(-1, -0.9988485464143831)
(-1, -0.9740040573599581)
(-1, -0.9261160097307868)
(0, -0.2789701725249323)
(-1, -0.2513263740432886)
(-1, -0.7924514252706322)
(-1, -0.6892053352106424)
(-1, -0.7137480660427065)
(0, 0.1501055763586249)
(0, -0.2135855139456378)
(0, 0.07558741776872367)
(1, 0.6354857024628673)
(0, -0.08787069269498858)
(1, 0.726047942885024)
(-1, -0.11452485452131023)
(1, 0.6205678185129955)
(0, -0.1366445279207712)
(0, -0.3141912721177461)
(0, -0.2683473941148857)
(0, -0.03944076712297445)
(-1, -0.527699658297284)
(-1, -0.6795650774924407)
(-1, -0.974857126268648)
(-1, -0.8390535345443991)
(1, 0.7165775270260808)
(-1, -0.9346417603554354)
(1, 0.05461106915538316)
(-1, -0.47406013011325676)
(1, 0.9934638669386417)
(1, 0.3480714567294092)
(-1, -0.8093232809959705)
(1, 0.6959194911368212)
(-1, -0.9991400660540414)
(1, 0.7751320890548342)
(1, 0.651143710567642)
(-1, -0.42065482180223945)
(-1, -0.051823655805631696)
(-1, -0.8691736819862389)
(-1, -0.8552428945545908)
(-1, -0.6041989649774756)
(-1, -0.11348463672278308)
(-1, -0.9720777225648723)
(1, 0.33194640583515367)
(-1, -0.8954304030341824)
(-1, -0.9994799012536417)
(-1, -0.6589077415139508)
(-1, -0.9215077677350497)
(-1, -0.8498869768108195)
(-1, -0.6381740283062121)
(-1, -0.9216743999908236)
(-1, -0.41066470784112086)
(0, -0.056380861815897784)
(-1, -0.9814416364525566)
(1, 0.03589250283687545)
(1, 0.8226367479981788)
(0, 0.04359463254728693)
(1, 0.5674219223618293)
(0, -0.06790678127474944)
(-1, -0.998972261162392)
(1, 0.5780009159236479)
(-1, -0.8356608451472627)
(-1, -0.9905525672142803)
(-1, -0.15129659875707407)
(1, 0.5784472275851387)
(1, 0.6195929098355488)
(-1, -0.9787795688052745)
(0, -0.17255244537092834)
(-1, -0.16753651226539124)
(1, 0.4760557144790192)
(1, 0.5749732252771851)
(0, 0.015420207296741095)
(-1, -0.5686963988674756)
(-1, -0.5176865029796961)
(-1, -0.38551163455764936)
(-1, -0.036420311163566976)
(0, 0.04740816935946035)
(-1, -0.31153033831049043)
(0, -0.025641480967086266)
(-1, -0.17634739550642414)
(-1, -0.902330785730294)
(0, 0.20302973290877438)
(-1, -0.8738770553171094)
(1, 0.8529247390950863)
(-1, -0.9983726879633378)
(1, 0.6116161976104328)
(0, -0.15771472915259377)
(1, 0.6934161073437182)
(0, -0.026271041994512048)
(0, 0.29242290531618587)
(-1, -0.43531050809635974)
(-1, -0.6306928165537391)
(-1, -0.9792642765324039)
(0, -0.0790401241782612)
(-1, -0.7441729261150758)
(-1, -0.7968838345395045)
(1, 0.34607440651095955)
(1, 0.6775061837644762)
(1, 0.6167058503351207)
(1, 0.2681978245231816)
(-1, -0.6601075425280589)
(1, 0.7338585383074825)
(1, 0.4930387083385626)
(0, -0.032836776596592204)
(1, 0.9278376529978363)
(-1, -0.9911778025502089)
(-1, -0.6921327745077823)
(-1, -0.8422177558188532)
(-1, -0.9930211344878199)
(0, -0.10702150900087962)
(1, 0.650902801712117)
(0, -0.241758848802659)
(-1, -0.9984313092267906)
(-1, -0.771098704973828)
(1, 0.5322597581071634)
(1, 0.38601460177072233)
(1, 0.6061784936258463)
(-1, -0.3201851505465945)
(-1, -0.5285689303724228)
(-1, -0.37116285284404893)
(1, 0.5579128980289838)
(-1, -0.45170291112805977)
(-1, -0.5806505512781912)
(1, 0.42806602279978284)
(0, 0.2323783495871951)
(-1, -0.36169461121015845)
(0, -0.2623759856954314)
(-1, -0.5691272670371879)
(-1, -0.9884354688775217)
(-1, -0.7846543130759224)
(-1, -0.36424405163881746)
(-1, -0.24834835810005657)
(1, 0.40907253467965793)
(1, 0.5533826727118921)
(0, -0.01755215575970917)
(-1, -0.12163642832908111)
(-1, -0.7362773263796027)
(0, 0.012727111309800754)
(0, 0.13929514934548018)
(-1, -0.48848985112322885)
(1, 0.8170684010309565)
(1, 0.7543931183451664)
(1, 0.1834399339727138)
(1, 0.9809369440867599)
(-1, -0.3632036471535846)
(0, -0.14262125448979032)
(0, -0.322139736791721)
(-1, -0.0317648666544354)
(-1, -0.9965137070430508)
(-1, -0.3741282946926606)
(0, 0.02657452664169782)
(0, -0.2918250678802554)
(-1, -0.9996018548201836)
(0, -0.1529737834574027)
(-1, -0.4894556627373735)
(-1, -0.8301814040315589)
(-1, -0.9994215171353188)
(-1, -0.5716549701331699)
(-1, -0.9881218846488916)
(-1, -0.6930832998195725)
(-1, -0.3389515832302057)
(-1, -0.9901386308453077)
(-1, -0.6931275370088721)
(1, 0.491378318137184)
(1, 0.9929115034541067)
(0, -0.21649571408659798)
(1, 0.6499067565057022)
(0, -0.4230233449549658)
(-1, -0.25555324517235767)
(1, 0.4219926903281781)
(-1, -0.8563753220454434)
(-1, -0.8732664021864901)
(1, 0.8575875057628825)
(-1, -0.14202821092382073)
(-1, -0.6141176072535828)
(1, 0.15896676116126063)
(0, 0.03684461157077423)
(-1, -0.4071795783185193)
(1, 0.579778849953088)
(-1, -0.7952978785791017)
(0, 0.00011636382273201573)
(-1, -0.9952271482770558)
(-1, -0.644048205111267)
(1, 0.6619266831478638)
(-1, -0.47576951048923743)
(-1, -0.8404626204279743)
(-1, -0.09687851034670836)
(-1, -0.47958647924472053)
(-1, -0.41962516560620244)
(1, 0.7050803574175771)
(-1, -0.9617668491411339)
(-1, -0.3264230171581546)
(0, -0.04996307334253876)
(0, -0.34953360438346126)
(1, 0.14217478748454648)
(1, 0.7660853215380523)
(-1, -0.5903300462512728)
(1, 0.7086895796675277)
(1, 0.03869509373441232)
(1, 0.5904382769281773)
(-1, -0.8832496963652811)
(0, 0.08366706879648793)
(-1, -0.9982903829051467)
(0, -0.10180167646571545)
(-1, -0.10398517861436612)
(1, 0.8391763938581493)
(-1, -0.7455679288838599)
(1, 0.06146153449161468)
(-1, -0.6432082352437716)
(-1, -0.9930757127511007)
(0, -0.21774702347397584)
(-1, -0.7572445041804169)
(-1, -0.9853335686387201)
(-1, -0.9874887179517786)
(1, 0.3542811658159586)
(-1, -0.3275192086989021)
(-1, -0.4221929959080116)
(1, 0.07097774601117196)
(-1, -0.3326391989639144)
(0, 0.023987544981629416)
(1, 0.44528614110521914)
(1, 0.9817570612202191)
(-1, -0.40423071501469615)
(1, 0.18979877179088722)
(1, 0.4641719715658863)
(1, 0.7027006935303971)
(-1, -0.6671914171354174)
(-1, -0.7243063902352441)
(-1, -0.4571348768819786)
(0, -0.05467518492209175)
(0, -0.0002706038290578444)
(-1, -0.5394128847087198)
(0, -0.01928145233894507)
(-1, -0.08945800683624389)
(0, 0.3213385440579705)
(1, 0.5074826732256489)
(0, -0.17115296129231977)
(1, 0.5507882390087024)
(-1, -0.7180934646520339)
(0, -0.06868357300868508)
(-1, -0.8077887175212423)
(0, -0.24912434010107068)
(-1, -0.20259016604682517)
(-1, -0.6827351261833936)
(-1, -0.27433056016824897)
(-1, -0.36824694485720993)
(1, 0.6380041652519971)
(-1, -0.877401169094193)
(1, 0.1364989999258085)
(-1, -0.5346094516961776)
(0, -0.1367857609033877)
(0, -0.13368750398155155)
(-1, -0.07327973392849907)
(-1, -0.6020346667018661)
(1, 0.8252208220769907)
(-1, -0.45287698740072746)
(-1, -0.97006982883853)
(-1, -0.7237208285327936)
(0, -0.01829421012233161)
(1, 0.38315695629521074)
(1, 0.502541317048037)
(1, 0.19764523832896913)
(-1, -0.36556708003429217)
(0, -0.1384569397209368)
(-1, -0.5569200113761152)
(0, -0.17718575613091958)
(0, -0.01464324506799744)
(1, 0.752537670099335)
(1, 0.4199153499755331)
(0, -0.027924497161333925)
(1, 0.05052496601772388)
(1, 0.9493943675464609)
(0, 0.06507913382131353)
(0, 0.2548030137237163)
(0, 0.0048419123115458484)
(1, 0.8874597377785054)
(-1, -0.49473330139689947)
(1, 0.20919793981042356)
(1, 0.9389565373681896)
(1, 0.9724745830630102)
(0, -0.039088398090060206)
(0, -0.061545149797344816)
(0, -0.017623343984513803)
(0, -0.017529950102206333)
(-1, -0.1188800229943941)
(0, -0.019576417237100102)
(0, -0.0028273936106390646)
(0, 0.06086773257402121)
(1, 0.31136721678768225)
(0, 0.00010465005691017402)
(0, -0.004140281894121158)
(0, -0.013837055141362332)
(0, -0.28469287899089285)
(0, -0.09637194390604528)
(0, 0.385371814647071)
(0, -0.011942311998451506)
(0, 0.10082667927455644)
(-1, -0.4894043771451291)
(0, 0.25477905037747944)
(0, -0.124917886462232)
(0, 0.009756550958896187)
(0, -0.3415338553969598)
(0, 0.04285225705445034)
(1, 0.2626177749619164)
(0, -0.04452281031616098)
(0, 0.12820850599623185)
(1, 0.5949793383907483)
(-1, -0.9705860976559703)
(0, 0.05333317588868827)
(0, 0.004405724687431667)
(0, 0.0032676459292421897)
(0, -0.01735394678745525)
(0, 0.004591885454812303)
(0, -0.06765460210613114)
(0, 0.024763821732742344)
(0, -0.04238406919659461)
(0, -0.0127030199949269)
(0, -0.0809481218215772)
(-1, -0.5668030411119412)
(0, 0.014751435297974763)
(0, 0.07554149047017242)
(-1, -0.6955585340734244)
(0, -0.0127030199949269)
(0, -0.136898734312129)
(0, 0.00043941470421850204)
(0, -0.01735394678745525)
(0, 0.0007082412194355653)
(-1, -0.736984560530935)
(0, -0.0127030199949269)
(0, -0.03409447704733082)
(0, -0.042389696100105886)
(0, -0.3752806522510594)
(0, -0.00999780040051143)
(1, 0.4799653631466225)
(0, -0.06765460210613114)
(0, -0.06765460210613114)
(0, -0.23648781693097404)
(0, -0.05074015758438155)
(0, -0.06765460210613114)
(-1, -0.6471840130851088)
(0, -0.05074015758438155)
(0, -0.14292354585995137)
(0, -0.05663632871918198)
(0, 0.09009467745530547)
(0, -0.04691008168648335)
(0, -0.08975492007743419)
(1, 0.029728530386764818)
(0, -0.06765460210613114)
(0, -0.1209184655766615)
(0, -0.019394166009579883)
(-1, -0.48554405931745137)
(0, -0.22858553994626224)
(0, 0.017706738199481514)
(0, 0.0253343051106511)
(0, -0.17323004358383787)
(0, -0.029354815095713055)
(0, -0.16044319621503386)
(0, -0.001195936574060058)
(0, -0.26165985848964046)
(0, -0.16742486113047717)
(0, 0.017706738199481514)
(1, 0.012534651436307942)
(0, -0.17386813094351072)
(0, 0.21976563245375014)
(-1, -0.5085530037519304)
(0, 0.10393202908026983)
(0, -0.08251729939250788)
(0, -0.0031741158512682555)
(0, 0.043094315704230474)
(0, 0.01739769367981492)
(0, 0.03407737136243211)
(0, 0.01975013550502458)
(0, 0.07471971550017914)
(0, -0.08488997236045101)
(1, 0.6271859860182526)
(0, -0.023977731544345043)
(0, 0.009719269969713756)
(0, -0.1559841105426254)
(0, -0.12616500684123616)
(0, -0.18457623410084034)
(1, 0.4349977798883622)
(0, -0.033144030735240776)
(-1, -0.6559436959459365)
(0, -0.14154504079023916)
(1, 0.2606742377106943)
(0, -0.03063990823327374)
(0, -0.07216248540547554)
(0, 0.05877330737009627)
(0, -0.03212962928047473)
(0, -0.013412950815835267)
(1, 0.5526869042127261)
(-1, -0.4520381103323964)
(-1, -0.37266195487682485)
(1, 0.7804975842080679)
(0, 0.0334073211663157)
(0, -0.08601085159548583)
(-1, -0.2330546434563129)
(0, 0.046493886502609716)
(0, 0.08168584743449045)
(0, 0.09196456182780965)
(0, -0.23366001576286688)
(0, 0.02024610241700087)
(0, -0.20867132203872632)
(0, 0.1134478431251682)
(0, -0.06765460210613114)
(0, -0.054829562551769545)
(0, -0.06765460210613114)
(0, -0.06765460210613114)
(0, -0.06765460210613114)
(0, 0.1395615100737207)
(0, -0.28572596009388135)
(0, -0.06765460210613114)
(1, 0.3792503496660041)
(0, -0.012767320364233226)
(0, -0.06765460210613114)
(0, 0.007624989183941749)
(0, -0.09231068632382895)
(0, -0.06765460210613114)
(0, -0.14638167596500654)
(0, -0.28572596009388135)
(0, -0.06765460210613114)
(0, -0.010959620303463674)
(-1, -0.4319182300111064)
(0, -0.10802766323819087)
(1, 0.675635794031875)
(0, 0.002656120830818877)
(0, -0.06073557492679839)
(0, 0.11656113400120005)
(0, -0.04944382256145412)
(0, 0.15225051916788887)
(0, -0.15169378434689437)
(0, -0.13811339330053168)
(0, -0.06765460210613114)
(0, 0.4165565854636572)
(0, -0.026744645958007254)
(0, -0.06765460210613114)
(-1, -0.3659871023795795)
(0, -0.0022190423472784604)
(0, -0.14188637441095936)
(0, 0.43555883236161164)
(0, -0.20491411116939331)
(0, -0.18157920778907977)
(0, -0.14495695873951397)
(0, -0.06765460210613114)
(0, -0.20867132203872632)
(0, -0.06594462779847343)
(0, -0.06765460210613114)
(0, -0.06765460210613114)
(0, -0.20867132203872632)
(0, -0.020834749702243735)
(0, -0.06765460210613114)
(0, -0.07415176302996256)
(0, -0.0687520374669651)
(0, -0.06765460210613114)
(0, -0.1681817704559071)
(0, -0.07305740217361592)
(0, -0.05709981625641963)
(1, 0.21506224813110822)
(0, 0.09196456182780965)
(0, -0.24866012345972283)
(-1, -0.566288450265987)
(0, -0.0803953628618383)
(0, -0.20867132203872632)
(1, 0.33272528554093417)
(0, -0.20867132203872632)
(0, 0.16338084679988343)
(-1, -0.9053488679991861)
(0, -0.1551423740845998)
(0, -0.14324565538856726)
(0, -0.11585186243086648)
(0, -0.06765460210613114)
(0, -0.06765460210613114)
(0, -0.06765460210613114)
(-1, -0.310743013048453)
(0, 0.034077648743658095)
(0, -0.14324565538856726)
(0, -0.14025289941245056)
(0, -0.05175211691241381)
(0, -0.0687520374669651)
(0, -0.06765460210613114)
(0, -0.15967186122193022)
(0, -0.1698846290637089)
(0, -0.20867132203872632)
(0, -0.06765460210613114)
(0, -0.06765460210613114)
(0, -0.14292354585995137)
(0, 0.022053039069855493)
(0, -0.08666487330592068)
(0, -0.06765460210613114)
(1, 0.062455729632842905)
(0, -0.10350923991022223)
(0, -0.20460911254174852)
(0, -0.06166537877503778)
(-1, -0.5705407386063083)
(0, -0.20867132203872632)
(0, -0.06765460210613114)
(0, -0.06765460210613114)
(0, -0.20867132203872632)
(-1, -0.2936423527591161)
(0, -0.06765460210613114)
(0, -0.06765460210613114)
(0, -0.08860986303395367)
(0, -0.08601085159548583)
(0, -0.06765460210613114)
(0, 0.07956499712103579)
(0, 0.10036943160538686)
(0, -0.23797467608384412)
(1, 0.5879076434996269)
(0, -0.07337322130814886)
(0, -0.06765460210613114)
(0, 0.016175956493209617)
(0, -0.06765460210613114)
(0, -0.06765460210613114)
(0, -0.05441902180687788)
(0, -0.06765460210613114)
(0, -0.06765460210613114)
(0, 0.028963401412529403)
(0, -0.06765460210613114)
(0, -0.09538260979996765)
(1, 0.5411166382223139)
(0, -0.06765460210613114)
(1, 0.8336065474183195)
(0, -0.1551423740845998)
(0, -0.3282074855479011)
(0, 0.05004852392440834)
(0, -0.1687973258346782)
(0, -0.23764189236268823)
(0, 0.00840196948034233)
(0, -0.017012411660235677)
(0, -0.06765460210613114)
(0, -0.07839744315874791)
(0, -0.0003550068643346088)
(0, -0.06765460210613114)
(0, -0.06765460210613114)
(0, -0.3259470622941131)
(-1, -0.12430564812238531)
(0, -0.06765460210613114)
(0, -0.06765460210613114)
(0, -0.1701331236254378)
(0, -0.015906030968307894)
(1, 0.5154869779659592)
(0, -0.14883882781559493)
(0, -0.20867132203872632)
(1, 0.13038756577529625)
(0, -0.06765460210613114)
(0, -0.06765460210613114)
(0, -0.06765460210613114)
(0, -0.10986803918935)
(0, -0.06765460210613114)
(0, -0.10064333004356778)
(0, 0.13066791402655856)
(0, -0.20867132203872632)
(1, 0.16822843148506222)
(0, -0.06765460210613114)
(0, -0.20867132203872632)
(1, 0.6972068518705441)
(0, -0.20867132203872632)
(0, 0.12375763648813487)
(0, -0.1795315785050676)
(0, -0.11444838858974543)
(1, 0.7354412435771353)
(0, 0.001646445060609375)
(0, -0.20867132203872632)
(0, 0.03901924412805362)
(0, 0.010915663451102994)
(0, -0.22789732206215305)
(0, -0.2421314280621299)
(0, -0.09748937451574999)
(0, -0.07578633066906382)
(0, -0.06765460210613114)
(0, 0.2250707564642509)
(0, -0.09155301906590857)
(-1, -0.6970641521707691)
(0, -0.20867132203872632)
(0, -0.06236488252225739)
(0, -0.06765460210613114)
(-1, -0.3664629151156412)
(0, 0.08331420656887037)
(0, -0.20867132203872632)
(1, 0.4378715317430629)
(0, 0.07740254107613595)
(0, -0.06765460210613114)
(1, 0.38817802406048973)
(0, 0.13330564133981138)
(0, -0.1920196326011741)
(0, -0.16175315826519626)
(0, -0.04059017333591802)
(0, -0.01195945301103657)
(0, -0.06765460210613114)
(0, -0.3418853004914736)
(-1, -0.46016215186381726)
(0, -0.06765460210613114)
(0, -0.06765460210613114)
(0, -0.06765460210613114)
(-1, -0.2440939447597427)
(0, 0.01051895051678614)
(0, -0.09691902273839656)
(0, -0.08624214520985646)
(1, 0.2618180872827569)
(0, -0.06765460210613114)
(-1, -0.3542535112449545)
(0, -0.036497000737846175)
(-1, -0.25184362986496356)
(0, 0.05819174311758349)
(0, -0.06765460210613114)
(0, -0.17421900160132492)
(0, 0.11333946673875969)
(0, -0.20867132203872632)
(0, 0.0035519595619950273)
(0, -0.06765460210613114)
(0, -0.069102035272708)
(-1, -0.21036939600688828)
(0, -0.06765460210613114)
(0, -0.06765460210613114)
(1, 0.3006975574742656)
(0, -0.11718991807686585)
(0, 0.022103850411873443)
(0, -0.06765460210613114)
(0, -0.20867132203872632)
(0, -0.09121406421050834)
(0, -0.07664343615226116)
(0, -0.06765460210613114)
(0, 0.044256813058629524)
(0, -0.06765460210613114)
(0, -0.20867132203872632)
(-1, -0.7052034347232942)
(0, -0.20867132203872632)
(0, 0.01589155421612673)
(0, -0.20867132203872632)
(0, 0.1134478431251682)
(0, -0.054829562551769545)
(0, 0.09233851223673484)
(0, -0.05074015758438155)
(0, -0.06765460210613114)
(0, -0.10570029961554747)
(0, -0.20345638290778267)
(0, -0.20867132203872632)
(0, -0.04473578893403596)
(0, 0.15818279188675227)
(0, -0.14324565538856726)
(0, -0.02809442492764573)
(0, -0.20867132203872632)
(0, -0.2003915751173649)
(0, -0.06765460210613114)
(0, -0.07411650344843358)
(-1, -0.6494467339092274)
(0, -0.14490501510680326)
(0, -0.37778357818382724)
(0, -0.06765460210613114)
(-1, -0.4808899081425825)
(0, -0.09470275490681451)
(0, -0.3019736297897905)
(0, 0.025900680195584794)
(0, -0.03063990823327374)
(0, -0.1667599384553135)
(0, -0.05281307357363331)
(0, -0.06765460210613114)
(0, -0.15733279911574516)
(0, -0.2611464410440373)
(0, -0.06765460210613114)
(0, -0.06765460210613114)
(0, 0.016175956493209617)
(0, 0.009975459271692064)
(0, -0.05556615670229381)
(0, 0.025900680195584794)
(0, -0.06166537877503778)
(0, -0.17955238969137347)
(0, -0.06765460210613114)
(0, -0.06765460210613114)
(0, -0.06765460210613114)
(0, -0.06765460210613114)
(0, 0.03612334804540378)
(0, -0.06765460210613114)
(0, -0.06765460210613114)
(0, -0.06765460210613114)
(0, 0.03268764936284497)
(0, 0.028963401412529403)
(0, -0.06765460210613114)
(0, -0.06765460210613114)
(0, 0.007870731301689984)
(0, -0.06166537877503778)
(0, -0.0672879033000208)
(0, 0.04099423661891498)
(0, -0.06765460210613114)
(0, -0.0672879033000208)
(0, -0.020996039847742703)
(0, -0.06765460210613114)
(0, -0.06765460210613114)
(0, -0.004141679054944267)
(0, -0.06765460210613114)
(0, -0.06765460210613114)
(0, 0.028285180525419843)
(0, -0.06765460210613114)
(0, -0.06765460210613114)
(0, -0.06765460210613114)
(0, -0.0015167182678530872)
(0, -0.06765460210613114)
(0, -0.06765460210613114)
(0, -0.08924366307515319)
(0, -0.06765460210613114)
(0, -0.20867132203872632)
(0, -0.06765460210613114)
(0, -0.035137685315275086)
(0, 0.016175956493209617)
(0, -0.17561790600223198)
(0, -0.22172973392693054)
(-1, -0.5693902452870545)
(0, -0.06765460210613114)
(0, -0.20867132203872632)
(0, -0.06765460210613114)
(0, -0.012473562565371611)
(0, -0.06765460210613114)
(0, -0.06765460210613114)
(0, 0.016175956493209617)
(0, -0.20274032183414858)
(0, -0.06765460210613114)
(0, -0.06765460210613114)
(0, -0.06765460210613114)
(0, -0.06765460210613114)
(0, -0.06765460210613114)
(0, -0.008107033734500807)
(0, -0.06765460210613114)
(0, -0.06765460210613114)
(0, -0.1733022969993329)
(0, -0.06765460210613114)
(0, -0.06765460210613114)
(0, -0.1733022969993329)
(-1, -0.5705407386063083)
(0, -0.20867132203872632)
(0, -0.06765460210613114)
(0, -0.035137685315275086)
(0, -0.06765460210613114)
(0, -0.06765460210613114)
(0, -0.06765460210613114)
(0, -0.06765460210613114)
(0, -0.013040412856229894)
(0, -0.06765460210613114)
(0, -0.06765460210613114)
(0, -0.05066850415384628)
(0, -0.06765460210613114)
(0, -0.06765460210613114)
(0, -0.051893538364943675)
(0, -0.06765460210613114)
(0, -0.007909579207063033)
(0, -0.2321699837238808)
(0, 0.04213513064982172)
(0, -0.1385172510310594)
(-1, -0.33626836934023985)
(-1, -0.4250512351211408)
(0, -0.17846831480654685)
(0, -0.12931602786683288)
(1, 0.3402316308031904)
(0, -0.17846831480654685)
(0, -0.03375056351646788)
(0, -0.20867132203872632)
(0, 0.017059444474282426)
(0, -0.06765460210613114)
(0, -0.06765460210613114)
(-1, -0.2793718626995152)
(0, -0.06765460210613114)
(0, -0.1443364519685043)
(0, -0.06765460210613114)
(0, -0.20867132203872632)
(0, 0.025900680195584794)
(0, -0.06765460210613114)
(0, -0.06765460210613114)
(-1, -0.7382950581231377)
(-1, -0.3211648764866446)
(0, -0.06802157724647956)
(0, -0.13687868945491363)
(0, -0.07658712510873752)
(0, -0.06765460210613114)
(-1, -0.3471014952402599)
(0, 0.01372255636441233)
(0, -0.06765460210613114)
(0, -0.06765460210613114)
(0, 0.02396637566265086)
(0, -0.06765460210613114)
(0, -0.06765460210613114)
(-1, -0.9632299363883241)
(0, -0.05761217622265852)
(0, -0.06765460210613114)
(-1, -0.6773923408227602)
(0, -0.060064575593930275)
(0, -0.06765460210613114)
(0, -0.0930154134232803)
(-1, -0.3211648764866446)
(0, -0.20867132203872632)
(0, 0.22324142904658503)
(0, -0.008631361729894205)
(0, 0.034713887539442365)
(0, -0.23972160264087167)
(0, -0.06765460210613114)
(0, -0.06765460210613114)
(0, -0.04482184669269933)
(0, -0.06765460210613114)
(0, -0.20867132203872632)
(0, -0.27635135989356757)
(-1, -0.3755611490106504)
(0, 0.016175956493209617)
(0, -0.06765460210613114)
(0, -0.06765460210613114)
(0, 0.016175956493209617)
(0, 0.06626481763562908)
(0, -0.03063990823327374)
(0, -0.03063990823327374)
(0, -0.06166537877503778)
(0, -0.06765460210613114)
(0, -0.06765460210613114)
(0, -0.06765460210613114)
(0, -0.23972160264087167)
(0, -0.1496580639632228)
(0, -0.06765460210613114)
(0, -0.13919646166809976)
(0, -0.05682716191309273)
(0, -0.10625241722089834)
(-1, -0.05747594111618809)
(-1, -0.5285972090704291)
(0, -0.06765460210613114)
(0, -0.20867132203872632)
(0, -0.1492095726664614)
(0, 0.01372255636441233)
(0, -0.06765460210613114)
(0, 0.20554792058081295)
(0, -0.028053589749334584)
(0, 0.07482204688660138)
(-1, -0.621018348555359)
(0, 0.026582557175179655)
(0, -0.06765460210613114)
(-1, -0.36719627719030246)
(0, 0.11729193197541313)
(0, 0.08346031692453262)
(1, 0.15044784433251474)
(0, -0.012703285732236752)
(0, -0.06765460210613114)
(0, -0.03063990823327374)
(0, -0.06765460210613114)
(0, 0.08346031692453262)
(1, 0.15044784433251474)
(0, -0.012703285732236752)
(0, -0.06765460210613114)
(0, -0.09327902809401716)
(-1, -0.30871406708227206)
(0, -0.06765460210613114)
(-1, -0.5278120649898254)
(0, -0.0908917033400446)
(0, -0.012123242491190317)
(0, 0.11652671327802576)
(0, -0.06166537877503778)
(0, -0.06765460210613114)
(0, -0.20867132203872632)
(0, 0.13102923951246911)
(0, 0.1570296312813459)
(0, -0.06166537877503778)
(0, -0.03063990823327374)
(-1, -0.2253144605585967)
(0, -0.20345638290778267)
(0, -0.20867132203872632)
(-1, -0.16876849248430104)
(0, -0.20867132203872632)
(0, 0.060296126005577405)
(-1, -0.3220648599203745)
(0, -0.06765460210613114)
(0, -0.06765460210613114)
(0, -0.06765460210613114)
(0, -0.030849552357273186)
(0, -0.06765460210613114)
(0, -0.013065369128469229)
(0, -0.030849552357273186)
(0, -0.11699215821308187)
(0, -0.20867132203872632)
(0, -0.06678726035249254)
(0, 0.016175956493209617)
(0, 0.016175956493209617)
(0, -0.0672879033000208)
(0, -0.08136810684578334)
(0, -0.030849552357273186)
(0, -0.06765460210613114)
(0, -0.06765460210613114)
(0, -0.06765460210613114)
(-1, -0.2793718626995152)
(0, -0.034431472060223844)
(0, -0.06765460210613114)
(0, 0.20314443729502865)
(0, -0.06765460210613114)
(-1, -0.1852263506765237)
(0, -0.045259925986180255)
(0, -0.07071712358631183)
(0, -0.06765460210613114)
(0, -0.1171725292573669)
(0, -0.06765460210613114)
(0, -0.06765460210613114)
(1, 0.062455729632842905)
(0, -0.14292354585995137)
(0, -0.06765460210613114)
(-1, -0.8317619845415489)
(-1, -0.4613969950207292)
(0, -0.20867132203872632)
(-1, -0.9461849037365468)
(0, 0.010935314410625924)
(0, 0.011437185217155893)
(0, -0.03771142972962846)
(0, -0.033509782333739)
(0, -0.16228238402586564)
(-1, -0.6132832249435332)
(0, -0.06765460210613114)
(-1, -0.5521463927358746)
(0, -0.06765460210613114)
(0, -0.0672879033000208)
(0, -0.06166537877503778)
(0, -0.06230650494802706)
(0, -0.06765460210613114)
(-1, -0.17568841647475042)
(0, 0.07910572545821706)
(0, -0.20867132203872632)
(-1, -0.7705530069726354)
(0, 0.07910572545821706)
(0, -0.20867132203872632)
(0, -0.09980008951759822)
(0, -0.07585560698587213)
(0, -0.04183192212845113)
(-1, -0.311946171772837)
(0, -0.06160108508333663)
(0, -0.05864522670875244)
(-1, -0.6311244911843422)
(0, -0.06589204748235825)
(0, -0.12291674853873988)
(0, -0.26318620010708715)
(0, -0.002001295436076314)
(0, -0.18157920778907977)
(0, 0.030289348829781404)
(0, -0.05400370062628271)
(0, 0.34445725344297023)
(0, 0.012706111391717123)
(0, 0.0670310412027188)
(0, -0.07149382396070296)
(0, -0.06765460210613114)
(-1, -0.5598926159781523)
(0, -0.0767011224218398)
(0, -0.06765460210613114)
(0, -0.20384551410093185)
(0, 0.09843963940004266)
(0, 0.24788463782489442)
(-1, -0.05030960123167649)
(0, -0.06765460210613114)
(0, -0.09893092274740717)
(0, 0.015887736890225074)
(0, -0.06765460210613114)
(-1, -0.6083447786121225)
(0, -0.09231068632382895)
(0, -0.06765460210613114)
(0, -0.1171725292573669)
(0, -0.06765460210613114)
(0, -0.06765460210613114)
(0, -0.0368731270420634)
(-1, -0.9838945364968571)
