(1, 0.8425311221863856)
(-1, -0.19912881768498497)
(-1, -0.5205469708587441)
(1, 0.5454149833867623)
(-1, -0.45487490001918385)
(1, 0.5981962074729206)
(1, 0.28178950677032444)
(1, 0.646470316231805)
(-1, -0.17481597512379232)
(0, -0.012708639505925379)
(1, 0.9875933640345924)
(1, 0.5245320068240057)
(-1, -0.5344786800984396)
(1, 0.7537016316191958)
(1, 0.0924305168975838)
(-1, -0.33045935592912357)
(1, 0.6750637310972513)
(-1, -0.7655863833197557)
(1, 0.7731799876178396)
(0, -0.20867132203872632)
(0, -0.2946550257586877)
(0, -0.28572596009388135)
(1, 0.6860732641047954)
(1, 0.4995037640367841)
(0, -0.1414962844393255)
(-1, -0.9734192870216988)
(0, 0.270580808948822)
(-1, -0.2353284050346393)
(1, 0.49746440253004304)
(-1, -0.10735063895153862)
(-1, -0.2762059805047523)
(-1, -0.5424105697103391)
(0, -0.16425958777248745)
(-1, -0.37272682690626846)
(0, -0.0836857079406173)
(0, -0.07502521310663787)
(0, -0.09708245160612843)
(-1, -0.4841670178960306)
(0, 0.026443410383749782)
(-1, -0.07559729078055782)
(1, 0.640236642938503)
(-1, -0.8072690927935007)
(1, 0.5539911357673508)
(1, 0.8004495270260943)
(-1, -0.28659109563207386)
(-1, -0.8176883955956858)
(1, 0.9746304111673963)
(-1, -0.7358798156314108)
(-1, -0.91640794959441)
(1, 0.08937226335769921)
(-1, -0.6639002157147058)
(-1, -0.3525530206594245)
(0, -0.10624901936492034)
(-1, -0.1261057743181303)
(0, 0.1971195989311393)
(1, 0.2392266598885382)
(-1, -0.05586927778030609)
(1, 0.27603633303594427)
(1, 0.9018401325245509)
(1, 0.561355622474)
(-1, -0.7442333876823737)
(1, 0.5898450083442539)
(1, 0.18452658389172788)
(-1, -0.325082433013366)
(0, 0.16090441991784238)
(1, 0.9879061622531848)
(-1, -0.5201657771201003)
(1, 0.3647798291299227)
(1, 0.27033427692038253)
(1, 0.4103067932006329)
(1, 0.8056645936046574)
(-1, -0.08658659753711007)
(1, 0.25510739103838176)
(-1, -0.723144658828994)
(0, 0.00022628318399102627)
(1, 0.6812957905598638)
(-1, -0.8452383189271231)
(1, 0.6285433634459737)
(-1, -0.6017634642849368)
(-1, -0.24545446791213127)
(-1, -0.45982595749681854)
(-1, -0.42723431891615193)
(0, -0.2394864505843989)
(-1, -0.9700461362958257)
(-1, -0.6202724136343911)
(-1, -0.6021274597358615)
(-1, -0.2680091348451668)
(-1, -0.6028959807493859)
(-1, -0.7021832479132988)
(0, -0.127011781555797)
(-1, -0.8358463887449358)
(-1, -0.3483165498925387)
(-1, -0.6571251081524953)
(-1, -0.8419031882257446)
(-1, -0.9216531248308569)
(-1, -0.8080911523448505)
(1, 0.5004455460715551)
(-1, -0.9985331441549155)
(1, 0.987694360626936)
(1, 0.3008744257262453)
(0, 0.16933887171480255)
(-1, -0.0738101913225418)
(-1, -0.983078927188186)
(-1, -0.5547477632027287)
(-1, -0.6370055448519146)
(1, 0.23117354745687613)
(-1, -0.4075579199853394)
(-1, -0.8530480373242807)
(1, 0.22294235850261995)
(-1, -0.8333698344002827)
(-1, -0.5500763471608838)
(0, -0.2670731714485503)
(-1, -0.6555458160755946)
(1, 0.15827222315453954)
(-1, -0.5236651920290076)
(-1, -0.9727833421091263)
(1, 0.8500051798012075)
(-1, -0.6864268521520414)
(1, 0.23440352318755553)
(1, 0.8391587008142023)
(1, 0.47895603654444774)
(0, 0.10927413412239131)
(1, 0.7345666874077462)
(-1, -0.14532417623281574)
(1, 0.4835926635871186)
(1, 0.34747078923355773)
(-1, -0.37529141146025097)
(-1, -0.04609686463754237)
(-1, -0.6961990549653888)
(-1, -0.1991813625336834)
(-1, -0.47422963540708524)
(1, 0.31063718577370353)
(-1, -0.40231024806750915)
(1, 0.31100969397874945)
(-1, -0.2320294817018495)
(-1, -0.3585577259887482)
(1, 0.8858651437473846)
(1, 0.3829038592224495)
(0, 0.010510550395682439)
(0, 0.008568649253320682)
(-1, -0.20912373757762068)
(-1, -0.8449051332826562)
(0, -0.1834865747795359)
(1, 0.3923578142200838)
(0, 0.11878787161164184)
(-1, -0.3416345002566275)
(1, 0.5673019120895106)
(1, 0.6000744477957016)
(1, 0.6141116284912334)
(-1, -0.6915900810218863)
(-1, -0.9231467979067445)
(-1, -0.07750482508729795)
(1, 0.6161933768858291)
(-1, -0.7393940731846477)
(-1, -0.08219178546089523)
(-1, -0.23228947786261916)
(-1, -0.6755109019877292)
(-1, -0.2763657125701904)
(-1, -0.6656559182125728)
(-1, -0.05987114440466185)
(1, 0.5994279033920644)
(1, 0.5364530929624587)
(1, 0.22172822749116355)
(0, -0.1296750947305706)
(1, 0.7220760233071453)
(-1, -0.11975832878836495)
(0, 0.03413462761765934)
(-1, -0.08039824766839088)
(-1, -0.38130371324856616)
(-1, -0.871336583315157)
(0, 0.217235692082067)
(-1, -0.02339055867761186)
(-1, -0.9367617738123921)
(-1, -0.8053051212765383)
(1, 0.5986597892449055)
(-1, -0.8667785782495988)
(1, 0.6356939338339016)
(1, 0.2843165824067807)
(1, 0.6800335477591727)
(-1, -0.6168047729140007)
(-1, -0.9859657210924463)
(-1, -0.9998550287813486)
(-1, -0.9547299743328252)
(-1, -0.7420989716655256)
(-1, -0.8237663811799324)
(-1, -0.454091831514578)
(-1, -0.5300472601900803)
(1, 0.5847822067531423)
(-1, -0.38985818739503164)
(-1, -0.9421891430767712)
(-1, -0.43150052953350493)
(-1, -0.8480667336967199)
(-1, -0.1747857244359437)
(1, 0.49549804917492674)
(-1, -0.7465268587193157)
(0, 0.30121417227953534)
(-1, -0.061674854271320356)
(1, 0.8781659444221583)
(1, 0.06000428818129022)
(1, 0.10852415660103859)
(-1, -0.9703994763759287)
(-1, -0.2908697577669321)
(1, 0.953201232003586)
(-1, -0.9014232894370388)
(-1, -0.26934243283517983)
(1, 0.17188360219189142)
(-1, -0.9780945706591418)
(0, 0.09804788704337891)
(1, 0.4406407941464785)
(-1, -0.3834548270789179)
(1, 0.9138768100838944)
(-1, -0.7430405165882203)
(-1, -0.09069870079879028)
(0, -0.20599557680918681)
(-1, -0.3152132249868332)
(-1, -0.8271028920810856)
(-1, -0.32384693770752154)
(1, 0.011938429488385083)
(-1, -0.3453973700923122)
(-1, -0.2539490056536916)
(-1, -0.6936113757774394)
(-1, -0.14703081546255986)
(1, 0.5478592813058496)
(-1, -0.3076749818718529)
(-1, -0.7856583543366994)
(-1, -0.5750825238724782)
(-1, -0.3251426917987312)
