(1, 0.6709925354954702)
(0, -0.06863465343410044)
(0, -0.017111303540462766)
(0, -0.06765460210613114)
(1, 0.605087304803281)
(0, -0.057227046376171486)
(1, 0.19887855079839856)
(0, 0.31060030632128)
(1, 0.7917709154273733)
(1, 0.9699656126762238)
(-1, -0.9933901172928322)
(1, 0.30044795988240475)
(1, 0.07027469262971914)
(1, 0.7731969207997368)
(1, 0.6676532953857058)
(1, 0.946270126536533)
(-1, -0.41707714420595776)
(1, 0.5699760665336878)
(-1, -0.907658067434026)
(0, -0.0763255953744145)
(-1, -0.9461709475922729)
(-1, -0.6760285428448378)
(1, 0.9934363231361719)
(0, -0.024563849818078354)
(1, 0.040032289165334134)
(1, 0.5994859774822857)
(0, 0.19802058084203755)
(-1, -0.06422404990105024)
(0, 0.03483998387982766)
(0, -0.15979714593799843)
(-1, -0.2556337474328798)
(1, 0.658773695084627)
(-1, -0.7730325868690171)
(0, 0.27029075869597957)
(1, 0.6472205448891801)
(1, 0.8847516142623806)
(1, 0.5257052596874335)
(1, 0.9900782202259277)
(-1, -0.6597394710773979)
(-1, -0.9989301375346364)
(1, 0.579477351753001)
(1, 0.7172473267247058)
(-1, -0.41633673630745677)
(-1, -0.6384906422523795)
(-1, -0.6062228422187728)
(1, 0.2764288071570753)
(-1, -0.9002035365484714)
(1, 0.22719239455692464)
(0, 0.10915581176013993)
(1, 0.45575695620036744)
(0, 0.0982615908721087)
(0, -0.05442741861488746)
(0, 0.010431982174888985)
(0, -0.048354431773744405)
(0, -0.0006131427904406406)
(1, 0.9056737765951979)
(1, 0.645048403377942)
(0, -0.006767361707230576)
(-1, -0.16917209751640105)
(-1, -0.5811286993354963)
(1, 0.7645203747607494)
(1, 0.4497757260826788)
(-1, -0.7558739317000029)
(0, 0.029918888651657205)
(-1, -0.4210399201295163)
(1, 0.84889295324855)
(1, 0.5737788384796134)
(1, 0.96773779809372)
(-1, -0.9510005167181881)
(1, 0.4895720684887236)
(-1, -0.8754046942623684)
(-1, -0.8899641441187277)
(0, 0.008573453746253595)
(-1, -0.9179852706326175)
(-1, -0.7423926141569537)
(0, -0.06578120864309323)
(0, -0.06645015245846703)
(-1, -0.7582938352323135)
(1, 0.19767566063261816)
(0, -0.24330989326758018)
(1, 0.8743269439286987)
(-1, -0.9463015682846517)
(1, 0.29488481191716204)
(1, 0.4330429384002694)
(-1, -0.8107511362517711)
(-1, -0.309193533848687)
(0, 0.3871710597297725)
(-1, -0.58803051746366)
(1, 0.7031783959127232)
(-1, -0.8187653636550574)
(0, 0.07855197392806992)
(1, 0.8924020633138329)
(0, -0.0031798056491204787)
(0, -0.027684967524167978)
(0, 0.36328917619126744)
(0, -0.13679320756014543)
(0, -0.24387165652744341)
(1, 0.046250164901527724)
(1, 0.8781962870636659)
(-1, -0.2501309489866589)
(1, 0.7408807971591383)
(1, 0.7443715022236281)
(-1, -0.9379525085961927)
(-1, -0.6842187752001914)
(1, 0.83806959849575)
(-1, -0.9992335255675523)
(-1, -0.929961855704506)
(1, 0.957863126849647)
(0, -0.07384637859348336)
(1, 0.9096222488760995)
(-1, -0.1896410661121752)
(0, -0.07729989055037521)
(-1, -0.3941427885806341)
(0, -0.1001043995874927)
(-1, -0.4607067297203641)
(-1, -0.7086630529833681)
(0, -0.06295577010909094)
(1, 0.9623702692290301)
(-1, -0.9909585493349674)
(0, -0.11354064927951599)
(0, 0.0774928449080882)
(0, 0.2519620139205766)
(0, 0.2002394453976733)
(0, -0.023286439081145496)
(0, -0.185532947977839)
(-1, -0.26891951596409674)
(-1, -0.8241538381796556)
(-1, -0.5161750209507984)
(1, 0.5846421438402074)
(-1, -0.8255046820304935)
(-1, -0.2262601515028464)
(-1, -0.055165693538221705)
(0, 0.231549382780227)
(-1, -0.5223576266337953)
(0, -0.30219862764042743)
(-1, -0.7175148940308305)
(-1, -0.816817776035027)
(0, -0.1662443143644996)
(1, 0.4605626173166678)
(1, 0.2893914790511644)
(-1, -0.08815035170923652)
(-1, -0.6171610260167149)
(1, 0.8256078404648691)
(-1, -0.9991468982695655)
(-1, -0.9696745546881796)
(0, 0.07689856030718364)
(-1, -0.9726513739816114)
(-1, -0.4447078765642497)
(-1, -0.8360333784704478)
(1, 0.1894015663652202)
(-1, -0.3219442184831197)
(1, 0.3757910935861373)
(0, 0.2980516582010195)
(-1, -0.9175440933008125)
(0, -0.05860864586616529)
(0, -0.009837684535567999)
(-1, -0.7117768870495174)
(0, -0.006590483928472974)
(0, -0.03446312079214611)
(0, -0.20528121255329176)
(0, 0.01576837301717752)
(1, 0.31581327107471713)
(1, 0.07881631388714372)
(1, 0.27791817399051216)
(0, 0.13835789720589667)
(-1, -0.509057571035475)
(1, 0.8508398107560962)
(0, 0.0025353598292030574)
(0, 0.1289695173687607)
(0, -0.0002623777593560646)
(0, 0.0246971141780983)
(0, 0.2038485264208591)
(0, -0.04008490421886882)
(0, -0.006823931552634393)
(0, 0.1033111602055257)
(1, 0.42611173026985383)
(-1, -0.4431905849496919)
(-1, -0.5393605857940097)
(0, 0.1505302162156678)
(0, -0.2287588807907886)
(0, -0.29100698183773166)
(0, -0.07409362870498452)
(1, 0.9235808434867463)
(1, 0.0005636190943698605)
(-1, -0.038831225821940096)
(1, 0.2546627879967208)
(-1, -0.2687632955972869)
(-1, -0.939606038329942)
(0, 0.07482204688660138)
(1, 0.7297761550367472)
(1, 0.9999353684180474)
(-1, -0.9585739177317578)
(0, 0.08883609479733598)
(1, 0.8361604300745006)
(1, 0.3795926336907288)
(-1, -0.3868881782299009)
(0, 0.21621965971652496)
(0, 0.3362924137327663)
(0, 0.14593643075395032)
(0, -0.21743368966042886)
(0, 0.11682884773638187)
(0, 0.2017067681792799)
(1, 0.9183778573778691)
(1, 0.6132391056512122)
(-1, -0.5326500904318701)
(1, 0.6551750523007406)
(-1, -0.4419252517113387)
(1, 0.6459398096576412)
(0, 0.0317271926102421)
(-1, -0.5072816021635567)
(1, 0.8129343425420195)
(1, 0.775896893870738)
(0, 0.10363103415149068)
(1, 0.9878620883078595)
(-1, -0.9451908357565765)
(-1, -0.9057093152235597)
(-1, -0.9854434347165654)
(1, 0.19016830544854352)
(1, 0.04514890562132978)
(1, 0.6203597064123492)
(1, 0.9177315123786818)
(0, -0.2731046804123027)
(1, 0.45692267813292414)
(1, 0.27786895323858)
(1, 0.9947467551546885)
(-1, -0.8967528665070561)
(-1, -0.5504507056035075)
(0, 0.14231514996404002)
(1, 0.395191951339063)
(0, -0.13225563251113737)
(0, -0.001623032659669503)
(0, 0.033958702184181816)
(-1, -0.40668972146866844)
(1, 0.9674551799429988)
(-1, -0.5197190751131252)
(0, -0.08716324457152277)
(-1, -0.5432401264653002)
(-1, -0.4267258638911452)
(-1, -0.33615567910059)
(0, -0.11942367615537619)
(-1, -0.9855209387305847)
(0, -0.38379289132475014)
(-1, -0.4113417508345122)
(0, -0.07367426308512895)
(1, 0.7981626505006352)
(0, -0.24085642684904113)
(0, -0.02600831721901272)
(0, -0.005036240707773504)
(0, -0.1940218250050828)
(-1, -0.7637723643706538)
(0, -0.1714277501868275)
(-1, -0.6069613200830962)
(-1, -0.5685591979367914)
(-1, -0.6835341301153572)
(-1, -0.24362583336006138)
(-1, -0.7738605128993121)
(-1, -0.14393519758903117)
(1, 0.1962063507359133)
(0, -0.29683205344627484)
(0, -0.055103227409369404)
(-1, -0.9468755142008602)
(1, 0.7475151843345715)
(0, 0.005965846235710167)
(0, 0.09194721367089831)
(-1, -0.8479751151402872)
(-1, -0.7071123514287855)
(1, 0.7162883525781731)
(0, 0.08424875206034631)
(-1, -0.5261931813224762)
(1, 0.8619112865162698)
(1, 0.12958296628866445)
(0, -0.19839018110852158)
(-1, -0.8513904193988842)
(1, 0.9942786863472552)
(-1, -0.39419101459942996)
(-1, -0.48456202823602545)
(-1, -0.9593647569070187)
(1, 0.6048984624511544)
(-1, -0.7183172596938586)
(0, -0.030397187916541384)
(1, 0.675718924022823)
(0, 0.1316240279490557)
(-1, -0.75867704243495)
(0, 0.08602019969370495)
(1, 0.5420593763649766)
(0, -0.20518817926741592)
(0, 0.09886952182703035)
(0, 0.03423617663276557)
(0, -0.2222504671918654)
(-1, -0.9826549033461773)
(1, 0.7169205371799023)
(-1, -0.26105660025783656)
(1, 0.9252657409163657)
(-1, -0.09600423293703314)
(-1, -0.7468559814962811)
(0, -0.08741407864641054)
(0, 0.235576570963742)
(0, 0.059680366609364474)
(-1, -0.4607021814804705)
(-1, -0.6432225598812465)
(0, 0.0554189736720844)
(-1, -0.41723061907883763)
(-1, -0.9151182283022534)
(1, 0.8985373257315029)
(1, 0.5226890537033881)
(0, 0.1552268305556834)
(0, -0.028254138575605922)
(1, 0.13869420667529941)
(0, -0.26014226721385486)
(0, 0.0103256606337888)
(0, -0.002289635709361776)
(1, 0.41197210154695296)
(0, 0.12064553763830752)
(0, -0.021926687464036726)
(0, 0.09605528512911828)
(-1, -0.5666048708521356)
(0, 0.07419667328177898)
(-1, -0.2156252512600838)
(0, -0.2334617395878884)
(-1, -0.20486409280714218)
(0, -0.046430169235564644)
(0, -0.007199259358433227)
(-1, -0.9845937556094219)
(0, -0.31364465589672874)
(1, 0.8054426109054975)
(-1, -0.8172769349012557)
(1, 0.6255751464184003)
(-1, -0.6473012923511852)
(-1, -0.7442385603520701)
(0, -0.36341389749137976)
(0, 0.2082689742700552)
(0, 0.20179922009153872)
(1, 0.49856739428347296)
(1, 0.4197186371032453)
(1, 0.5149450393932019)
(0, 0.06928829683559419)
(0, 0.11993597938758672)
(0, 0.017105490665040968)
(-1, -0.27982029209491804)
(-1, -0.8542551649030786)
(1, 0.10764930131458911)
(0, 0.027663957251593235)
(0, 0.005298502688733421)
(0, -0.1426897294012454)
(0, 0.27168049090756297)
(0, 0.15142542496225966)
(0, -0.06765460210613114)
(0, 0.03155234177172518)
(0, -0.05854191931297237)
(-1, -0.3210933516531985)
(0, -0.0007285931249156677)
(-1, -0.4150841397946202)
(-1, -0.9467137110653583)
(1, 0.886931666997434)
(1, 0.8850829012276596)
(1, 0.8914257872003141)
(1, 0.8529586882731383)
(-1, -0.4994550952437635)
(-1, -0.20396759414031412)
(1, 0.7788041275127743)
(1, 0.19090439708708554)
(-1, -0.8600450977673184)
(-1, -0.6650866648129095)
(-1, -0.176570065308366)
(0, 0.10769264201280787)
(-1, -0.4335515566559987)
(1, 0.8435853861163369)
(0, 0.2368983126464331)
(-1, -0.9058432703360495)
(-1, -0.4100375043536149)
(-1, -0.9050637355562547)
(-1, -0.7492767479920234)
(-1, -0.7058987244100495)
(1, 0.2902396247735883)
(-1, -0.7652652143120635)
(0, 0.24922667320677558)
(-1, -0.8791419066918689)
(-1, -0.6838340170637291)
(0, 0.00858673216587326)
(0, 0.28917722640181515)
(-1, -0.5700218768581207)
(-1, -0.2854292084546365)
(-1, -0.9978943307141906)
(-1, -0.6428767840586374)
(-1, -0.9552824540950602)
(-1, -0.7651460161175344)
(-1, -0.9252225361752338)
(-1, -0.7247294220891325)
(-1, -0.5756256738125165)
(0, -0.19106854264266787)
(0, -0.3098748156106453)
(0, 0.28509353241980967)
(1, 0.44757251223503286)
(-1, -0.6149730669686765)
(-1, -0.7154658121011962)
(1, 0.4437090374340679)
(0, -0.2699467299393002)
(1, 0.9015750300425425)
(-1, -0.5463305813994923)
(0, -0.1570785674138413)
(0, -0.014642561934231909)
(1, 0.45349095985952725)
(1, 0.7288712322272659)
(1, 0.8425143109236269)
(1, 0.5582903190682964)
(1, 0.4292513279441228)
(1, 0.9697254007981702)
(-1, -0.6326675846247864)
(0, -0.0038525741188467875)
(0, -0.0993061716969341)
(1, 0.2897133622723235)
(1, 0.15293581573480974)
(0, 0.3352356638950319)
(-1, -0.5481347107276999)
(-1, -0.8872943737429578)
(1, 0.8172262281634389)
(0, 0.023921073745058)
(0, -0.30215325892770495)
(-1, -0.8667579173976163)
(1, 0.8408876393420629)
(1, 0.1443521140272564)
(1, 0.7867828563578245)
(1, 0.8413975179023211)
(0, 0.23749528952245882)
(1, 0.35677585075785756)
(1, 0.6402540390581322)
(1, 0.8463706754895928)
(-1, -0.42229288690801436)
(0, 0.24915896317727496)
(0, 0.41338957141792276)
(0, -0.1345403354223531)
(-1, -0.9976141767767546)
(0, -0.13537292716428456)
(-1, -0.2905585819961816)
(-1, -0.9277288175571309)
(-1, -0.5530635873147981)
(-1, -0.9645701438105075)
(1, 0.39762770197753017)
(-1, -0.5106919067294364)
(1, 0.359469129461644)
(1, 0.8540438040989413)
(-1, -0.7791099304921664)
(-1, -0.9815052164772389)
(-1, -0.4510017588694579)
(-1, -0.5571561708211064)
(-1, -0.31070665855313206)
(-1, -0.6269104752785658)
(1, 0.3548553776343408)
(0, 0.06379942956988338)
(1, 0.31579625252736454)
(0, 0.058085265965866606)
(0, -0.004327807412687047)
(0, -0.0016575805277416165)
(-1, -0.7957889798422563)
(-1, -0.16944887244637769)
(1, 0.12636461583749126)
(-1, -0.08520190869909067)
(1, 0.5390191541973128)
(-1, -0.9275711304763733)
(1, 0.7062470586719107)
(0, 0.3643890090962205)
(0, -0.03069457449741339)
(-1, -0.45547807482664715)
(0, 0.055536239518642054)
(-1, -0.573606237162819)
(-1, -0.930807785411027)
(-1, -0.9026508624674717)
(0, 0.06691303297949894)
(1, 0.7248519326255649)
(0, 0.1348059287446969)
(-1, -0.36253973544352164)
(-1, -0.04469611896661252)
(-1, -0.8917814949206111)
(-1, -0.6767413117796223)
(1, 0.5394289757286336)
(1, 0.6614777830132196)
(-1, -0.7664925156096968)
(-1, -0.9864075010811295)
(-1, -0.809127345635591)
(-1, -0.4325100794426865)
(-1, -0.05020872654090475)
(-1, -0.9277446130021225)
(-1, -0.41641318153261275)
(-1, -0.8944152259051837)
(-1, -0.8572423045790246)
(-1, -0.4518689377169076)
(-1, -0.96456054439584)
(-1, -0.8490603991971492)
(-1, -0.1922136597455632)
(0, -0.0782394600294037)
(-1, -0.3035643831033598)
(0, -0.4255618933256342)
(1, 0.9543720342946389)
(-1, -0.45831170973980423)
(1, 0.4130605670519643)
(-1, -0.9615849870725689)
(-1, -0.3036295858628438)
(1, 0.64659540538169)
(-1, -0.012128988750449043)
(0, 0.38316941184199027)
(1, 0.5844525503151282)
(-1, -0.028082562072561768)
(0, 0.20056457322883114)
(1, 0.9540400135367905)
(1, 0.8718633630250318)
(0, 0.019827014681846323)
(1, 0.6208693338862361)
(-1, -0.25080863268011944)
(0, 0.02016118150000417)
(0, 0.11838545766523795)
(-1, -0.25751447387302506)
(1, 0.0019950865112370875)
(-1, -0.635505605553603)
(1, 0.7975373331270057)
(-1, -0.6133043062149045)
(-1, -0.4701413679054597)
(0, -0.10886024812792125)
(1, 0.19016738744663664)
(-1, -0.7326531770509225)
(-1, -0.7852607254438723)
(-1, -0.06368191440454529)
(1, 0.2962461169996269)
(1, 0.9715844114609214)
(-1, -0.9695653817021057)
(0, -0.1111533451881058)
(-1, -0.06316046851449747)
(-1, -0.9641218599253858)
(1, 0.03750126146613575)
(0, -0.044472653030667914)
(1, 0.09901305443808578)
(0, 0.3066902895602503)
(0, -0.23186452747555467)
(1, 0.8161287430655377)
(-1, -0.47919111234210426)
(-1, -0.5894345926108032)
(-1, -0.5363058120376784)
(-1, -0.7642414878236933)
(1, 0.4608744091071981)
(-1, -0.8774928135988249)
(-1, -0.0647621905678985)
(-1, -0.1770018778871726)
(1, 0.5820785373896377)
(-1, -0.9937720254070374)
(-1, -0.9410635792758577)
(1, 0.07663361653260714)
(-1, -0.9461935729549207)
(-1, -0.6950429387576962)
(1, 0.18355271601319662)
(0, 0.009323605326765745)
(-1, -0.9999559990696919)
(-1, -0.38007491278953454)
(-1, -0.5773018498119106)
(1, 0.9525277831597826)
(0, 0.18283845321961834)
(-1, -0.9296731065528934)
(-1, -0.7423926141569537)
(0, -0.1609435745291625)
(0, -0.06645015245846703)
(-1, -0.724010180919635)
(1, 0.6077121047720161)
(0, -0.24330989326758018)
(1, 0.7446592968683563)
(1, 0.2821886408001851)
(-1, -0.7248593445043437)
(-1, -0.1478262584224641)
(-1, -0.9642102616732507)
(0, -0.38073835134170325)
(1, 0.1061040681914226)
(0, 0.04524713784195317)
(1, 0.030303198004417997)
(-1, -0.8272867618194537)
(0, -0.3353295470943452)
(-1, -0.9809958977438583)
(1, 0.9325673148290974)
(0, 0.17574015547853025)
(1, 0.7854740172054508)
(1, 0.3376801339786886)
(1, 0.8883184294841178)
(1, 0.6736544901744619)
(1, 0.9934280612303316)
(-1, -0.4622656382497887)
(-1, -0.6426274461281454)
(-1, -0.9054366423810065)
(1, 0.2764288071570753)
(-1, -0.9002035365484714)
(1, 0.7837525152256618)
(1, 0.45209738305319314)
(1, 0.883737125578053)
(0, 0.04624339736285278)
(0, 0.041300693454972254)
(0, -0.048354431773744405)
(1, 0.9633641081222885)
(0, -0.01814929731111145)
(-1, -0.6939671488504902)
(0, 0.11275596038308885)
(-1, -0.7558739317000029)
(0, 0.029918888651657205)
(-1, -0.349306124483573)
(1, 0.84889295324855)
(1, 0.5737788384796134)
(1, 0.32113582314827194)
(-1, -0.025845448300038543)
(-1, -0.9734974723329615)
(1, 0.5118295987095118)
(-1, -0.8754046942623684)
(-1, -0.8612395112972087)
(0, 0.08121205296298233)
(-1, -0.9193957178104759)
(-1, -0.7423926141569537)
(0, -0.06578120864309323)
(0, -0.06645015245846703)
(-1, -0.724010180919635)
(0, 0.2547733912486104)
(0, -0.24330989326758018)
(1, 0.8743269439286987)
(-1, -0.9408525653079624)
(1, 0.29488481191716204)
(1, 0.4330429384002694)
(-1, -0.9065812874087892)
(1, 0.572715361633419)
(-1, -0.309193533848687)
(0, 0.3871710597297725)
(-1, -0.8631119426018387)
(1, 0.7031783959127232)
(-1, -0.7633451763356394)
(0, 0.07855197392806992)
(1, 0.8924020633138329)
(0, -0.13168545753313904)
(0, -0.09064942906916826)
(0, -0.13591625618129705)
(1, 0.5710294702351391)
(0, 0.06640065645365366)
(0, 0.23074908593403975)
(0, -0.12127347208048592)
(0, -0.03700442311121175)
(0, -0.03851595191697059)
(0, -0.05179755408550446)
(0, -0.2196775212479452)
(0, -0.22734736810339834)
(0, -0.09155301906590857)
(-1, -0.43119683924762126)
(0, 0.02806824868483837)
(0, 0.08160775960965694)
(0, 0.1171367798116644)
(0, -0.06608960433856642)
(0, -0.06589204748235825)
(0, 0.12454639493263558)
(1, 0.02721675719883032)
(0, -0.10980084800214436)
(0, -0.07850180849020431)
(0, 0.012176455143458817)
(0, 0.3264644382093745)
(1, 0.4799653631466225)
(0, -0.033648800509111676)
(1, 0.35453309026812574)
(0, -0.07069956590705612)
(0, -0.043247886264535365)
(0, -0.24541326982960837)
(0, 0.0526140111588354)
(0, 0.1536486953356881)
(0, -0.14638167596500654)
(0, -0.06589204748235825)
(0, -0.02810457475926767)
(0, -0.06589204748235825)
(-1, -0.5302608423830275)
(0, -0.11649757481671869)
(1, 0.6284490891021105)
(0, -0.01768336164579104)
(0, 0.22922795140304214)
(0, -0.033648800509111676)
(0, -0.010565696339893016)
(0, 0.1171367798116644)
(0, 0.020842418492411557)
(0, -0.14314649642659064)
(-1, -0.6580254286430629)
(-1, -0.41150147915844343)
(-1, -0.3822275860631066)
(0, -0.033648800509111676)
(1, 0.13752365100923208)
(0, -0.01768336164579104)
(0, 0.0698507352020622)
(0, -0.13939271020670585)
(0, 0.2295275397134212)
(0, -0.02796452590688013)
(0, 0.09277044058476905)
(0, -0.033648800509111676)
(-1, -0.6986664112822958)
(0, -0.08745534071847438)
(1, 0.01819776993120681)
(0, -0.04768565684363249)
(0, 0.30031495134508507)
(0, -0.06589204748235825)
(0, 0.4165565854636572)
(0, -0.2196775212479452)
(0, -0.058684317408080514)
(0, -0.033648800509111676)
(0, -0.1062538331884319)
(0, -0.0024607175848374296)
(1, 0.7220665711417701)
(-1, -0.34073284373732066)
(0, 0.013278947880527442)
(1, 0.2817181123014207)
(-1, -0.34073284373732066)
(0, 0.08469281745801313)
(0, 0.21561247052882063)
(0, 0.030068043640047448)
(0, 0.07672367847200134)
(-1, -0.34073284373732066)
(0, -0.064319728693702)
(0, -0.03273588638149379)
(0, 0.01975013550502458)
(0, -0.03446880321471148)
(0, -0.022314242806504347)
(0, 0.08784465676534145)
(0, 0.11438666758851487)
(0, -0.06589204748235825)
(0, -0.17234362604918438)
(0, 0.046044114331539654)
(0, 0.13690300205747916)
(0, -0.04550622356819221)
(0, -0.04322601117642122)
(0, -0.03771142972962846)
(0, 0.02534647291551914)
(0, 0.07058640365210969)
(-1, -0.33626836934023985)
(-1, -0.8522059297118585)
(0, 0.12365903715380726)
(0, 0.07593307012606472)
(0, 0.025302153194262975)
(-1, -0.6959352032704978)
(0, -0.2001394791038828)
(0, 0.20031326818460948)
(0, -0.0036426672126431137)
(0, -0.015931228687478843)
(0, -0.20867132203872632)
(0, -0.00905537282832386)
(0, -0.12121258295173025)
(0, 0.04660321066089399)
(0, -0.12719287798528275)
(0, -0.06765460210613114)
(1, 0.39364439854814276)
(1, 0.09956017571339015)
(0, -0.17323004358383787)
(0, -0.12567142349699664)
(0, 0.02997743827134569)
(1, 0.3268709589031342)
(0, -0.08480911448459495)
(0, -0.02463843945472889)
(0, 0.016113905648753854)
(0, 0.21498050070327873)
(1, 0.5411166382223139)
(0, -0.16997381203990558)
(0, -0.31026429523746435)
(0, -0.07664343615226116)
(0, 0.0018712318505646752)
(0, -0.017122313468221573)
(1, 0.460841511063728)
(0, -0.05345440221829831)
(0, -0.05613007740810247)
(0, -0.14232304727839545)
(-1, -0.16876849248430104)
(0, -0.24541326982960837)
(1, 0.21750591842757)
(0, -0.1793290886004461)
(-1, -0.2273306259242234)
(-1, -0.46278379940737835)
(0, 0.025986302126519725)
(0, -0.24541326982960837)
(1, 0.5660532965147222)
(0, -0.19516431019600247)
(0, -0.2649455656079173)
(0, -0.17955999610188506)
(-1, -0.21669353622538037)
(0, 0.1257637221940216)
(0, -0.273277150944345)
(0, 0.11690564609426554)
(-1, -0.6907260804553472)
(0, -0.06589204748235825)
(0, 0.28207365983739185)
(0, -0.016044982544940065)
(0, 0.02952339895990501)
(0, -0.15252826728572824)
(0, -0.002440274766093903)
(0, -0.06589204748235825)
(0, 0.07125723774222177)
(0, -0.16426511555854087)
(0, -0.1387853394444059)
(0, -0.06589204748235825)
(0, -0.09420318345910009)
(0, 0.11044413482884578)
(0, 0.01365696324099494)
(0, -0.03257644457910423)
(1, 0.19117133488912616)
(0, 0.37563344979723806)
(0, -0.09399442302393385)
(1, 0.4641519065824746)
(0, -0.23814055671997747)
(0, 0.049754763139461686)
(0, -0.0762795158808369)
(0, 0.11360593271038794)
(0, -0.2196775212479452)
(0, 0.24579580646591864)
(0, 0.2122588502927636)
(0, -0.23770563972965167)
(0, -0.18885765634595555)
(0, -0.3663521476084009)
(0, 0.05642656126627038)
(0, -0.2480879410351975)
(0, 0.10931918634953236)
(0, 0.29066782747901654)
(1, 0.3810989558363091)
(0, -0.08532738570252085)
(0, 0.17214243562405473)
(0, -0.12121258295173025)
(0, 0.1322384598179066)
(0, 0.11176567677738664)
(0, -0.1575491437580949)
(0, 0.0007163249380970349)
(0, -0.07590069027710325)
(1, 0.2839294274962082)
(-1, -0.532870979234811)
(0, -0.22501293428531344)
(0, -0.08405690317777388)
(0, -0.31097707412399045)
(0, -0.0790833901477464)
(0, -0.1383393172640757)
(-1, -0.8464807361120222)
(0, -0.04880779144184769)
(0, -0.033648800509111676)
(0, 0.00410403875894777)
(0, 0.0917310844134055)
(0, 0.2106806234232078)
(0, -0.09233513094200518)
(0, -0.07688676382227272)
(0, -0.20174450584770257)
(1, 0.30835052720263534)
(0, 0.21976563245375014)
(0, 0.19881796710317878)
(0, -0.07732208315486334)
(-1, -0.46200237198101507)
(0, -0.06589204748235825)
(0, 0.3571843110053989)
(0, -0.06589204748235825)
(0, 0.09233851223673484)
(0, 0.09360137744403219)
(0, 0.25038129621574895)
(0, 0.06876665945674065)
(-1, -0.8177397710044999)
(0, 0.0023708076904796482)
(0, 0.21995160318690168)
(-1, -0.2927600998358587)
(0, -0.015988657306193515)
(0, -0.01592063190791987)
(0, 0.07521260551284037)
(0, -0.24541326982960837)
(0, 0.06686544197733221)
(0, -0.09155301906590857)
(0, 0.04647805058495333)
(0, -0.033648800509111676)
(1, 0.8158276019043523)
(0, -0.09683517410753896)
(-1, -0.8831216476757665)
(0, 0.0467466454925517)
(-1, -0.5006050657519628)
(0, 0.1171367798116644)
(0, -0.13229593511402382)
(0, -0.06589204748235825)
(-1, -0.25223842179115846)
(0, -0.14275393628092797)
(0, -0.03171865343244407)
(-1, -0.31525784508105553)
(0, -0.023160239659042778)
(0, -0.15916547835512018)
(0, -0.18703139901784405)
(0, -0.07880795175804997)
(-1, -0.0055008913443436724)
(0, 0.07428752242970371)
(0, 0.018737411972395895)
(0, -0.065750890822241)
(1, 0.3688687363839665)
(0, 0.1171367798116644)
(0, 0.12213435982208522)
(0, -0.0652588388137268)
(0, -0.03984862963108745)
(0, -0.1368128663194165)
(1, 0.6773455297699368)
(0, -0.24541326982960837)
(0, 0.14135430588202574)
(0, -0.0734373620973452)
(1, 0.24436046522771993)
(0, -0.1278691344473728)
(0, -0.027425651754734715)
(1, 0.9976935732813298)
