(1, 0.9268105264773724)
(0, 0.1479284362784284)
(0, 0.0040087481717602375)
(-1, -0.0402059221271579)
(-1, -0.6879728995154532)
(0, 0.02036700512304647)
(-1, -0.8388521787581751)
(-1, -0.46465502406915943)
(-1, -0.3779449605931332)
(1, 0.061663540353520396)
(-1, -0.20406727630765745)
(-1, -0.07989285142665514)
(1, 0.8146505073265805)
(1, 0.20891265005611453)
(1, 0.3601159654968086)
(1, 0.7288777590831558)
(1, 0.9726549766747689)
(0, -0.16568554937826072)
(-1, -0.9943356896174063)
(-1, -0.40725210835195885)
(-1, -0.985560440416451)
(1, 0.5289333056083502)
(1, 0.332595394579975)
(0, 0.042132001531909546)
(0, -0.039983152231134814)
(-1, -0.840875421176182)
(0, 0.3324763051544172)
(0, 0.10154701032642091)
(0, 0.015204609404318933)
(-1, -0.42052812183234345)
(0, 0.06693063194018943)
(0, -0.008589501796375354)
(1, 0.5624452121196032)
(1, 0.48896625314089115)
(1, 0.022125818722046275)
(0, -0.07927625578963637)
(0, 0.000573705389552766)
(1, 0.2457911696938752)
(1, 0.9441266382586515)
(-1, -0.7859173517071019)
(1, 0.7469439717333751)
(1, 0.4002302777873712)
(0, 0.042357466344639244)
(0, 0.03880221344498868)
(0, 0.09959609725173442)
(-1, -0.05639452784619714)
(0, 0.01191071411846304)
(0, -0.02308854563538107)
(-1, -0.7488958049410119)
(1, 0.999646427804667)
(1, 0.7639025176574966)
(-1, -0.8917808933062207)
(0, -0.09729191406038536)
(0, -0.048565030406723275)
(0, -0.09382878350232607)
(-1, -0.30417098101997025)
(-1, -0.25252328684786945)
(0, 0.10059173847686044)
(1, 0.5723686780452668)
(1, 0.8972483576968893)
(1, 0.8412543389252255)
(0, -0.005886623444284977)
(0, 0.012414642196438602)
(0, 0.023426602348655193)
(0, -0.01169296858311349)
(0, -0.058852890069341426)
(-1, -0.20177771591974422)
(-1, -0.41662008925637606)
(1, 0.34588062505239436)
(-1, -0.8049116752983642)
(-1, -0.7820078897119571)
(1, 0.31953774173926325)
(1, 0.9967685616673583)
(-1, -0.9775998030283053)
(-1, -0.09002037968837662)
(0, -0.2526613535840434)
(0, -0.35204247836640573)
(0, -0.21823426345767877)
(-1, -0.34011866527961554)
(-1, -0.5685252261195206)
(-1, -0.5797565343863182)
(-1, -0.448957352391518)
(0, -0.22040130604646258)
(-1, -0.9039502657077165)
(-1, -0.8551872907413218)
(-1, -0.5315407582975314)
(1, 0.999137767720828)
(1, 0.3216161898391859)
(-1, -0.23093041256716235)
(1, 0.3869987419390621)
(-1, -0.7346007116407693)
(0, -0.1168096373246108)
(0, -0.42292946884809346)
(-1, -0.737915195874188)
(0, -0.06233513616219237)
(0, -0.10611616360187427)
(-1, -0.24895584759931694)
(1, 0.4246663229565267)
(0, -0.00660795602454849)
(0, 0.19901585982202297)
(0, 0.11961175333270385)
(0, -0.001842883361865888)
(0, -0.14779077946323127)
(1, 0.9475373935935266)
(1, 0.6270290656397214)
(1, 0.006048469767245268)
(0, 0.05980104103118297)
(0, -0.24670423344895367)
(0, 0.0638631946291407)
(0, 0.28621343705442137)
(1, 0.3547998808484606)
(-1, -0.9995301330621243)
(1, 0.8076708289098645)
(0, 0.026428356429891414)
(1, 0.8422107750752292)
(1, 0.768935882432295)
(0, 0.1031165884121846)
(1, 0.392049758852633)
(0, 0.31709244391672653)
(1, 0.609413884546482)
(0, 0.38520881035963134)
(1, 0.5803884032675677)
(0, 0.4908306443270749)
(0, 0.21367340101459648)
(1, 0.8820153114101568)
(0, 0.3117059627354663)
(1, 0.6081324380152836)
(1, 0.6862141494878446)
(0, -0.005359888189697747)
(0, -0.13347642420552455)
(0, 0.09611350958275439)
(0, 0.29974790217665437)
(1, 0.27109854784809106)
(0, -0.030963092640945142)
(0, -0.2436737331694082)
(1, 0.8896201833298665)
(0, 0.004056409425697877)
(0, 0.014984819271662522)
(0, -0.04954161482173347)
(0, 0.025034089140186983)
(0, -0.021964986033654155)
(1, 0.4753207937107867)
(-1, -0.2299646179582649)
(0, -0.11239245064038407)
(-1, -0.12813911599754224)
(0, 0.0177915328543706)
(0, 0.021236019073322353)
(0, 0.1920955196523763)
(0, 0.06845491538017817)
(1, 0.9099696130797265)
(0, 0.12946761855872424)
(1, 0.42458209781636125)
(0, 0.005131439535184157)
(1, 0.7184282426215352)
(0, 0.040023437354268776)
(1, 0.9559932561314932)
(0, -0.21642359536154976)
(-1, -0.8135062813772016)
(1, 0.0004718700947041188)
(-1, -0.6494697558465896)
(1, 0.5665856825089379)
(0, 0.12853455291257398)
(-1, -0.4602480115829436)
(0, -0.33694853064578495)
(-1, -0.04520778915383633)
(0, 0.14917512307351788)
(-1, -0.5576532340877534)
(1, 0.4591984577197889)
(-1, -0.8410736702205485)
(1, 0.24837677088939847)
(0, 0.004274647486461718)
(0, -0.20102133593514523)
(0, -0.08477354577452897)
(0, -0.026164035964209048)
(0, -0.10613715723392564)
(0, -0.32495368511626116)
(0, -0.016755593486220466)
(-1, -0.4720655181534782)
(0, -0.1763161001252486)
(-1, -0.5909294355137035)
(1, 0.05811298970873574)
(0, -0.06042902000346223)
(0, -0.09668409595372787)
(-1, -0.06351111342475263)
(1, 0.06807843262015484)
(0, 0.1583285055116465)
(-1, -0.43631877954920334)
(-1, -0.7665655919998661)
(0, 0.2765951563090796)
(-1, -0.7741785421215717)
(0, -0.040366727994401025)
(-1, -0.8728227127043723)
(-1, -0.6185377626392015)
(-1, -0.7171881449915694)
(0, 0.06155280844851182)
(-1, -0.9611562975330561)
(0, -0.13176679627910926)
(1, 0.6558783779993486)
(-1, -0.4316727695912402)
(-1, -0.47354956858593567)
(-1, -0.9968495336269653)
(-1, -0.6100614363861685)
(-1, -0.48420515039870304)
(-1, -0.9573396460190595)
(0, 0.0007430058300940158)
(0, 0.010108573614903443)
(-1, -0.7337322443952052)
(1, 0.6957699942540392)
(0, -0.15722567438364238)
(0, 0.14022890950885755)
(1, 0.9858062879469435)
(-1, -0.6567963331224533)
(0, -0.14872006236500346)
(-1, -0.6567963331224533)
(0, -0.1001679242931387)
(-1, -0.633230592791981)
(1, 0.08943262346359276)
(-1, -0.6030565912628509)
(1, 0.6551675043786386)
(1, 0.4200436877141498)
(1, 0.0316319342149734)
(-1, -0.5234927268995735)
(1, 0.5965496420287127)
(1, 0.9237742309210975)
(0, 0.21644658294796704)
(1, 0.7159368351270138)
(-1, -0.7442893220388868)
(0, 0.0025957771333902646)
(-1, -0.7777740913639594)
(1, 0.5332478455453631)
(1, 0.9321906518492347)
(1, 0.6557744654413035)
(0, 0.0711651444942932)
(0, 0.4270562321657411)
(-1, -0.07192493217570595)
(0, -0.11649249836455502)
(0, 0.05033591724412347)
(0, 0.00988751067173594)
(1, 0.963126268711952)
(-1, -0.44712504683657334)
(-1, -0.16530558666442308)
(0, 0.08400768598222352)
(1, 0.35195658509550515)
(0, 0.07525175328643083)
(1, 0.9457192994585256)
(1, 0.2851244819090178)
(1, 0.6570238782995522)
(1, 0.13437409396178845)
(1, 0.4629408597214921)
(1, 0.6137122211187263)
(0, 0.28221420655693574)
(1, 0.7654862389677408)
(1, 0.009202333508031513)
(0, -0.4135432611141242)
(-1, -0.9259619057828765)
(0, -0.044152388711995866)
(1, 0.6046303848138439)
(-1, -0.18278003988294522)
(1, 0.5363394368072508)
(1, 0.1121147984092209)
(-1, -0.82911891151844)
(-1, -0.3519538081461644)
(-1, -0.8958801075699345)
(-1, -0.9674185677948832)
(1, 0.4492975917543404)
(0, 0.003689181341539744)
(0, 0.08965665146044244)
(1, 0.26238009963973447)
(-1, -0.25217002841764696)
(1, 0.1139120077870669)
(0, -0.30902521668260724)
(-1, -0.10344206580017112)
(0, 0.34360992122721323)
(1, 0.03790297552093991)
(0, -0.13105191265686925)
(-1, -0.054475700493191836)
(0, -0.14035731069313834)
(-1, -0.48475721366812613)
(-1, -0.2758007261550036)
(0, -0.012067519815496308)
(0, 0.23998026038187742)
(1, 0.7471468744036082)
(0, -0.024247885955851395)
(1, 0.27365830593093654)
(0, -0.04019194218414324)
(0, 0.05383853240888245)
(0, 0.0952126118456239)
(-1, -0.870724069905468)
(0, -0.004845304810270706)
(0, -0.004845304810270706)
(1, 0.7603538980114088)
(0, -0.004582840006797817)
(-1, -0.4758203587677353)
(1, 0.6741621595085276)
(1, 0.39243559471556794)
(1, 0.8890362967813672)
(0, 0.10044990188466245)
(0, -0.0027181940852912534)
(1, 0.19346738619652382)
(1, 0.9392023165692301)
(-1, -0.17760712853357674)
(1, 0.9408316092917748)
(1, 0.6180398537530126)
(1, 0.8425495829173549)
(1, 0.6124011180529604)
(-1, -0.14102561679990816)
(1, 0.8561181967761571)
(-1, -0.13649494676110968)
(0, 0.08991755064012766)
(1, 0.6364088868857302)
(-1, -0.07791818676892925)
(1, 0.6992633913764339)
(-1, -0.6812256987744163)
(0, 0.27750592287968767)
(-1, -0.32949846945332106)
(-1, -0.9534909932965564)
(1, 0.5346664283382374)
(1, 0.6342035871304148)
(-1, -0.9372971893062875)
(-1, -0.5279635039376253)
(-1, -0.1991209598064525)
(1, 0.20150737035824878)
(-1, -0.4009911622022505)
(0, -0.34427013102703086)
(-1, -0.07251839588916925)
(-1, -0.9640265217229823)
(-1, -0.9724740505871893)
(-1, -0.979875619412848)
(0, -0.003965351622410146)
(-1, -0.922656613375056)
(-1, -0.7727511460628986)
(1, 0.5476291138996489)
(-1, -0.46751680909905224)
(-1, -0.037556814658993076)
(0, -0.08083722798208459)
(0, -0.05194988177775445)
(-1, -0.9494586987409985)
(-1, -0.12176760227098876)
(-1, -0.10710057149582614)
(-1, -0.9601195486097827)
(-1, -0.5981230909058468)
(0, -0.02081274919898)
(-1, -0.6642566967787347)
(-1, -0.4680529927481065)
(-1, -0.893984263682788)
(-1, -0.7450020701702471)
(0, -0.25332437823021126)
(0, -0.027867834695859156)
(0, -0.11541699909358161)
(1, 0.5421186337852933)
(0, -0.2713014876436773)
(-1, -0.5528764654090967)
(-1, -0.5371107346594758)
(0, -0.05731536242607685)
(-1, -0.5371107346594758)
(0, -0.31574645577265764)
(1, 0.0806678553577101)
(-1, -0.729983756315771)
(-1, -0.7397522348973188)
(0, -0.44638949687342017)
(-1, -0.44462941671075407)
(-1, -0.28285655466953896)
(0, -0.11265170864775093)
(-1, -0.3158791096307614)
(0, -0.01377366797757552)
(0, 0.17324247312523378)
(0, -0.18530056198897432)
(1, 0.2718178790072267)
(-1, -0.8644136080884367)
(-1, -0.3849370563881466)
(-1, -0.9963113798302635)
(0, 0.459537860913176)
(1, 0.5064384353321079)
(-1, -0.5926977678426608)
(1, 0.3122483022192238)
(0, 0.3079719070795222)
(-1, -0.5926977678426608)
(1, 0.3122483022192238)
(0, -0.018436851877306953)
(-1, -0.9313126919148806)
(1, 0.25077804228643336)
(0, -0.2251375476146108)
(-1, -0.4647021792540609)
(0, 0.31211021677246054)
(0, 0.15263652053388865)
(-1, -0.3814751412406634)
(-1, -0.9698442306980463)
(0, -0.1891148382427831)
(1, 0.13037578740396671)
(1, 0.5632679071483757)
(1, 0.18076385790599103)
(1, 0.8380740155257238)
(-1, -0.6047114279039018)
(1, 0.8816633036690826)
(0, -0.21599563039851705)
(0, -0.14833755913977312)
(1, 0.21416548060007218)
(0, -0.047803926151794074)
(0, -0.00902702799612573)
(0, -0.05490656734311444)
(-1, -0.15427957974220485)
(-1, -0.9516445292754762)
(1, 0.6096009101743172)
(0, -0.3472654666125724)
(1, 0.5763586051106311)
(-1, -0.2881992655702688)
(0, -0.11463081817472501)
(1, 0.42072570306711665)
(-1, -0.4699067442024156)
(0, -0.14433819026583325)
(0, 0.007327729895170387)
(0, -0.18041975585803138)
(0, 0.021511337080599935)
(0, 0.04498833256296153)
(-1, -0.5640979742025785)
(0, 0.08135863336076388)
(0, 0.006147827566880551)
(-1, -0.2461538846041691)
(-1, -0.4401927180419914)
(-1, -0.8785350139096524)
(0, -0.15523144102736713)
(-1, -0.5736147928273045)
(1, 0.46649651112384116)
(1, 0.9980579397262291)
(0, 0.043199920429105115)
(1, 0.8692298603673274)
(0, -0.006545890866172563)
(0, -0.13149223994369197)
(1, 0.2675851215434022)
(0, -0.08891338121901929)
(-1, -0.994406261294344)
(-1, -0.4680640534853893)
(-1, -0.9551875202756596)
(1, 0.6028488162492134)
(0, 0.13308198989365444)
(-1, -0.8996544572381306)
(-1, -0.6409271700086577)
(0, 0.036668772801925986)
(0, -0.04824052365823234)
(0, -0.07591325319988283)
(1, 0.6109574005463172)
(0, -0.051490223999341)
(-1, -0.9869516973281006)
(-1, -0.4924045444035956)
(0, 0.04384051674933492)
(0, 0.11981773087031386)
(-1, -0.6305329978102855)
(1, 0.5321926113218576)
(1, 0.6406466724935713)
(0, -0.03137932879678747)
(-1, -0.5713011713574454)
(1, 0.7626389010570407)
(1, 0.8410709834159869)
(-1, -0.9677390660147134)
(1, 0.22583433144044263)
(1, 0.3633113893212276)
(-1, -0.602209983690059)
(-1, -0.64702943403094)
(-1, -0.8406745439870424)
(-1, -0.540548544196995)
(-1, -0.8015610739491601)
(0, 0.06056177735507884)
(1, 0.7369484544550831)
(-1, -0.9243309694797874)
(-1, -0.9921131290791563)
(-1, -0.9932246735878596)
(-1, -0.4680031262969675)
(-1, -0.5450029318648058)
(-1, -0.31516428329269414)
(-1, -0.4461057652444666)
(1, 0.02726047659055386)
(1, 0.18946452393955382)
(-1, -0.560158643731363)
(-1, -0.11709690426846703)
(-1, -0.8983787533622498)
(-1, -0.8020461977208245)
(-1, -0.011256602082575451)
(-1, -0.9853564723614358)
(-1, -0.9598619104477053)
(1, 0.33292394725596364)
(-1, -0.997312735142898)
(-1, -0.9084473388842632)
(-1, -0.6705972584589709)
(1, 0.5299716571352491)
(1, 0.9384389404066108)
(0, -0.17761741849532378)
(1, 0.4668857898789248)
(-1, -0.49203577195553383)
(0, -0.05155307622306389)
(0, 0.301005582704718)
(0, -0.16363684657018288)
(1, 0.8789131781821111)
(1, 0.7316230461864656)
(0, 0.0006632476544218419)
(1, 0.18761205650528884)
(0, -0.44678985914643055)
(1, 0.3709288140866643)
(-1, -0.9457277040345701)
(-1, -0.9252834206902911)
(0, -0.10555453656291039)
(-1, -0.5510572098134546)
(0, 0.0723291622312422)
(-1, -0.5276410025856391)
(0, 0.11924994541330086)
(-1, -0.8019232901945628)
(1, 0.3571544640671478)
(-1, -0.231571822860067)
(1, 0.503233402814436)
(1, 0.8399849767284531)
(0, 0.37828266192839777)
(-1, -0.9721062932199461)
(-1, -0.03700527134461179)
(1, 0.7181900610133396)
(0, -0.3378658110349321)
(0, 0.07662153373551558)
(-1, -0.7357823393569025)
(-1, -0.908486075357499)
(1, 0.38177940216682293)
(0, -0.02512535295734565)
(-1, -0.6008108474565428)
(-1, -0.6564019683008909)
(0, 0.34549315206787845)
(-1, -0.8018061171747621)
(0, 1.3951322914373608e-25)
