(1, 0.9993396917580387)
(1, 0.22036559747876733)
(1, 0.14372262085416654)
(-1, -0.7191680965626974)
(1, 0.9651107849791838)
(1, 0.8542846349755328)
(-1, -0.7619562379445624)
(1, 0.9964934950948517)
(1, 0.8278987360281013)
(1, 0.6963770998610608)
(0, -0.04220787434739781)
(0, -0.0358623978187004)
(-1, -0.0402059221271579)
(0, -0.3061436129909645)
(0, 0.022615720627958306)
(0, 0.035451336600413)
(0, -0.2998891810748607)
(-1, -0.5361688907082053)
(1, 0.4793097880025512)
(0, 0.024077759786851203)
(-1, -0.22324883586626598)
(1, 0.3281568492084872)
(-1, -0.17393257046833754)
(1, 0.5876611712626425)
(1, 0.5689413965534464)
(-1, -0.6502415827934043)
(1, 0.8509588809012446)
(1, 0.4060814447797447)
(1, 0.9031900373939247)
(-1, -0.9947000060749827)
(1, 0.92685345000848)
(1, 0.25720441256131554)
(1, 0.6906310390006429)
(-1, -0.5365442029231405)
(0, -0.4028997923450866)
(1, 0.45781862025936987)
(1, 0.9914035445101397)
(-1, -0.308612916780927)
(-1, -0.9860542300691463)
(-1, -0.8422278545627081)
(1, 0.40438147032919347)
(0, -0.04080763905940821)
(1, 0.7104838617015798)
(0, 0.07787130834638463)
(-1, -0.693399008163133)
(1, 0.47444611754309135)
(-1, -0.4896444009910756)
(1, 0.41284004657609685)
(-1, -0.019474844545917913)
(1, 0.29560768923688624)
(1, 0.24924339828901265)
(-1, -0.26539750168153975)
(0, 0.010044145020378079)
(-1, -0.26679323834959706)
(0, 0.17275321970852744)
(-1, -0.9760039849343951)
(1, 0.8840500905450988)
(-1, -0.99079041339647)
(0, -0.20867132203872632)
(0, 0.01589155421612673)
(0, -0.015240989590568702)
(0, -0.2736453043617466)
(0, -0.054829562551769545)
(0, 0.05034312710419714)
(0, -0.04154019272476681)
(0, -0.014669114043475762)
(-1, -0.9835722387398674)
(-1, -0.9340934331809769)
(-1, -0.4298160137451306)
(-1, -0.9842409857624944)
(1, 0.0060368369429461)
(-1, -0.8074028258631376)
(-1, -0.3861999449341145)
(-1, -0.9665939656944789)
(-1, -0.4515114776017356)
(-1, -0.999267186667)
(1, 0.9336045805360655)
(1, 0.521070758685903)
(-1, -0.6221117506403537)
(-1, -0.9676826108586721)
(-1, -0.7217221760711157)
(0, -0.012199993485423388)
(-1, -0.7782526490076627)
(1, 0.4682698044611293)
(1, 0.11981666252944034)
(1, 0.8882551566070835)
(0, 0.18738785245624845)
(1, 0.07864282590249683)
(-1, -0.5128000730850508)
(-1, -0.2353456987248766)
(-1, -0.582089429293707)
(-1, -0.7947590197955163)
(-1, -0.9838625143276966)
(-1, -0.6558460024334682)
(-1, -0.1767798537904237)
(-1, -0.24522638946081615)
(1, 0.3510079677797674)
(0, -0.1080904745097269)
(1, 0.9387158617718451)
(0, 0.03507330310029716)
