(1, 0.8858912191709284)
(1, 0.35816509592756635)
(1, 0.19005424539131077)
(1, 0.5656161536047258)
(1, 0.5412236198691281)
(-1, -0.24096605873837718)
(1, 0.4460678895473987)
(-1, -0.8415059243512848)
(0, -0.13620759175459823)
(0, 0.004480509560789131)
(-1, -0.9677440291608161)
(-1, -0.6180610742351036)
(0, -0.14400089084013645)
(1, 0.8683233253483363)
(1, 0.6962332941991847)
(-1, -0.724010180919635)
(1, 0.8311470599747954)
(0, -0.25505816763337963)
(0, -0.18233563031078326)
(0, -0.2183300857491401)
(-1, -0.26539750168153975)
(-1, -0.596776234030127)
(-1, -0.983319340700546)
(0, -0.39163137197749864)
(-1, -0.669989256152443)
(-1, -0.3475945933984018)
(0, -0.3353295470943452)
(-1, -0.5513935777113846)
(-1, -0.9985957531931302)
(1, 0.9421240090862447)
(1, 0.06913075715083966)
(0, 0.16301810399417632)
