(0, 0.002361554011077016)
(1, 0.09193286968637882)
(0, 0.024486908079069447)
(-1, -0.7014410816525605)
(0, 0.13224878719171504)
(-1, -0.4353993741114957)
(-1, -0.9276960603998798)
(1, 0.1969194749406904)
(-1, -0.9938237635778062)
(-1, -0.7043764098799334)
(-1, -0.9873395230385738)
(1, 0.6334558752582733)
(0, 0.00043764170946500314)
(1, 0.792370690295785)
(1, 0.7870983790341097)
(0, 0.007806127625847857)
(0, 0.00014243776785180745)
(0, 0.13473953732622188)
(0, 0.12458185962051743)
(1, 0.6618796308636844)
(1, 0.8088270451234272)
(0, 0.012291743388145218)
(-1, -0.04375115312439515)
(1, 0.5141477871538475)
(-1, -0.43394104453657145)
(1, 0.24009689605339027)
(1, 0.24536007832641393)
(-1, -0.544042336395148)
(-1, -0.9484112746227567)
(-1, -0.9990785820594406)
(0, -0.30347346458778107)
(-1, -0.6261000271352019)
(-1, -0.7302088460791131)
(-1, -0.963431329963116)
(-1, -0.08649345912251871)
(-1, -0.9993345268869739)
(0, -0.2035351827043395)
(-1, -0.6598202063926528)
(1, 0.12187260760683993)
(0, -0.1787602577907082)
(-1, -0.9868679935875447)
(-1, -0.09995205903307608)
(-1, -0.8284688925965129)
(-1, -0.9659513042579433)
(0, -0.12410279184375801)
(-1, -0.7176900744544892)
(1, 0.35180668673713894)
(0, 0.11718961265574362)
(-1, -0.41879082793244415)
(0, 0.012853014586038852)
(-1, -0.9925381793371336)
(-1, -0.2097398900952357)
(0, 0.228802055751874)
(-1, -0.9462463849999028)
(1, 0.43013346848305634)
(-1, -0.26199890154429384)
(-1, -0.9126647114793204)
(0, -0.012500975805351998)
(-1, -0.36812276905172453)
(1, 0.5079171044424903)
(0, -0.2634147910362131)
(1, 0.2986483600327527)
(-1, -0.8741232199166045)
(0, 0.12179543857467443)
(1, 0.9908274355248788)
(1, 0.8327193744590546)
(-1, -0.10358634938443617)
(1, 0.6791339453826345)
(0, 0.0966685520649074)
(1, 0.07579158394150454)
(1, 0.9515520501310856)
(-1, -0.8227720076160858)
(0, 0.2776550218807924)
(1, 0.9166772303677131)
(-1, -0.5335356135572873)
(1, 0.2871422448437754)
(1, 0.9864864846808438)
(0, 0.30363468922524683)
(0, -0.03431546177039971)
(-1, -0.9431742451720297)
(-1, -0.5276768467484627)
(0, -0.14872006236500346)
(-1, -0.963860828523701)
(1, 0.47839068623399955)
(0, 0.419007496233159)
(0, 5.591252610956214e-05)
(-1, -0.6488211781575924)
(1, 0.18710389349830558)
(0, -0.07381690682953246)
(0, -0.05826770219538442)
(0, 0.259493790447023)
(1, 0.35998866937448765)
(1, 0.5906571892628506)
(1, 0.33409114933356965)
(1, 0.6540996940961098)
(0, -0.1322996099141839)
(1, 0.5792026926702002)
(1, 0.716688288243059)
(1, 0.5814262621954223)
(1, 0.44731842463442034)
(1, 0.44071263658610527)
(0, 0.003668747180278084)
(0, -0.05567238841820349)
(0, -0.02107220397028322)
(1, 0.2530503307505393)
(0, -0.2119403703540002)
(0, -0.05733062027690694)
(0, -0.2571755604761711)
(1, 0.9292047875593509)
(-1, -0.9630178544923879)
(0, 0.2173530722425275)
(1, 0.3487180589716704)
(1, 0.5251919231745081)
(-1, -0.28553811427771114)
(1, 0.8975852730662232)
(-1, -0.3122792930192209)
(0, 0.03993017704471413)
(0, 0.19921669616660992)
(-1, -0.8022224613477039)
(1, 0.9736606038175634)
(0, 0.27335362450782)
(0, -0.05794150407956543)
(0, 0.17862146870157963)
(1, 0.515600247746608)
(0, -0.2697286006525881)
(1, 0.41204269814896577)
(0, 0.05053493446434684)
(1, 0.919453544078776)
(0, 0.2341962279196695)
(-1, -0.4321722252804665)
(1, 0.7256403955276017)
(-1, -0.3351862862233904)
(0, 0.052913911669730446)
(-1, -0.5932250698168747)
(-1, -0.7141024106212699)
(0, 0.0240993243777504)
(0, 0.25719941531242224)
(-1, -0.9507802526676826)
(0, -0.11074692708688934)
(0, 0.07790408610818572)
(0, -0.0016638354781358111)
(0, 0.06374432684603418)
(-1, -0.6790328535347372)
(-1, -0.2449120254772243)
(-1, -0.5919863234652118)
(-1, -0.8141441494749989)
(-1, -0.8187649654690615)
(-1, -0.8704107521265647)
(-1, -0.8974233782711953)
(-1, -0.975429355261663)
(0, -0.24140003048859165)
(-1, -0.06763108219734426)
(-1, -0.9540573623013096)
(0, -0.28954152436845565)
(-1, -0.9538154903374495)
(-1, -0.6151196474391155)
(-1, -0.9058393759331734)
(1, 0.418513827715891)
(-1, -0.9919344394689685)
(0, -0.21001389740445567)
(-1, -0.9006525768301886)
(-1, -0.7557759990687423)
(-1, -0.9517448381347721)
(0, -0.01855337390377241)
(0, -0.15085945851253219)
(-1, -0.5810706443335508)
(-1, -0.5222705733976089)
(-1, -0.1749185866186758)
(-1, -0.5545036155917983)
(0, -0.22321311730119414)
(1, 0.43961878779363406)
(-1, -0.9822176901087307)
(0, -0.002942285812616803)
(0, -0.11773264093303208)
(-1, -0.729983756315771)
(-1, -0.9632396335479907)
(1, 0.977986907584858)
(-1, -0.6307408555768139)
(1, 0.48077056417940545)
(1, 0.05056429916661642)
(-1, -0.7508533217850725)
(1, 0.9974767788606814)
(-1, -0.8241932137041302)
(0, 0.028666233699755614)
(-1, -0.8333810032244957)
(-1, -0.9613896112398362)
(-1, -0.7669399044965445)
(1, 0.34952918387678866)
(1, 0.5224190919693454)
(-1, -0.8470896391066325)
(1, 0.2213363267107925)
(-1, -0.05619428288185141)
(-1, -0.1731518464417348)
(1, 0.48408052092265186)
(1, 0.8225937973601601)
(1, 0.37382073706166896)
(1, 0.4246843192899054)
(0, -0.16592509198922184)
(-1, -0.34032855714902427)
(0, 0.10037401757373382)
(-1, -0.6309323575034168)
(1, 0.4186948159034969)
(-1, -0.04725739218812974)
(1, 0.24608361505251491)
(0, -0.00031936760124609553)
(-1, -0.7151426309109118)
(1, 0.4040170079212731)
(-1, -0.955831287600085)
(-1, -0.8893260041169135)
(0, 0.03424330437540735)
(0, -0.03800594560250824)
(0, 0.14555869626491053)
(0, 0.0025196992923105684)
(0, -0.03067826273410857)
(1, 0.314822825804147)
(0, -0.16469473412438762)
(1, 0.2662164624433075)
(1, 0.005176918293920418)
(0, -0.06765460210613114)
(0, 0.020842418492411557)
(0, -0.20867132203872632)
(0, 0.18852142327070978)
(0, 0.07890641846984184)
(1, 0.7358088428576374)
(0, -0.06765460210613114)
(0, -0.08086921894322481)
(0, -0.11760459041742632)
(0, -0.06765460210613114)
(0, 0.14798779607265883)
(0, -0.03800594560250824)
(0, -0.0953997615659806)
(0, 0.01589155421612673)
(-1, -0.2080243280955953)
(0, -0.04180269368063513)
(-1, -0.5294006959296289)
(0, 0.13405451335665652)
(0, -0.03800594560250824)
(-1, -0.1852263506765237)
(0, -0.06765460210613114)
(0, -0.25044521062072417)
(-1, -0.2962305279122511)
(0, -0.10694799870412014)
(0, -0.10036550326424698)
(0, -0.08860986303395367)
(0, 0.01288360736072957)
(0, 0.05819174311758349)
(0, -0.06765460210613114)
(0, -0.12890983704934184)
(0, 0.07727670839230487)
(0, -0.07930033210899404)
(-1, -0.16390287700856965)
(0, -0.12926665854926914)
(0, -0.06765460210613114)
(-1, -0.5641236770937466)
(0, 0.026582557175179655)
(0, -0.05244409655021272)
(0, 0.14816687804647127)
(0, -0.06765460210613114)
(0, -0.11429970206766057)
(0, 0.19350957448871658)
(0, -0.12014926027257725)
(0, 0.353346829869955)
(0, -0.20867132203872632)
(1, 0.47437824865730366)
(0, -0.09420318345910009)
(1, 0.6696472110149935)
(0, -0.06765460210613114)
(0, -0.06881847161050578)
(0, -0.017923715917359292)
(0, -0.08616820287798718)
(0, 0.052392539400181966)
(0, -0.06085652085811177)
(0, 0.13434821397800883)
(0, -0.016044982544940065)
(0, -0.12239865791170049)
(0, 0.038253478076085756)
(0, 0.05126987603136669)
(0, -0.0912635701784213)
(1, 0.01819776993120681)
(0, -0.04768565684363249)
(0, -0.06765460210613114)
(0, -0.14965780964249709)
(0, 0.3169439346667204)
(0, -0.06765460210613114)
(0, -0.11541472582982715)
(0, 0.018737411972395895)
(0, -0.11054436408627455)
(1, 0.5064720219427059)
(0, -0.07880795175804997)
(1, 0.7384164431028714)
(0, 0.0769988765366369)
(0, -0.04768565684363249)
(0, -0.20867132203872632)
(1, 0.8756646380938948)
(0, 0.13330564133981138)
(0, -0.25570827541298685)
(0, 0.2533413449714362)
(0, 0.0047307621022242285)
(1, 0.5879076434996269)
(0, 0.05126987603136669)
(0, -0.20867132203872632)
(0, 0.2542928335032949)
(0, 0.058910704510278494)
(0, -0.2500269359338283)
(0, 0.1989396093952784)
(0, -0.1096756374750843)
(-1, -0.6907260804553472)
(0, 0.051096421338942065)
(0, -0.05989616929272418)
(0, -0.06765460210613114)
(0, -0.06166537877503778)
(0, -0.05989616929272418)
(0, -0.06765460210613114)
(0, -0.06765460210613114)
(0, 0.1685688167743235)
(0, -0.05989616929272418)
(0, -0.06765460210613114)
(0, -0.06765460210613114)
(0, 0.19819105335074091)
(0, -0.05989616929272418)
(0, -0.06765460210613114)
(0, -0.06765460210613114)
(0, 0.009726353105065016)
(-1, -0.4601726154596652)
(1, 0.929588152816479)
(-1, -0.8608364424452748)
(0, 0.1021131167325743)
(1, 0.5018260154159279)
(-1, -0.9639182294813969)
(-1, -0.39060053396056893)
(0, 0.098349558310199)
(1, 0.5454903144445363)
(-1, -0.25876592057050724)
(-1, -0.25578461634302163)
(-1, -0.5251793748125243)
(1, 0.27641280378406624)
(-1, -0.8830827433742244)
(-1, -0.7070294133090912)
(1, 0.015226225675659733)
(0, 0.0132599405352125)
(0, 0.11058521636836899)
(0, -0.06949836319385178)
(0, -0.06765460210613114)
(0, -0.01881715656789948)
(0, 0.07678164737000887)
(0, -0.06765460210613114)
(0, 0.032590631485696256)
(0, 0.041554046872767245)
