(0, -0.14420080672338859)
(1, 0.607446299711472)
(-1, -0.8590551679131542)
(-1, -0.47575190936396483)
(-1, -0.9973516356029474)
(-1, -0.891669913150253)
(0, -0.344949798634393)
(-1, -0.06938005887043858)
(0, -0.015742239106570875)
(-1, -0.9951933750319091)
(-1, -0.9600401550926217)
(0, 0.04908094030999887)
(0, 0.049897843941987874)
(0, -0.07392042447365153)
(0, -0.09012400360045962)
(0, -0.10209552525381965)
(0, -0.0507109351576438)
(0, -0.059348352937810225)
(-1, -0.3582547011098446)
(0, -0.28479900061911684)
(0, -0.06969467134246303)
(1, 0.5124604682299454)
(-1, -0.0072337108965339625)
(0, -0.2297883432635042)
(0, -0.00862039852913829)
(0, 0.054703661955566474)
(0, 0.03876245036827923)
(-1, -0.52518352013885)
(-1, -0.3231509452382205)
(-1, -0.4532723177623366)
(-1, -0.44665746270684337)
(0, 0.06794389151408989)
(1, 0.39693663131105805)
(0, -0.1089192916386707)
(0, -0.056340791832478206)
(0, -0.06740649509664032)
(1, 0.7818030755261085)
(0, 0.05712461224976553)
(0, -0.08727245463260218)
(0, 0.16258268805310258)
(0, -0.11094779244778813)
(-1, -0.6964831990327979)
(0, -0.0817058758496304)
(-1, -0.9881294405168659)
(0, 0.00593686198251609)
(1, 0.31164288884998037)
(1, 0.01536141725934137)
(1, 0.9719582000852113)
(0, 0.07025367426526503)
(0, -0.1027197801881728)
(1, 0.47099555271799864)
(-1, -0.45758497425819417)
(0, 0.2913105212629022)
(1, 0.538433429255)
(0, 0.026415477415718897)
(0, -0.011135953364639045)
(0, 0.24641383133885902)
(1, 0.2560837413243989)
(-1, -0.8339438918707122)
(1, 0.6901524655552259)
(-1, -0.49610085837975876)
(-1, -0.7332703768194889)
(0, 0.26077228799296304)
(-1, -0.2459482674195598)
(1, 0.42104130121775574)
(1, 0.3065699077593468)
(1, 0.5597117725315237)
(-1, -0.4545604948211692)
(1, 0.40751203613126674)
(0, -0.09383911525002991)
(-1, -0.9643869124464669)
(1, 0.4683785243699447)
(0, -0.02386542371800682)
(-1, -0.9405886767792706)
(1, 0.8188407394922513)
(1, 0.032281426836999305)
(-1, -0.7362648846752483)
(-1, -0.972006743707605)
(-1, -0.7161781597013173)
(-1, -0.14963279172676108)
(-1, -0.30472011180077274)
(-1, -0.4865210316392198)
(1, 0.8641250865823324)
(0, 0.1407606956024992)
(-1, -0.5564856462384179)
(-1, -0.31152724950801103)
(1, 0.5928562518881735)
(-1, -0.8425150462421046)
(0, 0.1187788051832499)
(-1, -0.3679040302381098)
(-1, -0.5051808522320146)
(1, 0.5744024763647391)
(1, 0.7654399503057687)
(-1, -0.7887048375241407)
(1, 0.1591528162694819)
(1, 0.5773174715622219)
(0, 0.011036709331463695)
(-1, -0.4330216436634269)
(-1, -0.5940340675688794)
(1, 0.29296037322129886)
(-1, -0.9710857304395463)
(-1, -0.8904654659272075)
(-1, -0.6476606590087244)
(-1, -0.9934532224444883)
(-1, -0.8365177876633578)
(-1, -0.6256363009873449)
(-1, -0.541442464023779)
(-1, -0.8785523964474338)
(-1, -0.4951425397455304)
(0, 0.013730579605407467)
(-1, -0.6923216063244904)
(0, -0.18806605096936968)
(-1, -0.8104012480886343)
(0, -0.1080359294075884)
(-1, -0.39398519055300857)
(-1, -0.8384433902474887)
(-1, -0.16159950103680226)
(-1, -0.7157170658230523)
(0, -0.19478830824842192)
(-1, -0.49930157230461075)
(0, -0.18466126692555643)
(0, -0.07432077301486098)
(-1, -0.37848924427157393)
(0, -0.3803265353034003)
(0, 0.17502731071650407)
(1, 0.16576781002968288)
(0, -0.2616197647041891)
(0, 0.06254917144975963)
(0, 0.25230182925609784)
(-1, -0.892767681878444)
(-1, -0.9801066113970318)
(0, -0.11099121150146803)
(-1, -0.9903627000134586)
(-1, -0.39157255435483923)
(1, 0.053701976696364284)
(-1, -0.6041153814171448)
(0, -0.013033616227309364)
(-1, -0.02739234388307049)
(-1, -0.06481077594889456)
(-1, -0.718033166063114)
(-1, -0.7493764053251745)
(1, 0.6345930761280404)
(1, 0.0221530018934199)
(0, -0.18087297385126988)
(-1, -0.17989887800188242)
(0, -0.009012007583648517)
(-1, -0.43839065898234725)
(-1, -0.9994950770030784)
(-1, -0.6996655156052749)
(-1, -0.9175617796800147)
(-1, -0.6403492237763846)
(-1, -0.4408602407878361)
(1, 0.4319945968472753)
(-1, -0.5571892261034126)
(-1, -0.33492613249759307)
(-1, -0.9395882491336965)
(1, 0.9072560622233078)
(0, -0.15429114464368116)
(-1, -0.8225629629074469)
(-1, -0.8415905279396096)
(0, -0.0671892777270523)
(-1, -0.4766458378238376)
(0, -0.38828233138885854)
(-1, -0.6997624808373721)
(1, 0.9665437761148411)
(-1, -0.9658362086435186)
(0, -0.15786196487623638)
(0, -0.11961180840191851)
(-1, -0.7019115234900033)
(-1, -0.5650823650892304)
(-1, -0.5896602708778147)
(1, 0.5839523019943653)
(-1, -0.3377443453842345)
(0, -0.277006425061912)
(1, 0.11282216278416707)
(1, 0.17857318104107128)
(-1, -0.9111533987767598)
(0, -0.1538727928184237)
(0, -0.06867262656688254)
(0, -0.18797281561779583)
(-1, -0.7824602757178575)
(-1, -0.26734168301667294)
(1, 0.14609704515119332)
(-1, -0.765022616538476)
(1, 0.5157706374184521)
(0, -0.300734208000045)
(1, 0.46383519934022277)
(-1, -0.6639114855033093)
(-1, -0.25408120267180806)
(-1, -0.044478358576960364)
(-1, -0.8996509270320812)
(0, 0.011364989308539457)
(-1, -0.7717130651725606)
(0, -0.3575162543546992)
(-1, -0.7285514801417676)
(0, 0.13252756351780304)
(0, -0.1518470218046975)
(0, -0.22058697594521115)
(1, 0.11306188869434841)
(-1, -0.9679052833436271)
(-1, -0.11982937827173867)
(-1, -0.8647196480322358)
(0, 0.023800285340323718)
(-1, -0.042616451143097756)
(0, -0.2729100174317014)
(0, -0.3292445160106123)
(-1, -0.9935133006249256)
(-1, -0.4993721487599142)
(-1, -0.21007710473507119)
(0, 0.06124132035107267)
(1, 0.558591433887908)
(-1, -0.6263323658484463)
(1, 0.08591231873861482)
(-1, -0.6650015580338153)
(1, 0.660132332619368)
(-1, -0.12072128540854299)
(-1, -0.4819302853442247)
(-1, -0.8688715836967512)
(-1, -0.7492664141366032)
(-1, -0.8507141725152805)
(-1, -0.606890615175111)
(-1, -0.7047604338466217)
(0, -0.10860438159237737)
(-1, -0.4698604170021704)
(1, 0.5888115374157101)
(-1, -0.7886890438857217)
(-1, -0.9379192990946478)
(-1, -0.9425014607142543)
(-1, -0.9026622520483485)
(-1, -0.4402208481378035)
(1, 0.9155532686657987)
(-1, -0.4024713793221542)
(-1, -0.15995195863496353)
(-1, -0.6250141480065096)
(-1, -0.9172648583124758)
(-1, -0.980070581710951)
(-1, -0.9911049146595646)
(-1, -0.9305107734608997)
(-1, -0.9256825062648437)
(0, -0.1712079789494044)
(-1, -0.4966216063187685)
(-1, -0.36095087159015427)
(1, 0.06254240776783476)
(0, 0.16564431997885812)
(-1, -0.7100538114051249)
(1, 0.6515899258833961)
(-1, -0.7911175979188132)
(-1, -0.3544729396248738)
(-1, -0.11152319938597921)
(1, 0.3056244847669678)
(1, 0.7207041990971591)
(-1, -0.8220092123355996)
(-1, -0.11564322398202564)
(1, 0.8635810101041447)
(0, 0.060326064753427944)
(-1, -0.7859593569665086)
(-1, -0.6827607094894057)
(-1, -0.25552009781626206)
(-1, -0.6241175235256983)
(-1, -0.8957698576772045)
(1, 0.20348810187117483)
(-1, -0.04101315315859155)
(0, 0.005114351816974616)
(0, -0.08098122296853501)
(-1, -0.9843453339303423)
(1, 0.6245422172330678)
(-1, -0.6685154195386341)
(-1, -0.5062996655329818)
(-1, -0.6443465997605913)
(1, 0.8385308381228352)
(-1, -0.8127245305463453)
(-1, -0.4478256840669928)
(1, 0.8211646149383289)
(-1, -0.004982362548446251)
(-1, -0.8473111391291136)
(0, -0.033768725958226775)
(-1, -0.6407899040882774)
(0, -0.32883272903762933)
(1, 0.7373690515780874)
(-1, -0.6933138412301473)
(1, 0.1552760315539921)
(1, 0.33051303129664655)
(-1, -0.43879237021428924)
(-1, -0.7991274148821936)
(1, 0.6068855736716153)
(-1, -0.5601233591009922)
(-1, -0.20085385758255003)
(-1, -0.18166057953897063)
(-1, -0.8585945729907183)
(-1, -0.9912619306556312)
(-1, -0.6925167879532088)
(-1, -0.7071712029186484)
(-1, -0.8278738736531465)
(-1, -0.9785480002026107)
(0, -0.3922080730114724)
(0, -0.029691998925911456)
(-1, -0.9856566893146806)
(-1, -0.9971928253987351)
(-1, -0.8760038369071703)
(-1, -0.09831943105292623)
(-1, -0.22572685073799165)
(1, 0.5930724088216228)
(-1, -0.9700489334109607)
(1, 0.43128954699643984)
(-1, -0.807963752480707)
(-1, -0.37904221565385177)
(-1, -0.37531536137241367)
(-1, -0.17175658703906505)
(-1, -0.22325898115398007)
(-1, -0.516535024840459)
(0, -0.13474644389470009)
(-1, -0.9012531752396531)
(1, 0.9651880954346588)
(-1, -0.7071244943749531)
(0, -0.47729476476972016)
(0, -0.2966464757342628)
(-1, -0.7056579143495176)
(1, 0.5236145230013075)
(1, 0.7706125397607807)
(-1, -0.9858838543699959)
(-1, -0.9386098245347403)
(-1, -0.4536669707533126)
(0, -0.018446459827881206)
(-1, -0.8668293274405433)
(0, -0.03642975184080265)
(1, 0.5840863155969762)
(-1, -0.941450768378342)
(0, -0.16323466352919738)
(-1, -0.7656912128056353)
(-1, -0.8686122349911312)
(0, -0.153888043736296)
(-1, -0.2969502959215984)
(-1, -0.9704878017532464)
(1, 0.7490666695090703)
(0, -0.1356078009642718)
(-1, -0.37232203829084803)
(-1, -0.39124249507870246)
(-1, -0.6059956262173207)
(-1, -0.41127464573716604)
(-1, -0.999188675105362)
(0, 0.03830043704994508)
(-1, -0.9874969397872496)
(0, 0.08298115367262525)
(0, -0.09401704804533056)
(-1, -0.9746517479685262)
(0, -0.12569259162115853)
(-1, -0.10001359917976715)
(-1, -0.9945224124325037)
(0, -0.3145719539236848)
(-1, -0.9499820258185899)
(-1, -0.4204898288874267)
(-1, -0.3368777730450176)
(0, 0.24643320159200385)
(0, 0.07937809002922491)
(0, -0.18467526697266065)
(1, 0.5499822170785484)
(-1, -0.20874662628055968)
(1, 0.2651666004716391)
(0, 0.1480836299625383)
(-1, -0.4802042948971911)
(-1, -0.7291050981661619)
(-1, -0.7004918046270987)
(0, -0.03563246193022124)
(-1, -0.9592753502228302)
(1, 0.4043342799252222)
(1, 0.9949151507339521)
(-1, -0.673782167212987)
(-1, -0.467096162202557)
(1, 0.788345719859666)
(0, 0.10832107358315406)
(-1, -0.9597743355741271)
(-1, -0.30436736968239253)
(1, 0.28973058927260326)
(-1, -0.015395543988789007)
(-1, -0.6647086875200305)
(-1, -0.6171835205376179)
(-1, -0.2244214156527144)
(0, 0.051509164453496556)
(-1, -0.9862718476549424)
(0, 0.08733345747091545)
(1, 0.0025171224304221806)
(0, -0.2068242840611831)
(-1, -0.9982263841515427)
(0, -0.31509030574868974)
(0, -0.2446866359345699)
(0, 0.09454503747851473)
(0, 0.12881053425732447)
(0, -0.05737231435256928)
(-1, -0.6596138225606312)
(-1, -0.9305637473045503)
(-1, -0.608757001624148)
(-1, -0.6783734816779318)
(-1, -0.4238303739061356)
(-1, -0.5652585555352154)
(0, -0.07977691906257092)
(0, -0.263524308823501)
(-1, -0.9808470137511394)
(0, 0.19914315946047875)
(0, -0.2518949772824405)
(0, -0.3665942081190835)
(-1, -0.5164817704885871)
(-1, -0.8008141878765049)
(0, 0.1772106093788642)
(-1, -0.9350072812511189)
(-1, -0.6665081008334445)
(-1, -0.7012230510021176)
(1, 0.37497281758766066)
(-1, -0.5082099325415647)
(-1, -0.2891227215437927)
(1, 0.2218251073451379)
(1, 0.5132495114073918)
(1, 0.7408028687553845)
(-1, -0.9123228432856963)
(-1, -0.6514793813287565)
(0, -0.20499724459877067)
(1, 0.9379586072217249)
(0, -0.22925428685196308)
(-1, -0.8668705882257616)
(0, -0.18834619047940304)
(-1, -0.004374248329767905)
(-1, -0.8171258350429281)
(1, 0.7944779867932441)
(-1, -0.5774681534274314)
(-1, -0.5592037825067947)
(0, -0.028597396055495883)
(1, 0.2002580919780062)
(1, 0.7948966590721848)
(0, -0.26416450424014576)
(-1, -0.5007952084874285)
(-1, -0.9353130124036458)
(1, 0.16811406100053233)
(-1, -0.4055140207621696)
(-1, -0.8719209267721058)
(1, 0.7049586694400342)
(-1, -0.9650650170980649)
(1, 0.229847242995579)
(-1, -0.08629011898217726)
(-1, -0.8683956271291445)
(-1, -0.9010907040099996)
(1, 0.5729364950709207)
(1, 0.9289909430521662)
(-1, -0.5889783058645373)
(-1, -0.48663666854914767)
(-1, -0.47169167589143546)
(-1, -0.9046107557348966)
(-1, -0.6026508389452111)
(-1, -0.9998519862063404)
(-1, -0.8664908245609403)
(-1, -0.6869773683618833)
(-1, -0.6106109788822359)
(-1, -0.9107881419011556)
(-1, -0.8627965097682235)
(-1, -0.6702941189311198)
(-1, -0.20969611846986136)
(-1, -0.5104704203190649)
(0, -0.2690134097868742)
(-1, -0.9068629449997297)
(-1, -0.23804776420388002)
(0, -0.20075512622379096)
(-1, -0.7382835137732878)
(-1, -0.755248470807111)
(0, 0.23902721137264246)
(-1, -0.859994185607087)
(-1, -0.8024205384254802)
(-1, -0.5401220084386924)
(1, 0.5337413391344001)
(-1, -0.2697583958616459)
(1, 0.5840213179817282)
(0, 0.04149897108898766)
(1, 0.4720144546534348)
(-1, -0.9312090142207596)
(0, -0.19987983755998226)
(-1, -0.8400161816171386)
(0, 0.19404881541377228)
(-1, -0.2644098940241821)
(-1, -0.7742208995802495)
(1, 0.44225975929903294)
(-1, -0.7290528347685996)
(-1, -0.939990891382608)
(-1, -0.7844604986839915)
(-1, -0.9873720304230953)
(1, 0.8239982468135503)
(-1, -0.2939107015214665)
(1, 0.41995427159850107)
(-1, -0.9738149208050584)
(-1, -0.9985227825235771)
(1, 0.669267055257157)
(-1, -0.999829291245068)
(-1, -0.9477009777199586)
(0, -0.47534801249566755)
(-1, -0.8296987972801729)
(-1, -0.8967649751666822)
(-1, -0.43249146595163085)
(-1, -0.8039033835144267)
(-1, -0.9548649020987457)
(-1, -0.619759222550455)
(-1, -0.6219650202390744)
(-1, -0.9811258750914439)
(1, 0.382082314116665)
(-1, -0.9799003716807771)
(-1, -0.9147404455276125)
(1, 0.7306334047014144)
(0, -0.07312541557201219)
(0, 0.14712550578481493)
(1, 0.6367634095461779)
(-1, -0.81825075963828)
(-1, -0.1243807247414937)
(-1, -0.8862985182591703)
(-1, -0.2173175011862925)
(-1, -0.07636196250628119)
(0, -0.1914471146189072)
(1, 0.8443575919752876)
(-1, -0.04559007627911155)
(0, -0.2655633082983153)
(-1, -0.5021039197982677)
(1, 0.7590526641018941)
(-1, -0.9479255928352539)
(-1, -0.9413464937828426)
(-1, -0.9881264227522323)
(0, 0.10290353958182176)
(-1, -0.25417316352383723)
(1, 0.4795214314731743)
(-1, -0.3873199977059594)
(0, -0.05075982946649313)
(-1, -0.9768583717395449)
(1, 0.41135942543956105)
(1, 0.05786109398992251)
(0, -0.0625575189310981)
(1, 0.6202382851389698)
(0, -0.043731169824292704)
(-1, -0.34735559896783835)
(0, -0.1726713677613503)
(1, 0.002378166430605455)
(-1, -0.9613163161286837)
(-1, -0.859138774187652)
(1, 0.8820277522798088)
(-1, -0.7521371479271217)
(-1, -0.3601232195209347)
(-1, -0.7003114908300552)
(-1, -0.5284368877203659)
(-1, -0.9896053299694414)
(-1, -0.9686114065710566)
(-1, -0.965539072941678)
(1, 0.3816246651708422)
(1, 0.7132243989986273)
(1, 0.4873102665426655)
(1, 0.3564455309872242)
(-1, -0.9393828081768618)
(-1, -0.28799878654646416)
(-1, -0.20837971871832717)
(-1, -0.29289924881084534)
(-1, -0.9639177249770762)
(-1, -0.7070767269589955)
(1, 0.15868419903236997)
(-1, -0.9822226744366191)
(-1, -0.9915997697994904)
(-1, -0.33391135799774363)
(-1, -0.04368504790679134)
(-1, -0.8852546164857901)
(1, 0.6061147148710654)
(-1, -0.9935158200405041)
(-1, -0.5146068189991)
(0, 0.142285813961406)
(-1, -0.9842913695207308)
(-1, -0.8078333874667355)
(-1, -0.6044103424777876)
(-1, -0.9232116615937785)
(-1, -0.7287321214511533)
(-1, -0.01590122830030416)
(-1, -0.8969395196607748)
(-1, -0.8970951610255695)
(0, 0.11767859593316711)
(0, -0.14438149870688846)
(0, -0.10301160972059)
(-1, -0.7090642457274622)
(-1, -0.49081779799248715)
(-1, -0.8233721001470271)
(1, 0.3564455309872242)
(-1, -0.6261272542227898)
(-1, -0.9487051967392264)
(-1, -0.34387607681064075)
(0, 0.168064197316008)
(-1, -0.9904446103022475)
(-1, -0.49200970668648847)
(-1, -0.3613310112236086)
(0, -0.14962866350892684)
(-1, -0.3724274663639008)
(-1, -0.9787599661276705)
(1, 0.14932433979404608)
(-1, -0.914689576448665)
(-1, -0.032085586208014105)
(-1, -0.9551108912120996)
(-1, -0.9243318526177107)
(-1, -0.781571742928324)
(-1, -0.9895614378306566)
(-1, -0.9809258984203136)
(-1, -0.9654178670631579)
(-1, -0.2128644445834128)
(-1, -0.970016496836105)
(-1, -0.27225937517201176)
(0, -0.20525797507117938)
(-1, -0.9953280366861862)
(-1, -0.3553658077811387)
(-1, -0.32507533953405787)
(-1, -0.9571645096415844)
