(-1, -0.9759059808255907)
(0, 0.156318515682766)
(1, 0.7367457327689778)
(-1, -0.7230969728436786)
(-1, -0.13130794318155137)
(0, 0.016767313032839792)
(1, 0.7682838910005304)
(-1, -0.5435834569619683)
(-1, -0.1250069812299645)
(1, 0.6706693402883951)
(0, -0.18832032033712637)
(0, -0.11511596307724548)
(0, -0.1043215601710935)
(1, 0.014404096724207671)
(0, -0.20867132203872632)
(0, 0.01589155421612673)
(0, -0.20867132203872632)
(0, -0.023343604964043127)
(0, -0.06765460210613114)
(0, -0.16228238402586564)
(-1, -0.6132832249435332)
(0, -0.1225437767535936)
(0, -0.019394166009579883)
(0, -0.20867132203872632)
(0, 0.1134478431251682)
(0, -0.0912926731460777)
(-1, -0.18447570395091412)
(0, -0.0008166592214090135)
(1, 0.8842564255083842)
(1, 0.4756301709472681)
(-1, -0.8624926960767576)
(1, 0.4378778681858243)
(1, 0.5223322251528127)
(1, 0.010301719164841183)
(0, -0.1383377711622869)
(-1, -0.9389268129675612)
(-1, -0.4749099275225956)
(-1, -0.4313929847966046)
(-1, -0.998501524645578)
(0, 0.04288215189997158)
(-1, -0.9465384333735403)
(-1, -0.9517570657326399)
(-1, -0.9999561011968102)
(-1, -0.6024173201903114)
(-1, -0.2464601315013662)
(0, 0.15994986748971368)
(-1, -0.00905464156529967)
(0, 0.008755828067052756)
(0, -0.030975843785581297)
(1, 0.3304394466862256)
(0, -0.021563516825194945)
(0, -0.028222572101687715)
(0, 0.0149426092345005)
(1, 0.036540515905545135)
(0, -0.01663235467593735)
(0, -0.082502825513154)
(-1, -0.9965148761659592)
(1, 0.844802719144352)
(-1, -0.9959557527044254)
(-1, -0.301898468385928)
(0, -0.0035858821683301817)
(0, 0.20884659527525404)
(0, -0.09677833310111636)
(-1, -0.463404957657241)
(-1, -0.990552515327291)
(0, -0.042891892385702984)
(-1, -0.15239861820495532)
(0, -0.023446362601417414)
(0, 0.06072671903883238)
(0, -0.1188056096578603)
(0, -0.1830555819425686)
(-1, -0.999515675733409)
(-1, -0.4106873703654589)
(-1, -0.822787508939471)
(-1, -0.9859712837618025)
(-1, -0.9341917525985278)
(-1, -0.6741260251820577)
(1, 0.707116981839565)
(0, -0.023292004429018687)
(0, -0.20867132203872632)
(-1, -0.7119800095410018)
(0, -0.01663235467593735)
(-1, -0.20420507162992202)
(0, -0.015324398075017148)
(-1, -0.8154720294987378)
(-1, -0.9209744723971799)
(0, -0.16638787582196374)
(-1, -0.8674827991933589)
(0, -0.027708915817816177)
(-1, -0.9959531483232683)
(-1, -0.05757320119870174)
(-1, -0.13336722328606798)
(1, 0.614528774069335)
(1, 0.9619779947318622)
(-1, -0.705095997307301)
(0, -0.021273272962344342)
(0, -0.06799482029084003)
(-1, -0.8071117692090691)
(-1, -0.633224595212136)
(-1, -0.659282804710324)
(0, -0.015076427539351893)
(-1, -0.5214350712954887)
(-1, -0.7483685846533692)
(-1, -0.38305143284887005)
(-1, -0.6036594080672854)
(1, 0.011929088944242217)
(0, 0.06063731885636427)
(1, 0.1567002473411887)
(-1, -0.7128358761402456)
(-1, -0.9825543802964072)
(0, 0.2459681416393675)
(0, -0.04048144192240065)
(-1, -0.5875791124577123)
(-1, -0.8674915167318511)
(0, 0.1128407836771495)
(1, 0.5370357816467556)
(1, 0.804163793085546)
(0, 0.08362165175395275)
(1, 0.8718235662430751)
(1, 0.8995886597831599)
(-1, -0.4153650740537759)
(0, 0.08549147922937125)
(-1, -0.9240921594318108)
(-1, -0.6777199731233693)
(1, 0.9906603764701076)
(-1, -0.36553898354266606)
(1, 0.7259562412702434)
(0, -0.15579894911989178)
(-1, -0.5383031150840567)
(0, 0.06294728401063553)
(0, 0.11812992014084991)
(0, -0.01735394678745525)
(0, 0.11812992014084991)
(0, 0.11812992014084991)
(0, 0.013816566830839053)
(0, 0.013816566830839053)
(0, -0.007751976367596586)
(0, -0.01735394678745525)
(0, 0.0026412785941414135)
(0, -0.009278893525914211)
(0, -0.01735394678745525)
(0, -0.06765460210613114)
(0, -0.01735394678745525)
(0, -0.06765460210613114)
(0, -0.06765460210613114)
(0, -0.004357411698509117)
(0, -0.01735394678745525)
(0, 0.013816566830839053)
(0, 0.011101999966568257)
(0, 0.013816566830839053)
(0, 0.01693925889143326)
(0, -0.06765460210613114)
(0, -0.06765460210613114)
(0, 0.013816566830839053)
(0, 0.013816566830839053)
(0, 0.013816566830839053)
(0, 0.013816566830839053)
(0, 0.01693925889143326)
(0, -0.007751976367596586)
(0, -0.01735394678745525)
(0, 0.008633919973882923)
(0, 0.013816566830839053)
(0, -0.0252049681260193)
(0, -0.011101008697005213)
(0, -0.02875240389708531)
(0, -0.026279023460842016)
(0, 0.029720082029770323)
(0, 0.019513681201498434)
(0, 0.02426969379776872)
