(1, 0.7793588178063613)
(0, -0.1540760112219226)
(1, 0.5505865312099282)
(1, 0.9042023487400397)
(1, 0.5324436369292956)
(1, 0.9967464526444325)
(1, 0.7940968643689272)
(0, 0.08090276755060888)
(0, -0.15396642640050123)
(-1, -0.5869792270200002)
(-1, -0.36108582000797923)
(1, 0.5946178104023409)
(0, 0.10886803507665943)
(1, 0.8445820078941483)
(1, 0.6070743037804008)
(1, 0.0797811674170445)
(1, 0.7492383099229494)
(1, 0.49432929245581936)
(1, 0.8365948086951596)
(1, 0.8790569905985347)
(-1, -0.9259514070489587)
(1, 0.7789742319782509)
(-1, -0.7484041171074541)
(-1, -0.9428523000766321)
(1, 0.3811571082529456)
(1, 0.6055657415715981)
(-1, -0.6738515489869987)
(-1, -0.872453668691569)
(-1, -0.8765303365185912)
(-1, -0.9892449121335247)
(1, 0.6027797602476049)
(1, 0.05447013155486713)
(1, 0.9254527619039579)
(-1, -0.010777340656814516)
(1, 0.9407501165407822)
(-1, -0.05914156143596483)
(0, -0.00808458102824354)
(1, 0.8968961267158092)
(1, 0.8773079754773282)
(1, 0.7664044535468703)
(0, -0.3355235829121712)
(-1, -0.21574939668917809)
(-1, -0.24422543197189833)
(1, 0.9307136370345164)
(-1, -0.07527351680103167)
(1, 0.7723386059988248)
(-1, -0.6480434701971949)
(1, 0.5014429155212705)
(-1, -0.7029633218505896)
(-1, -0.12627072492980795)
(-1, -0.5863047859461231)
(1, 0.5418260985007282)
(-1, -0.4993129950500518)
(1, 0.8357208580336318)
(-1, -0.4858081459929804)
(0, -0.04141258731803248)
(0, -0.1540760112219226)
(0, 0.1037038251285446)
(1, 0.4452526650597126)
(1, 0.9792983992606201)
(-1, -0.8886526007731873)
(1, 0.8775807088005246)
(-1, -0.5196737406072073)
(0, 0.047608019841447136)
(1, 0.959205679049449)
(1, 0.9915464742959005)
(-1, -0.4721681834318133)
(-1, -0.7102363201920485)
(-1, -0.860608055589059)
(-1, -0.9447027551350603)
(1, 0.9947703717765737)
(1, 0.784338483132742)
(1, 0.981516649851777)
(0, -0.029169067260822273)
(1, 0.4909842515912922)
(1, 0.1627670418859557)
(-1, -0.4039244358159406)
(0, 0.005949075174076085)
(0, 0.11279574682683709)
(-1, -0.8463909386162712)
(0, -0.048175301824182976)
(1, 0.7761867136883333)
(-1, -0.4399205184864507)
(-1, -0.9796546132363579)
(-1, -0.2423920866779145)
(-1, -0.9885565837595869)
(1, 0.9338356636485153)
(0, 0.14458258585573444)
(0, -0.00046851353148011365)
(1, 0.5881805868732412)
(1, 0.9965958201879208)
(1, 0.4162098639384014)
(0, 0.2969463391617081)
(1, 0.476396461435914)
(1, 0.17582894186261394)
(0, 0.09585454256417017)
(0, -0.029210836360535286)
(0, -0.23423614228469586)
(0, -0.006191094256924795)
(0, -0.1568286001220851)
(1, 0.38617077587557985)
(0, 0.08670265533031005)
(1, 0.9652612463701419)
(-1, -0.9402011774261239)
(0, -0.008746326818082684)
(0, -0.0386550368510844)
(-1, -0.4520318701567797)
(-1, -0.7560290512381479)
(0, -0.061706768439365525)
(-1, -0.8256880834123521)
(-1, -0.07664263098133434)
(1, 0.11687191649808182)
(1, 0.619574077294904)
(-1, -0.4442633153991)
(-1, -0.40663871124634815)
(0, -0.18998626669640922)
(-1, -0.29822713523927774)
(0, -0.2182861329603233)
(0, -0.10740648472255312)
(0, -0.4489346935700091)
(0, -0.1219358022514603)
(0, 0.016352873691485026)
(-1, -0.43592673157020223)
(0, 0.15612438006610757)
(1, 0.8628973092124204)
(1, 0.98639170218238)
(-1, -0.3824416621047829)
(1, 0.9277069988761615)
(1, 0.9948160324045907)
(1, 0.24121777384998017)
(1, 0.5571003506047048)
(0, -0.07373042010178138)
(-1, -0.9085665305882118)
(-1, -0.7573169961554433)
(-1, -0.9997716463978856)
(-1, -0.67190400823248)
(0, 0.0316917879174874)
(1, 0.7122971876708788)
(1, 0.08062549076956477)
(-1, -0.0916666787762116)
(0, -0.07424458411521262)
(-1, -0.18259533090616709)
(1, 0.854761142829826)
(-1, -0.5303591768524932)
(1, 0.2544404282245576)
(-1, -0.9203545815827736)
(1, 0.11299150610730752)
(-1, -0.9650969757603372)
(1, 0.03372452510424073)
(0, 0.07990394728471753)
(0, 0.22736276229723656)
(1, 0.5595673510337251)
(0, 0.01588962319678382)
(0, 0.10450767801909758)
(0, 0.3009686377553604)
(0, -0.16079421117659226)
(0, 0.04613133082623275)
(-1, -0.4247538228853236)
(-1, -0.917167064245108)
(-1, -0.9963573566417908)
(1, 0.29346964843346685)
(-1, -0.6210399751825706)
(1, 0.7273383497937949)
(1, 0.9712851532899255)
(0, -0.19398655345857768)
(1, 0.5099486772614041)
(0, -0.10563790538247374)
(0, -0.02256882213804773)
(1, 0.7285266421996193)
(0, -0.15336158183589083)
(-1, -0.5225985176794988)
(-1, -0.10952930906570013)
(-1, -0.990103585268303)
(0, -0.25049076285594735)
(-1, -0.5229807931651254)
(-1, -0.6603953859628255)
(0, -0.02047364263280327)
(-1, -0.9821937647516908)
(-1, -0.5329954744054997)
(-1, -0.8656141761637522)
(-1, -0.7615654151064883)
(-1, -0.7240706737543978)
(-1, -0.23316284465454196)
(0, 0.07088296928263182)
(-1, -0.9987230148139216)
(-1, -0.5449662679704002)
(-1, -0.4220946975966451)
(-1, -0.6410120081646085)
(0, -0.13283810725661055)
(1, 0.6633120549319147)
(-1, -0.23127897820356996)
(-1, -0.4688774810148346)
(0, -0.17515304824054603)
(-1, -0.8808473398292702)
(-1, -0.9391680132276319)
(0, -0.1958808035973889)
(0, -0.26152439066751093)
(-1, -0.5084022845387605)
(-1, -0.2648093794782325)
(-1, -0.9829344288064878)
(-1, -0.06494426459333025)
(1, 0.9527159137475023)
(1, 0.9667394549794108)
(-1, -0.6481906382287133)
(1, 0.08726694269402191)
(-1, -0.8630040914893256)
(0, -0.08468609688079631)
(0, -0.10531878364436859)
(-1, -0.26646120937634465)
(-1, -0.43465611370554147)
(-1, -0.06501348592951606)
(-1, -0.9247037622221421)
(-1, -0.28200701669986433)
(0, -0.004485592777480729)
(-1, -0.7695774623842895)
(-1, -0.9818299069678906)
(0, 0.2249929786893234)
(-1, -0.3966328714237351)
(0, -0.43765458261987505)
(0, -0.2880743494649335)
(-1, -0.8884676110481804)
(0, -0.1062856840113291)
(0, -0.006082081568868594)
(0, -0.13380448656290755)
(0, 0.06937267045744946)
(-1, -0.54858446416282)
(-1, -0.42365608690576007)
(1, 0.5139046438093119)
(-1, -0.6306009066705902)
(1, 0.29219956058511865)
(-1, -0.6103160739723315)
(0, 0.16021496183216394)
(-1, -0.7120541752596071)
(-1, -0.9475599783235891)
(0, -0.10094096866699309)
(-1, -0.15938242192084712)
(-1, -0.39721543942676774)
(0, -0.37036065484072794)
(-1, -0.5313367623369785)
(0, 0.04099358363771709)
(-1, -0.7152142299771644)
(-1, -0.6064084007586205)
(-1, -0.5993556250013684)
(-1, -0.5799769168043611)
(-1, -0.9993615501810549)
(1, 0.39728855003242264)
(0, -0.3160693062762287)
(-1, -0.10119337019832164)
(0, -0.10487905639613421)
(1, 0.5003258252458719)
(-1, -0.9906627152532088)
(1, 0.32931482626602165)
(1, 0.6173573827183151)
(-1, -0.21263499748186127)
(-1, -0.9271550004219757)
(-1, -0.6862162297168872)
(-1, -0.9053733696784346)
(1, 0.4514499619691573)
(-1, -0.9774073438491075)
(1, 0.3602065596136853)
(-1, -0.5699837276983452)
(-1, -0.793305143311561)
(-1, -0.6007251433259809)
(-1, -0.488651995850829)
(1, 0.04824479777098373)
(-1, -0.9831918826685616)
(-1, -0.05944229199773465)
(-1, -0.8652877088356905)
(1, 0.5505095515767832)
(-1, -0.9851865213705703)
(0, -0.4360071781140862)
(-1, -0.8486866933161357)
(0, -0.3820338975645728)
(-1, -0.5436121906469475)
(0, -0.035535183562693876)
(-1, -0.18473773247398106)
(0, -0.19072728930627258)
(1, 0.6350521725144125)
(0, 0.03385230761541222)
(0, -0.0640358257172579)
(-1, -0.5774088575873992)
(-1, -0.34546558920714676)
(1, 0.8367636183339927)
(0, -0.15564512362115512)
(-1, -0.7899376957981623)
(-1, -0.36534740915604924)
(-1, -0.003513196561756582)
(-1, -0.8825666977662883)
(-1, -0.9219145419210935)
(-1, -0.5988596518028779)
(-1, -0.7381662637243)
(-1, -0.5457418995735596)
(-1, -0.5028169227334363)
(0, -0.3409946826439621)
(0, 0.05269067406835577)
(1, 0.9337131453116743)
(0, 0.11826717200216028)
(-1, -0.5157463715041265)
(-1, -0.7180317340877302)
(-1, -0.9998152773328318)
(0, -0.3611811725617228)
(-1, -0.9423380944506942)
(0, -0.1640383969567094)
(1, 0.15134638457701077)
(-1, -0.52349338693592)
(-1, -0.9173236989680355)
(-1, -0.4725403665265822)
(-1, -0.5039293347367594)
(-1, -0.9368430539341538)
(-1, -0.871372888927)
(-1, -0.9432002615939759)
(-1, -0.9550178316442445)
(-1, -0.663189127245055)
(-1, -0.5953838949430807)
(-1, -0.20985469449805066)
(0, -0.04779155724897033)
(-1, -0.7210216945011322)
(0, 0.1396930620571281)
(0, 0.11041343086734534)
(-1, -0.3323908282051244)
(0, -0.06765460210613114)
(1, 0.9560594177535336)
(0, -0.17736996564100033)
(1, 0.6138874130934546)
(1, 0.13981450474265383)
(-1, -0.894459473404581)
(-1, -0.3333484415735707)
(-1, -0.8138312559099223)
(-1, -0.5804316478671909)
(-1, -0.18937506789809017)
(1, 0.25617874069292484)
(1, 0.6151005014684376)
(1, 0.5687074293340362)
(0, -0.2597546608502077)
(0, -0.35610217611046124)
(1, 0.6608424961618407)
(1, 0.5002166373802797)
(-1, -0.5799266929555589)
(0, -0.21776194524709314)
(0, -0.1261363293257319)
(-1, -0.36996216933823234)
(1, 0.6552672062045493)
(1, 0.5413981418595859)
(-1, -0.2292526372009455)
(0, 0.19275810344947175)
(-1, -0.9299399477482413)
(-1, -0.9082401867356293)
(0, 0.009590293168768305)
(1, 0.9968302251194645)
(-1, -0.165332467148676)
(-1, -0.9446013666161863)
(-1, -0.8889743244474224)
(-1, -0.7236021131564639)
(0, -0.039682604543469155)
(0, -0.1235575583188183)
(-1, -0.9001376439335552)
(-1, -0.9582830016882402)
(-1, -0.4513692914527182)
(-1, -0.9783976318942595)
(0, 0.2505194998693988)
(-1, -0.3833381909964677)
(0, -0.1700709359782648)
(1, 0.28549043623058207)
(1, 0.49610099733614854)
(0, -0.1476678636112824)
(-1, -0.9260396463210633)
(1, 0.5429236531065893)
(1, 0.9065298288863539)
(0, 0.07278341808072919)
(-1, -0.4193053093587848)
(-1, -0.970399818943305)
(-1, -0.5346015367742112)
(1, 0.38352879823307595)
(-1, -0.5206293885265066)
(0, 0.03955867401423013)
(0, -0.10026298862679821)
(-1, -0.49797904329611614)
(-1, -0.3281431845478826)
(0, 0.023849429042260006)
(1, 0.1569169539740437)
(1, 0.44218602090577536)
(-1, -0.9996727320391879)
(-1, -0.9114588545949341)
(0, 0.03377629831664075)
(0, 0.27766286136061435)
(0, -0.20860826721783926)
(-1, -0.7603129572438286)
(-1, -0.9771845820613687)
(-1, -0.6622781605555201)
(0, -0.11576693805671896)
(1, 0.02162088537060808)
(1, 0.5406905575399668)
(0, 0.3432231080791217)
(-1, -0.20549176112754525)
(-1, -0.4350903597093103)
(-1, -0.5951688194695953)
(-1, -0.9916333588395653)
(1, 0.9922481963134113)
(-1, -0.8380430400809015)
(1, 0.09105537427560018)
(-1, -0.8050345330497376)
(-1, -0.4359140888565724)
(-1, -0.9857782800799986)
(-1, -0.5613185108175872)
(-1, -0.5591234245303963)
(-1, -0.40207416480075864)
(-1, -0.1914644698455178)
(0, -0.006542534679414541)
(-1, -0.5509768670274949)
(0, -0.18484363650369645)
(0, -0.19108805212787483)
(-1, -0.23356471943465917)
(1, 0.8422280069691718)
(-1, -0.5021794319610003)
(-1, -0.8309901088352564)
(1, 0.9127626304752408)
(-1, -0.4545174589871884)
(-1, -0.5844883872765229)
(-1, -0.715098575627531)
(-1, -0.8518228017885572)
(1, 0.04320059539120891)
(-1, -0.36387638374867404)
(1, 0.07674790262275877)
(-1, -0.5976059948996967)
(1, 0.6631616311147244)
(-1, -0.9990433809302534)
(1, 0.39979523052224547)
(1, 0.360112664549212)
(-1, -0.5438630382431182)
(1, 0.1601286151859973)
(-1, -0.8167417177454285)
(-1, -0.8070274360610921)
(0, -0.15610296936147477)
(-1, -0.3812765221885476)
(-1, -0.5791657779853138)
(-1, -0.6313367944153858)
(-1, -0.24601311646560858)
(0, -0.2194277541234705)
(1, 0.823698351354206)
(-1, -0.6782239769664172)
(-1, -0.24418052704847362)
(1, 0.9374925375004477)
(-1, -0.6448871763327118)
(0, -0.08695262629506381)
(1, 0.01365266426929218)
(-1, -0.9749010721799954)
(-1, -0.9954779920700048)
(1, 0.11760061657909116)
(0, 0.07941007198525138)
(1, 0.228227151264547)
(0, -0.4464779421988898)
(-1, -0.9875252767296195)
(-1, -0.8801942437004879)
(-1, -0.9774855479277209)
(-1, -0.9955789403474605)
(1, 0.38935919491787935)
(0, 0.07622826045425823)
(-1, -0.6746189823733394)
(1, 0.032942311182948825)
(-1, -0.5304218051254908)
(1, 0.1863717528353495)
(-1, -0.3209580966175351)
(-1, -0.9770278661996054)
(0, -0.2877301564637346)
(-1, -0.6405694331164538)
(-1, -0.9414515239546842)
(-1, -0.9620330185340371)
(-1, -0.7784021140235917)
(-1, -0.9725283639877219)
(-1, -0.9591232002263066)
(-1, -0.9241598383128726)
(-1, -0.711772800478675)
(1, 0.8224772438526895)
(0, -0.3057457658095146)
(-1, -0.8504750439233859)
(-1, -0.6425859371597001)
(1, 0.48341027474295006)
(-1, -0.8116339344133625)
(-1, -0.6011149150169667)
(-1, -0.7673844927435831)
(-1, -0.840306232155336)
(-1, -0.8211886350208503)
(-1, -0.7944475162398928)
(-1, -0.12639361989505044)
(-1, -0.7948646480484695)
(-1, -0.7056490409450848)
(-1, -0.6806616092690154)
(-1, -0.731209369470569)
(0, -0.28267409480509714)
(-1, -0.30765887388521496)
(-1, -0.4971722922816843)
(0, 0.08456114576559942)
(0, -0.010923301606172435)
(1, 0.42992420520834107)
(-1, -0.8589516956021521)
(1, 0.3207348408320297)
(1, 0.3465167833108327)
(-1, -0.5273893590389095)
(-1, -0.8304537650341743)
(-1, -0.70117709490387)
(-1, -0.8484896795975191)
(1, 0.1135279022083534)
(1, 0.14075812312433672)
(0, 0.035344866886169585)
(0, -0.09602360106945967)
(0, -0.045906665598132806)
(-1, -0.6003535317057113)
(1, 0.9165386337467574)
(1, 0.2755358417390374)
(0, -0.018408567610807225)
(0, -0.09146751260339753)
(0, -0.1101920178192542)
(0, 0.15904669842421862)
(0, -0.28356250071473654)
(0, 0.06449837913770429)
(-1, -0.4988997839629316)
(-1, -0.08689497510209332)
(-1, -0.35079066767445466)
(-1, -0.18969016298463354)
(-1, -0.9962283407770052)
(-1, -0.835740787087227)
(-1, -0.7936190088677466)
(-1, -0.46293180901827846)
(0, -0.04675071346861229)
(-1, -0.4889962693676042)
(-1, -0.09517883322732679)
(0, 0.0531917300351316)
(-1, -0.8535548491348549)
(1, 0.9757415314928525)
(1, 0.7728073683952419)
(1, 0.3843087041429394)
(1, 0.8910179498791047)
(1, 0.6760024095358445)
(-1, -0.37080881315885805)
(0, -0.0917027397469033)
(-1, -0.43064817980344977)
(-1, -0.3072012508627866)
(-1, -0.8429233072316956)
(1, 0.5431702306747495)
(1, 0.5934190328261382)
(1, 0.5092262020478798)
(-1, -0.14518698454311518)
(-1, -0.1499434619268155)
(0, 0.02312156118933202)
(-1, -0.4946748698505229)
(1, 0.7332416237596442)
(1, 0.5190300005045239)
(0, -0.2180670799127224)
(-1, -0.3223131980674173)
(-1, -0.518847320013159)
(-1, -0.5179303319907353)
(1, 0.7111736518377918)
(-1, -0.5555751235483265)
(1, 0.13910709633463525)
(0, -0.17297477880587458)
(-1, -0.610785829241778)
(-1, -0.7765978459625027)
(-1, -0.26912501394994365)
(1, 0.7764866668900063)
(-1, -0.25471591198401267)
(-1, -0.8284949604407035)
(-1, -0.42646208067735647)
(-1, -0.46737821566841076)
(-1, -0.8194294473147555)
(-1, -0.8541018723629168)
(-1, -0.806159240746073)
(-1, -0.6270493160392592)
(1, 0.9197895528544902)
(0, -0.33021670627023697)
(-1, -0.4559872733616769)
(0, 0.24234602305622163)
(0, 0.220021612315907)
(0, -0.12259579751077668)
(1, 0.9999711179072431)
(-1, -0.4033488076058939)
(0, 0.02364572385601542)
(1, 0.9964410380989224)
(0, -0.13346039387821934)
(-1, -0.727034801052812)
(0, -0.12266906433073613)
(-1, -0.5242842832290066)
(0, -0.146807984965642)
(1, 0.9999784387209226)
(-1, -0.9715745327712249)
(-1, -0.542731049789782)
(1, 0.583007733017765)
(-1, -0.9634139332628111)
(0, -1.1094672616264396e-07)
(-1, -0.9986476513307551)
