(1, 0.9601263205584727)
(-1, -0.6556151014620376)
(-1, -0.9293772077620522)
(0, 0.2025083555800024)
(0, 0.02746041275871214)
(0, 0.15261939387531667)
(1, 0.6752829468030295)
(0, -0.1731750801937193)
(1, 0.1258015937817033)
(1, 0.6203083810549382)
(1, 0.7858245652712149)
(0, 0.2884796228881319)
(1, 0.4062879772774023)
(-1, -0.0931628962186305)
(1, 0.8929414465269616)
(1, 0.5115431651658404)
(1, 0.19948164446614236)
(-1, -0.22113580665358612)
(1, 0.426339430782239)
(1, 0.8549463883609164)
(1, 0.08445660252202541)
(-1, -0.11261069561731124)
(-1, -0.07449772754792544)
(1, 0.9638146846346025)
(1, 0.6930765255942742)
(1, 0.9845487106979198)
(1, 0.9663062382026696)
(0, -0.00933410562657444)
(1, 0.4135844826603548)
(1, 0.6797342646500278)
(-1, -0.915374196537493)
(-1, -0.4579983923174817)
(0, -0.2485205521545466)
(-1, -0.2193785711020219)
(1, 0.9907982075564183)
(1, 0.11788006424553188)
(1, 0.7171337144503267)
(-1, -0.2924876944790693)
(0, -0.11969580661304181)
(0, -0.2398692408550579)
(-1, -0.089682068318298)
(-1, -0.6499758089811905)
(0, -0.20160475699696476)
(0, 0.07998333222608331)
(-1, -0.038419669467934736)
(-1, -0.9190460082346212)
(1, 0.31297057879550305)
(-1, -0.9257028725727111)
(-1, -0.8585319120302048)
(0, 0.029729286408849864)
(-1, -0.4514229571957181)
(-1, -0.725282969010901)
(-1, -0.7511911052329396)
(-1, -0.9418336043560307)
(1, 0.71739577164801)
(0, -0.005198929800517893)
(-1, -0.22092145243365824)
(-1, -0.790718433322517)
(-1, -0.9704003299870901)
(-1, -0.8228409219312008)
(-1, -0.028644213623502168)
(-1, -0.7402004796327211)
(-1, -0.19097593085921832)
(1, 0.498699109112812)
(0, -0.1949308487012167)
(-1, -0.09905062375316653)
(1, 0.36697965543525285)
(1, 0.8206255656712097)
(1, 0.44353283355859774)
(-1, -0.16724241374254883)
(0, -0.12326788240304522)
(1, 0.42918373808484056)
(-1, -0.5922986725887909)
(0, -0.008135315570009682)
(1, 0.641764778454639)
(-1, -0.27092695655412147)
(-1, -0.28656248088324576)
(-1, -0.8039218646629008)
(-1, -0.5493068313272768)
(1, 0.9683352689654673)
(0, 0.2570852220937317)
(0, 0.47211709182939315)
(1, 0.10907931741675464)
(-1, -0.3691639020990357)
(-1, -0.31372664635311415)
(0, -0.06739570776109005)
(1, 0.03444550760371107)
(0, -0.11413448469556374)
(0, 0.11149020342498886)
(-1, -0.6502363679903957)
(-1, -0.5224355461470773)
(0, -0.14163115667366077)
(-1, -0.8392869173835761)
(1, 0.625591520772997)
(1, 0.981728380641334)
(1, 0.9789009756245047)
(-1, -0.3492460812765379)
(-1, -0.6419444767081357)
(-1, -0.47512584762664717)
(1, 0.5118298485823897)
(-1, -0.4576723311568027)
(0, 0.054320010606093205)
(0, -0.38398325026888774)
(1, 0.010678719424083827)
(-1, -0.29847435765957014)
(-1, -0.763708466403706)
(-1, -0.9004198696866464)
(1, 0.1438571301232775)
(-1, -0.7018994603285841)
(0, -0.10965244675162296)
(-1, -0.6629082976765462)
(-1, -0.87564925006111)
(-1, -0.938479993767495)
(-1, -0.3835150424250675)
(-1, -0.8555064232301556)
(0, 0.12981396832790365)
(-1, -0.38601719946659263)
(-1, -0.627043543747254)
(-1, -0.9303556748454309)
(1, 0.20179616070527587)
(-1, -0.3687648257356463)
(1, 0.7526056453593458)
(0, -0.28965057171078035)
(1, 0.7356245519914053)
(0, 0.006350053448866452)
(0, -0.061303779739253744)
(0, 0.2501302638851795)
(0, 0.004618992138178886)
(1, 0.9201440704630184)
(0, 0.053288465773042366)
(0, 0.18675545304154106)
(0, 0.17616982583471333)
(0, -0.15247538844900133)
(0, 0.19704677950678548)
(0, -0.12634832230443105)
(1, 0.6158023119453353)
(0, 0.005547534219446943)
(0, 0.25038129621574895)
(0, -0.06765460210613114)
