(-1, -0.6686923198968497)
(0, 0.08568125588792562)
(1, 0.5355764670728715)
(0, 0.05273009696847587)
(1, 0.8019460940339316)
(1, 0.9461013746345247)
(1, 0.9284906180649136)
(-1, -0.7859949257574206)
(-1, -0.9687965388811532)
(1, 0.758807614244861)
(1, 0.992878064609275)
(-1, -0.4902108108558675)
(0, 0.10726100537618014)
(0, 0.12220595814289575)
(0, -0.2409224131791985)
(0, 0.07482204688660138)
(-1, -0.532870979234811)
(0, 0.17315126336399994)
(0, 0.1663200166839077)
(-1, -0.4300170855716092)
(0, -0.2157916685502448)
(0, -0.0199009222036286)
(-1, -0.257797903840517)
(0, -0.10902162074894045)
(0, -0.1107630341661441)
(1, 0.5104322244686358)
(0, -0.20867132203872632)
(0, -0.11760459041742632)
(0, -0.07722710033956322)
(1, 0.7458860033699515)
(0, 0.002102953602339877)
(0, -0.23864518528542986)
(0, 0.15225051916788887)
(0, -0.062358826201804995)
(0, -0.06765460210613114)
(1, 0.28145397857795673)
(1, 0.608550694425111)
(0, -0.07558104644521056)
(0, -0.14838310891785345)
(0, 0.04195379012127967)
(0, -0.09155301906590857)
(0, -0.20867132203872632)
(0, 0.2298326715198726)
(0, -0.09155301906590857)
(-1, -0.2440939447597427)
(0, 0.0399447626810584)
(0, -0.09155301906590857)
(0, -0.07911248712884077)
(1, 0.9314721801480249)
(0, -0.32611010923376077)
(0, 0.04546458328487975)
(0, -0.09921544936419321)
(0, 0.03066270920653197)
(0, 0.10089573837697802)
(0, -0.20867132203872632)
(1, 0.3304394466862256)
(0, 0.10264658710401622)
(0, 0.009694691866606066)
(0, 0.06002411134658786)
(0, -0.057025841616438255)
(0, -0.20867132203872632)
(0, 0.014429720648608832)
(0, 0.04320761891853882)
(0, -0.20867132203872632)
(0, 0.011785885251070743)
(0, 0.015883961284236754)
(0, -0.329328205659406)
(-1, -0.7993335492416599)
(1, 0.940239382907165)
(-1, -0.40091175180681704)
(-1, -0.6709852421018623)
(-1, -0.955794703347944)
(-1, -0.5334264801529038)
(-1, -0.5031276949495687)
(-1, -0.3009048546345995)
(-1, -0.6030427141479047)
(-1, -0.9536167501124256)
(0, -0.06565944585713222)
(0, -0.10424989666997139)
(0, -0.18498081126275678)
(-1, -0.20509071537981616)
(0, 0.1346907744092231)
(0, -0.07569158333343898)
(0, -0.1516483362816343)
(1, 0.9296968414763191)
(-1, -0.828838683208889)
(-1, -0.9234190496857027)
(0, -0.2195821142094723)
(0, -0.06765460210613114)
(-1, -0.6238777290761134)
(0, -0.06765460210613114)
(0, 0.1424747913721579)
(1, 0.5684402634800017)
(0, -0.012703285732236752)
(-1, -0.5176789305405783)
(0, -0.20925241518124055)
(0, -0.1555453803909111)
(0, 0.05100825001633982)
(-1, -0.933666785851032)
(0, 0.005012685765306911)
(0, 0.1235233229744424)
(0, 0.02116964489378373)
(-1, -0.30550941519738917)
(-1, -0.6481478530759768)
(1, 0.7401875701583337)
(0, 0.06650202961815888)
(0, -0.20867132203872632)
(0, 0.01589155421612673)
(0, -0.20867132203872632)
(0, 0.1134478431251682)
(0, -0.0912926731460777)
(-1, -0.7614306990548696)
(-1, -0.8487711546598267)
(-1, -0.3819526628185954)
(-1, -0.6020229867997896)
(-1, -0.9878808483176024)
(1, 0.8761775014967453)
(1, 0.40945258518845606)
(-1, -0.7028893605137521)
(-1, -0.880848745169784)
(-1, -0.8374927237188481)
(0, -0.3176545090585285)
(-1, -0.24608136990370638)
(0, -0.20867132203872632)
(-1, -0.6380523747375673)
(0, -0.15029463378370841)
(0, -0.012709108181625406)
(0, 0.1815090487616802)
(0, -0.11411528066266928)
(0, -0.008234077943230667)
(0, 0.030395522768436684)
(-1, -0.3657780569128746)
(-1, -0.46940083160676505)
(0, -0.4278827325427501)
(-1, -0.4814300564949473)
(1, 0.7236253258304276)
(1, 0.6347239501085365)
(1, 0.5686110864876134)
(0, -0.39845074632386607)
(-1, -0.9294475860370253)
(-1, -0.9887815437936734)
(0, -0.05310569048975257)
(0, -0.06765460210613114)
(0, 0.059387105148404826)
(0, 0.070227381736907)
