(1, 0.8666722376193934)
(1, 0.8917803456232979)
(0, 0.17548679911410167)
(1, 0.9667869635799666)
(1, 0.84715927320471)
(-1, -0.2968240878520694)
(1, 0.5137879529185194)
(-1, -0.9636085398541069)
(0, -0.046159897103114016)
(1, 0.7227305895339198)
(-1, -0.3894002995586433)
(-1, -0.9281626808632194)
(1, 0.5748665142194592)
(-1, -0.772049636156436)
(1, 0.40226012659394067)
(0, 0.016260242233817612)
(1, 0.9563552425324949)
(1, 0.9132998236207585)
(1, 0.6750357086579538)
(0, -0.18176199228781462)
(1, 0.24950376708600347)
(-1, -0.9056654271638769)
(-1, -0.3278009026544106)
(0, -0.0443082927407971)
(0, 0.19792596955728084)
(0, 0.292669848445679)
(0, -0.0015503989002262804)
(0, 0.19205477474574295)
(0, 0.2136300265021472)
(-1, -0.16895877616810823)
(-1, -0.47061501937837846)
(0, 0.000734007879687258)
(0, 0.36452742321630854)
(1, 0.9760670503097666)
(0, -0.20867132203872632)
(0, -0.04821342615856997)
(0, -0.012096370293027181)
(0, -0.16973726273499434)
(1, 0.3200400782128019)
(0, -0.20867132203872632)
(0, -0.017915572603040296)
(1, 0.1757638354408726)
(1, 0.6964251295514575)
(1, 0.993656352817279)
(0, 0.03136992991833484)
(-1, -0.439227816737369)
(0, -0.20867132203872632)
(0, -0.017923715917359292)
(0, -0.20867132203872632)
(0, 0.28885268883117726)
(0, -0.20867132203872632)
(-1, -0.38841231618768834)
(0, -0.013835014574806015)
(0, -0.03372709763863571)
(0, 0.20517004747373216)
(1, 0.025936358571888196)
(1, 0.5827527258045546)
(0, -0.1080256704369254)
(1, 0.5951252268537897)
(1, 0.8352359589758953)
(1, 0.7400117122202032)
(1, 0.1819377793769705)
(0, -0.14364969076455106)
(-1, -0.2273306259242234)
(-1, -0.25192880889730906)
(1, 0.9992098326999118)
(0, -0.3836994756386708)
(0, 0.028591677769450118)
(-1, -0.4246323564810722)
(0, -0.20867132203872632)
(1, 0.551762726834987)
(0, 0.1708735542120252)
(0, -0.2736453043617466)
(1, 0.35311927534718235)
(0, -0.20867132203872632)
(0, -0.039181689370469105)
(0, -0.20867132203872632)
(0, 0.08547581578752811)
(0, -0.01768336164579104)
(0, -0.1224027906387195)
(0, -0.1416069043651357)
(0, -0.06592797653599672)
(1, 0.3320130376973872)
(1, 0.5428395948506247)
(-1, -0.7255208806788792)
(0, -0.012984326980276413)
(0, 0.01062834134615634)
(1, 0.2047310069453387)
(-1, -0.19908578311171082)
(0, -0.10739624637831119)
(-1, -0.19135025130950667)
(0, -0.06039743817057003)
(0, 0.014131042823471579)
(0, -0.1484670536094688)
(0, -0.14966349683171265)
(0, -0.12794116201818298)
(1, 0.5781116104784463)
(0, -0.04879438765412358)
(0, -0.08051319219483127)
(0, -0.002862014620104207)
(1, 0.2138503323219053)
(0, -0.19541044667273214)
(1, 0.1319369632503754)
(-1, -0.47205330698368553)
(0, 0.27394483326498525)
(1, 0.2939932158625516)
(1, 0.6262101317360707)
(-1, -0.3609153543491074)
(0, 0.06410789433041847)
(0, 0.2122588502927636)
(0, -0.2503393807472106)
(0, -0.0790833901477464)
(0, 0.18054518308234782)
(0, -0.25704579120413795)
(-1, -0.936992316534292)
(-1, -0.40372393300400544)
(1, 0.5482413388579281)
(1, 0.9996600922324099)
(0, -0.18441005782316142)
(0, 0.3836398490809163)
(-1, -0.668947122251714)
(0, -0.26366136116324573)
(0, -0.0790833901477464)
(0, -0.20867132203872632)
(1, 0.8306767221311497)
(0, -0.20867132203872632)
(0, 0.28885268883117726)
(1, 0.8476435498967536)
(0, -0.06272457055580755)
(1, 0.7656201739174897)
(0, 0.027968732994120733)
(-1, -0.44821596254505036)
(-1, -0.5412195454928959)
(0, 0.0760878859788175)
(-1, -0.8140079337797533)
(-1, -0.3647967727817014)
(0, 0.06824147612591117)
(0, 0.052265471601464664)
(-1, -0.00905464156529967)
(0, -0.012490525799591645)
(0, -0.023852657359426516)
(-1, -0.9423617681295676)
(1, 0.9205255132858854)
(-1, -0.9407063045475746)
(1, 0.08693070102279243)
(1, 0.0476304386831643)
(1, 0.5956479054402802)
(1, 0.8666922218552596)
(-1, -0.5150754414215305)
(0, -0.20867132203872632)
(0, 0.011962132552513619)
(0, -0.20867132203872632)
(0, 0.01589155421612673)
(1, 0.2737699237293598)
(-1, -0.3854576544266157)
(-1, -0.6937488097560512)
(-1, -0.08624802507686108)
(1, 0.08220864680065015)
(0, -0.1209184655766615)
(0, -0.019394166009579883)
(0, -0.19463732791127242)
(-1, -0.5294006959296289)
(0, -0.06666216645241485)
(0, -0.004069927446331851)
(-1, -0.00905464156529967)
(0, -0.012490525799591645)
(0, -0.037229285017814966)
(-1, -0.8853586096046206)
(-1, -0.8962901374259599)
(-1, -0.8873339771731857)
(-1, -0.9516666803995716)
(0, -0.06765460210613114)
(-1, -0.4434923171218017)
(0, -0.13379705973902664)
(0, -0.003511676311167)
(0, -0.03306830627378271)
(-1, -0.674866286622016)
(-1, -0.9945804107027777)
(-1, -0.3021070752669359)
(-1, -0.552325274115395)
(-1, -0.552325274115395)
(1, 0.0739592328516756)
(1, 0.9909655953079186)
(1, 0.8893637683811619)
(-1, -0.9900360640190503)
(1, 0.7072073265183326)
(1, 0.9869357996097615)
(1, 0.6715289643256578)
(-1, -0.4782903872838113)
(1, 0.3932358473566862)
(-1, -0.05181937797966313)
(-1, -0.9042739336718407)
(1, 0.5171173363191527)
(-1, -0.3732142132886628)
(-1, -0.00905464156529967)
(0, -0.012490525799591645)
(-1, -0.552325274115395)
(-1, -0.516632599713351)
(-1, -0.7919907960044318)
(-1, -0.36946590039140675)
(0, -0.20867132203872632)
(1, 0.5781116104784463)
(0, -0.04879438765412358)
(0, 0.13330564133981138)
(0, 0.022980040557090735)
(0, 0.08605084047269475)
(1, 0.5764518161089094)
(0, -0.04284166551721215)
