(0, 0.017947579914484653)
(1, 0.7339952908300871)
(0, 0.40317381794100576)
(-1, -0.05610278733659596)
(-1, -0.9365289110325716)
(0, -0.09420318345910009)
(0, -0.012253072692540841)
(0, 0.019283262385846295)
(1, 0.3090598976080958)
(0, -0.006551610757067859)
(0, -0.23679164477891282)
(0, 0.27907596835159315)
(0, -0.0020550246762912183)
(0, -0.0005482349063911189)
(0, -0.005925046781364483)
(0, 0.0022305671113542376)
(0, 0.00522643111656888)
(-1, -0.2853434289514944)
(0, -0.07938031784378649)
(1, 0.1682946380702392)
(-1, -0.48320502465798837)
(-1, -0.7366244778438369)
(1, 0.47634916025351187)
(-1, -0.35010921565196873)
(0, 0.18667375885348825)
(0, 0.10682949866819187)
(-1, -0.2174692319301944)
(1, 0.7500532983961792)
(1, 0.7602002908561633)
(0, 0.18563633464360021)
(1, 0.4840676880311452)
(1, 0.45540605693203207)
(1, 0.9508030526710155)
(-1, -0.7723364834413238)
(-1, -0.7866098712060194)
(0, -0.09356630135325719)
(0, 0.0014469907279919259)
(-1, -0.5915228495767204)
(-1, -0.47360718532391477)
(0, 0.0005282590496487014)
(-1, -0.9588654681222372)
(0, -0.03537801376602223)
(0, 0.097053684863307)
(0, -0.019059092042781476)
(-1, -0.5083447386563434)
(0, -0.15228704963102105)
(0, 0.1380484002793263)
(0, 0.26236524602732614)
(0, 0.17363636673326407)
(0, 0.36063765839881234)
(1, 0.4766679382156891)
(1, 0.9396912227092978)
(0, -0.008518916158444429)
(0, 0.07694677677044898)
(0, 0.222773008470515)
(-1, -0.8876054566618191)
(0, 0.015137574914865032)
(1, 0.5614045067994472)
(0, 0.41205018409731037)
(0, -0.013743906307999793)
(0, 0.08477953343643604)
(1, 0.8948865949379498)
(0, 0.06206678560849085)
(0, -0.2878115915135358)
(0, 0.3101862067269107)
(0, 0.35918486092407464)
(0, 0.016939695930468505)
(0, -0.2869048815846462)
(1, 0.7299382005372784)
(1, 0.892022744783814)
(1, 0.6908621943976012)
(-1, -0.28086565440696276)
(-1, -0.8913455250363874)
(0, -0.06765460210613114)
(1, 0.778921647501219)
(1, 0.4326119817691261)
(0, 0.09762499854945607)
(1, 0.9123853544056741)
(1, 0.27137475157105734)
(1, 0.7448458045799511)
(-1, -0.37335706960232523)
(0, 0.2998066510745578)
(0, 0.3283950262493776)
(0, 0.30596681418598987)
(1, 0.7246696528889414)
(1, 0.9415858148838158)
(0, 0.09034203487758913)
(0, 0.17057445120098447)
(1, 0.5192947081572175)
(1, 0.951288058386932)
(1, 0.9788774270535261)
(0, 0.11943861639971581)
(0, -0.06765460210613114)
(0, -0.21799369216369643)
(0, -0.047084162844384075)
(1, 0.9995050527929576)
(0, 0.26163423059110613)
(1, 0.6066869706361563)
(0, 0.19345076182583676)
(0, 0.004905300050485006)
(1, 0.7815310885008908)
(0, -0.14837193437007823)
(0, -0.24201968651816877)
(0, 0.14419570876833004)
(1, 0.9843273144429009)
(0, -0.05648066622567691)
(1, 0.5397055875947433)
(0, 0.0007766733942114806)
(1, 0.6014498038336314)
(1, 0.9524284773274141)
(0, -0.0024437783220260124)
(1, 0.8585376527786693)
(0, 0.30892631981255814)
(0, 0.1887248356271039)
(0, -0.020720412815812418)
(0, 0.014733477574193264)
(1, 0.36599562713069744)
(0, 0.07495415990152986)
(0, 0.1847394253263096)
(1, 0.8622046643256888)
(1, 0.978080149830074)
(1, 0.724310894103481)
(1, 0.5431752482702913)
(0, -0.09791432102442013)
(0, 0.05077763889825278)
(-1, -0.31489457943334676)
(1, 0.9017398697171621)
(0, 0.09721547019677901)
(0, 0.020842418492411557)
(0, -0.269289932488189)
(0, -0.0008469307563232798)
(0, -0.0008014393868223856)
(0, 0.00928039175339726)
(0, 0.009267801911699625)
(0, 0.03082353006614445)
(1, 0.4739880501031573)
(0, 0.059595724503187536)
(1, 0.8553408372612388)
(-1, -0.7704791227678177)
(1, 0.6619191515468407)
(1, 0.3348095688132159)
(1, 0.9386814455324466)
(0, 6.36453581601674e-05)
(0, -0.00014188861123217962)
(0, 4.747531029788659e-06)
(0, -0.12027138186174277)
(0, -0.0054988185427872205)
(1, 0.5065549092022953)
(0, 0.18716546149242727)
(0, -0.1661298188558501)
(0, 0.021547286553295963)
(0, -0.40078139148092057)
(0, -0.03583338440083658)
(0, -0.034912206909827825)
(1, 0.7131662842337833)
(0, -0.06929696815653678)
(0, -0.017012411660235677)
(-1, -0.6486407384753723)
(0, -0.016363081352845282)
(0, -0.0465683332952225)
(0, -0.07880795175804997)
(0, -0.22646666477755292)
(1, 0.02526401802646322)
(0, 0.15582263123857384)
(1, 0.6106360648281128)
(0, 0.11689185045769748)
(0, -0.06765460210613114)
(0, -0.06765460210613114)
(0, -0.24981070720828508)
(0, -0.08013147798476528)
(1, 0.5697680406704163)
(0, -0.07508910224339382)
(0, -0.06765460210613114)
(0, -0.06765460210613114)
(0, 0.10328010870621973)
(0, 0.0037018615751163164)
(0, -0.03063990823327374)
(1, 0.9837520329087857)
(0, 0.034310464169712604)
(0, 0.2291936328163751)
(0, -0.10584741627210481)
(0, -0.24453320715178806)
(0, -0.07288915944551497)
(-1, -0.5077878180232933)
(1, 0.747579173474427)
(0, -0.1997436843232628)
(0, -0.06765460210613114)
(0, 0.2922742190616314)
(0, -0.06765460210613114)
(0, -0.2759906731935585)
(0, -0.04608912438122609)
(0, -0.06765460210613114)
(1, 0.49445866600398947)
(0, -0.06751998320702599)
(-1, -0.21134528205396214)
(0, -0.06001125294733106)
(0, -0.05817320660486737)
(0, -0.01312767023172252)
(-1, -0.04761278986671208)
(0, -0.0710892453855261)
(0, 0.07626475432053745)
(-1, -0.5246673088872132)
(-1, -0.45318406920428533)
(1, 0.3194118359508145)
(0, -0.17863667035192218)
(0, -0.08013147798476528)
(0, -0.16030773431879589)
(0, -0.10428852995460267)
(1, 0.11971632991972547)
(0, -0.06765460210613114)
(0, -0.16469473412438762)
(1, 0.3049960544310016)
(0, 0.026802984939521657)
(0, -0.06765460210613114)
(1, 0.7799886248066823)
(0, 0.0676215713119239)
(0, -0.022529827984367035)
(0, 0.11286180234282128)
(0, -0.017012411660235677)
(0, 0.02264328301018445)
(0, 0.008379796310054703)
(0, 0.04004251001989553)
(0, 0.3044236213024578)
(0, 0.05126987603136669)
(0, -0.16399400874180642)
(0, 0.13330564133981138)
(0, -0.1477310940113763)
(0, -0.09889406377556083)
(1, 0.012047652734892833)
(-1, -0.8211395375668529)
(0, 0.014202242159948003)
(0, 0.046060131224201606)
(0, -0.06765460210613114)
(0, 0.15025665878666833)
(1, 0.471571268689097)
(0, -0.017012411660235677)
(0, -0.01141307172919026)
(1, 0.5752958079431701)
(-1, -0.697590562008575)
(0, -0.06765460210613114)
(0, -0.054481233450584865)
(0, -0.0022469017074484565)
(0, 0.011648563698317932)
(0, 0.1433497814337496)
(1, 0.4485868460091559)
(0, 0.034310464169712604)
(0, 0.25063277946768614)
(0, -0.06765460210613114)
(0, -0.17231297813298374)
(1, 0.3851023938157063)
(1, 0.5597534954831522)
(1, 0.747579173474427)
(0, -0.2860488828034317)
(0, -0.06765460210613114)
(0, 0.16506747515327988)
(0, 0.058789608550218586)
(0, 0.09010316929175408)
(1, 0.5104322244686358)
(0, 0.09233851223673484)
(0, 0.007624989183941749)
(0, -0.13857078790557534)
(-1, -0.12219190379742162)
(0, -0.054829562551769545)
(0, -0.0252695103557513)
(-1, -0.5178143836905686)
(0, -0.06765460210613114)
(0, -0.06765460210613114)
(0, 0.056136118456089346)
(0, 0.13330564133981138)
(0, 0.03972349556813451)
(0, 0.07626475432053745)
(0, -0.06765460210613114)
(1, 0.2894083688682528)
(0, 0.06709480499624601)
(0, -0.003571818172379726)
(0, 0.20234103216604463)
(0, -0.0564846712019092)
(0, -0.02414336156684338)
(0, -0.0014953972392509618)
(0, 0.04513422688744087)
(0, 0.05126987603136669)
(1, 0.3679099167976554)
(0, -0.0564846712019092)
(0, -0.0004227874327976666)
(0, 0.010884492702117901)
(0, -0.05817320660486737)
(0, -0.25490380537657786)
(0, -0.0564846712019092)
(0, -0.04242158100768184)
(0, -0.06765460210613114)
(-1, -0.04873031686597973)
(0, -0.05817320660486737)
(1, 0.14199240100773958)
(-1, -0.396162582792875)
(0, -0.11699701415214858)
(0, -0.08013147798476528)
(0, -0.06765460210613114)
(1, 0.18626267479848463)
(0, -0.1885610169510779)
(0, 0.025124298073781012)
(1, 0.3697112508380097)
(0, -0.06765460210613114)
(0, 0.028297679482323146)
(0, -0.05817320660486737)
(-1, -0.5620504675559428)
(0, -0.06765460210613114)
(-1, -0.34485186706449267)
(0, -0.06765460210613114)
(-1, -0.35706720748417364)
(0, -0.06765460210613114)
(-1, -0.259196395451027)
(0, 0.011024445328930516)
(1, 0.46833819442972396)
(0, 0.13938221313859323)
(0, -0.1421203033881449)
(0, -0.17628172093206199)
(0, -0.05998755946691152)
(0, -0.053565623470471835)
(0, 0.20120503179894217)
(0, 0.013662433421799874)
(0, -0.08013147798476528)
(0, -0.06765460210613114)
(0, 0.13507183609804244)
(0, 0.02982405699443031)
(0, -0.20328044072727844)
(0, -0.09443762620146164)
(0, 0.020842418492411557)
(0, -0.06765460210613114)
(0, -0.05642834302935128)
(0, 0.04501738324878973)
(0, 0.026802984939521657)
(0, 0.04723912779851343)
(0, -0.004358797075983849)
(0, -0.08338422337708933)
(0, 0.04320761891853882)
(0, 0.06450281276801334)
(-1, -0.15803191957783522)
(0, -0.06765460210613114)
(0, 0.022423179809917634)
(0, -0.05078936979877846)
