(0, 0.21257828090168637)
(0, -0.09163048035576624)
(0, 0.00014660396974334807)
(-1, -0.8927406436668784)
(0, -0.3198162747086551)
(-1, -0.7787518547243109)
(-1, -0.7978977504311804)
(-1, -0.17163091472253916)
(-1, -0.9999996119461112)
(-1, -0.616260082256703)
(-1, -0.2840653435689575)
(-1, -0.20251054765099322)
(0, 0.02169353338437366)
(1, 0.9850764894770252)
(-1, -0.6404950647197676)
(1, 0.8903052084354559)
(-1, -0.763081443662387)
(-1, -0.6492284976745597)
(0, 0.3831648688564054)
(-1, -0.4736720120681798)
(1, 0.8933207392887939)
(0, 0.31550623825027396)
(-1, -0.52373615641956)
(0, -0.19993523050674897)
(0, -0.04602194021022697)
(1, 0.4158656023990882)
(-1, -0.597197958586719)
(-1, -0.5594204093336685)
(0, 0.10964404995900133)
(0, 0.04334787578945891)
(0, 0.3852772435750181)
(0, -0.17083456430653454)
(1, 0.19174427503446118)
(0, -0.30379535599564644)
(0, -0.20332645202591196)
(0, 0.0273484910803668)
(0, -0.06648462092011283)
(0, 0.29892874117539336)
(1, 0.5956057201909674)
(1, 0.12825512121997357)
(1, 0.24451267754245726)
(1, 0.1545121722158103)
(1, 0.8750572659196737)
(0, 0.16772857690025236)
(0, 0.055776620633994516)
(0, 0.16313275140815678)
(1, 0.48600588316704385)
(-1, -0.7017439793863036)
(-1, -0.9371304424788395)
(0, -0.1378376391073917)
(0, -0.026234831919417466)
(-1, -0.9140046964966463)
(-1, -0.7554563991297341)
(1, 0.5566211674631528)
(0, 0.00014120946620767077)
(0, 0.06910026783371341)
(0, 0.004844886685077146)
(1, 0.4326839161748131)
(0, -0.2815762005183589)
(0, -0.06213355808666417)
(0, -0.14872202913598195)
(0, -0.028967404991699173)
(0, -0.048597411707576685)
(0, -0.013915855506620677)
(0, 0.2896495118371388)
(-1, -0.980129716499256)
(0, 0.016454512966794753)
(-1, -0.8210382037482679)
(0, 0.0008415755682167229)
(1, 0.4262498683935249)
(0, -0.11813776418404627)
(0, -0.0015209002824273586)
(0, -0.03975144690023655)
(1, 0.58040293738669)
(-1, -0.6161613898206906)
(0, -0.3197317735104527)
(0, 0.04044636986785113)
(0, -0.0004948978988126643)
(0, -0.0006444668824203777)
(0, -0.11288922594787776)
(0, -0.02513608435345574)
(0, 9.90111889778108e-05)
(0, -0.3525269072555982)
(0, -0.06616909313897927)
(0, -0.013361643975802747)
(0, 0.03262830223465314)
(0, 0.08085621936264376)
(0, -0.46011016080498573)
(0, -0.0018167085948696078)
(0, -0.018495914195615398)
(-1, -0.6830567356353843)
(0, -0.2335026407940639)
(-1, -0.5997023380703175)
(1, 0.592006830967367)
(0, -0.3746907570983197)
(0, -0.0855281468629897)
(0, -0.08574497756307826)
(0, -0.13377310763978617)
(0, -0.11600388044140972)
(1, 0.11233562831173582)
(1, 0.9390923670942039)
(0, -0.03651553652140964)
(0, -0.14117096698818463)
(1, 0.38753217285817826)
(-1, -0.8857529211342465)
(0, -0.1750113888749949)
(1, 0.7423186641775025)
(0, 0.010913965142423498)
(0, -0.05805837019626267)
(-1, -0.389022637863645)
(0, -0.011060044442786805)
(0, 0.0408132505041672)
(-1, -0.7940878322064987)
(0, 0.0352401112784642)
(0, 0.0987497724065633)
(1, 0.833855189698767)
(-1, -0.8608058345991355)
(1, 0.8091022355036139)
(0, 0.16937272138098897)
(0, 0.2482974684110594)
(1, 0.1721247029985437)
(0, 0.22654986987714523)
(0, 0.013138158137540904)
(0, -0.06395918611013891)
(0, 0.02807087518138324)
(0, 0.027935136650113504)
(0, -0.04405291070066325)
(0, -0.03731830049908985)
(1, 0.517701845420234)
(1, 0.9753533157231157)
(0, -0.33892721735559256)
(1, 0.8772519607895757)
(-1, -0.6096936760905426)
(0, 0.004058156784036053)
(0, 0.25872010934108103)
(0, -0.08145971203169737)
(0, -0.02789175490424264)
(0, -4.128415415803914e-06)
(0, -0.24695278107212956)
(0, 0.07668794946630318)
(0, -0.13451614225621428)
(0, -0.25737077760841526)
(0, 0.026210325095377678)
(0, 0.029553051466837104)
(0, -0.0018969735366803336)
(0, 0.1889913071282848)
(-1, -0.6457939875069172)
(1, 0.5646963456009567)
(1, 0.8892617949475636)
(0, -0.16426511555854087)
(0, -0.12444742047782706)
(1, 0.002729216548865321)
(0, -0.20867132203872632)
(0, 0.026900213187081547)
(0, -0.34565134102591255)
(0, 0.0077392223514838755)
(0, 0.057184540506518285)
(0, -0.14224923134301776)
(0, 0.1654281988377537)
(0, 0.34293211311078586)
(1, 0.10746969780566357)
(0, 0.1808213492095491)
(1, 0.5450043480851496)
(0, 0.07630945236586431)
(0, -0.04370616564350208)
(-1, -0.18716687799408888)
(0, 0.19300525420576295)
(1, 0.7721168769132584)
(0, 0.1753480717656782)
(0, 0.014864944160604451)
(0, -0.012478513824879751)
(0, -0.023992148999473092)
(0, 0.013139929703339714)
(-1, -0.8933112509529605)
(-1, -0.44291581416999726)
(-1, -0.485548338245331)
(-1, -0.5313469098753852)
(-1, -0.10937788358191702)
(0, -0.13752031080174046)
(-1, -0.21210905356143384)
(0, 0.015785290419001008)
(0, -0.12187286997293977)
(0, 0.15723682590953303)
(0, -0.02920932251993724)
(0, 0.04343851136905634)
(0, 0.05299108523965091)
(-1, -0.36723705355462993)
(0, -0.0665657009133553)
(0, 0.12785547664193966)
(-1, -0.25420661142816436)
(0, -0.1004660078855685)
(-1, -0.8196581559441339)
(0, 0.059928495057105846)
(1, 0.7677432101229715)
(0, 0.4069974069295118)
(-1, -0.9925406425778869)
(-1, -0.9031263780136305)
(-1, -0.35281943951114253)
(1, 0.5175859307457354)
(1, 0.9597401133893206)
(0, 0.2029116072590672)
(-1, -0.6841835157499218)
(1, 0.6644258697239535)
(-1, -0.49939786685228926)
(0, 0.10990503129183532)
(0, -0.17655297175075418)
(1, 0.47188204293184044)
(1, 0.9311551203162292)
(1, 0.9476178542675451)
(1, 0.3083874852505676)
(1, 0.4202361455240261)
(0, 0.09419741707711286)
(0, -0.19707008563587544)
(-1, -0.2647178810587647)
(1, 0.1021116551729318)
(1, 0.6462514444449703)
(1, 0.4416508294334145)
(1, 0.9066472976193694)
(1, 0.6405150930692878)
(1, 0.9578101934607702)
(-1, -0.31366133896698956)
(-1, -0.2503980927400761)
(1, 0.4174145021492124)
(1, 0.6141080972628403)
(0, 0.026386605063733026)
(0, 0.27435138723660535)
(1, 0.9766984264367239)
(1, 0.9819623341389676)
(-1, -0.4170378038359256)
(0, 0.032138439989072495)
(1, 0.9999816909662219)
(1, 0.9959510030762824)
(1, 0.7502528080191606)
(1, 0.8646065342251825)
(1, 0.7363836610702919)
(-1, -0.43638964967024696)
(1, 0.41915990013809273)
(1, 0.6536051649053535)
(-1, -0.9499884596906939)
(-1, -0.9689670285508176)
(0, 0.03127926149130113)
(1, 0.8769672725121319)
(-1, -0.6653133356672254)
(-1, -0.8787500569641679)
(1, 0.9971597868031097)
(-1, -0.10899644270747172)
(0, -0.011492183697295343)
(-1, -0.9470218777531801)
(0, -0.0466822884708471)
(1, 0.06203874574275259)
(0, -0.1004660078855685)
(-1, -0.8196581559441339)
(0, 0.059928495057105846)
(1, 0.7431786184187666)
(1, 0.015211206380492004)
(0, 0.20488841786096995)
(1, 0.5558107427628743)
(0, 0.2956831119442554)
(1, 0.4368251299306218)
(-1, -0.9252273009371986)
(0, 0.009038202183344834)
(-1, -0.4579640642058101)
(0, -0.44687122069877766)
(-1, -0.7325738221074637)
(-1, -0.9679965295121743)
(1, 0.27200833298041377)
(1, 0.9941420134856014)
(1, 0.057244935552019816)
(-1, -0.3930213388010704)
(1, 0.2304082448577125)
(1, 0.9999062879945035)
(1, 0.37492588902918367)
(1, 0.9789108566264818)
(1, 0.605425137249322)
(1, 0.2317805473635166)
(0, -0.32975665709152385)
(0, 0.025869393402495305)
(0, -0.010038863819526138)
(1, 0.30480082377453205)
(0, -0.06765460210613114)
(1, 0.9304231828037699)
(1, 0.6112465166187822)
(1, 0.9998386163314197)
(-1, -0.9683523501701448)
(1, 0.997022824918366)
(0, 0.40406873733386656)
(0, -0.11582399642644026)
(0, -0.06765460210613114)
(0, -0.062232547336148865)
(0, -0.09220602223481414)
(1, 0.37606084150616426)
(1, 0.4771449250947466)
(0, 0.1148275611268182)
(-1, -0.46478787030600716)
(1, 0.9320966206168396)
(1, 0.8722248241889595)
(-1, -0.8061481849979814)
(1, 0.958589060390814)
(1, 0.5220330741103837)
(0, -0.34766721965465924)
(-1, -0.8500799206227442)
(0, -0.30879242543630214)
(-1, -0.45192635501799594)
(-1, -0.5338944244761346)
(1, 0.14836185023015797)
(1, 0.5113079041144036)
(0, 0.2239136053342076)
(0, 0.029001362756020003)
(0, 0.028199203744155285)
(1, 0.40598450093333477)
(1, 0.002223539992259105)
(1, 0.9961166580902966)
(0, 0.020828427589234755)
(-1, -0.19748328278478594)
(-1, -0.7122211442389715)
(0, 0.08356618963454596)
(1, 0.915663892844049)
(0, 0.14824729164274733)
(-1, -0.5276948588254581)
(0, -0.02078853248405952)
(1, 0.5900369576806124)
(1, 0.4771449250947466)
(1, 0.20242881642044647)
(-1, -0.9612621094994733)
(1, 0.20913639101246823)
(1, 0.36310843101389595)
(1, 0.014700422515810274)
(1, 0.9129246184853326)
(-1, -0.9454873056585954)
(1, 0.14742146123233296)
(-1, -0.5019454443597755)
(-1, -0.4092732922069091)
(1, 0.5868891382412087)
(-1, -0.06448828245550664)
(1, 0.4019448305411052)
(1, 0.9348626124416304)
(-1, -0.20147002461640057)
(1, 0.2194576184890153)
(1, 0.9316725128572001)
(-1, -0.2775436468615495)
(0, -0.2687596286396269)
(1, 0.9302346769748624)
(1, 0.03779345009524476)
(0, 0.13389235063737973)
(0, 0.04986447746560657)
(1, 0.9397000086934311)
(-1, -0.683080057926974)
(-1, -0.6133995823015281)
(1, 0.8433057801927779)
(1, 0.9010385692415486)
(0, 0.00024419899240142595)
(0, 0.06818435010756757)
(0, -0.002873104400139756)
(1, 0.673696260752346)
(1, 0.944921046328892)
(-1, -0.3771500140975756)
(-1, -0.34013116291183554)
(-1, -0.9471688718001569)
(-1, -0.27795257445325133)
(-1, -0.24117558495791247)
(-1, -0.8030550077595099)
(-1, -0.9738339622886584)
(0, 0.05276739515884026)
(0, -0.13630889165485482)
(-1, -0.9995188440431906)
(0, 0.22313655463510407)
(0, -0.029681285706667074)
(0, 0.13073876507802148)
(-1, -0.5876365050790989)
(0, 0.015109375702923478)
(0, 0.1744737769588705)
(-1, -0.044313902738482236)
(1, 0.48438824768046096)
(1, 0.9625582164885755)
(1, 0.5934963140202376)
(-1, -0.9833320673382884)
(-1, -0.4585273412545855)
(-1, -0.7849386629489863)
(1, 0.2853209085846104)
(-1, -0.1449748088889039)
(-1, -0.27449259411537114)
(0, 0.018485549470622163)
(-1, -0.16241832364389408)
(1, 0.3648099205164255)
(1, 0.8041021675781128)
(-1, -0.824252689071697)
(1, 0.4423539348804668)
(1, 0.5222819891713995)
(-1, -0.09371113060583186)
(-1, -0.37170835507008826)
(1, 0.8003228815220095)
(1, 0.9423362640481061)
(-1, -0.9272914462234346)
(-1, -0.9993929608901335)
(1, 0.06154217817525792)
(-1, -0.6690100922670654)
(0, -0.16103069432334877)
(0, -0.005044280180276462)
(-1, -0.7650833804606214)
(0, -0.27228394424372176)
(1, 0.6719816587645313)
(-1, -0.9246330961129688)
(-1, -0.396634744761723)
(-1, -0.9864375941244372)
(1, 0.09248865139344137)
(-1, -0.43087315630741463)
(-1, -0.9478256349768357)
(1, 0.6497668363682494)
(0, 0.002848742075331978)
(-1, -0.3514758144771376)
(1, 0.6891850662425034)
(0, 0.0216258473493732)
(1, 0.5544641429679331)
(0, -0.05070155124786313)
(-1, -0.7925946456084102)
(-1, -0.31583508584804004)
(1, 0.92972635902909)
(0, -0.2640884977485924)
(-1, -0.9012645822098057)
(0, 0.04176604018024837)
(-1, -0.700049386244642)
(1, 0.623762689960852)
(0, 0.028521545513875424)
(0, 0.21513213941344403)
(1, 0.8206559297376053)
(0, 0.08547331701081413)
(0, 0.049944120061768314)
(1, 0.9859447578871532)
(-1, -0.7434226160255414)
(0, 0.000662423506322285)
(0, -0.10796309722684194)
(0, 0.0010344718485789835)
(0, 0.2723361454404633)
(-1, -0.48150996300071774)
(-1, -0.8940042858124495)
(-1, -0.8677088219417652)
(-1, -0.9403242610841696)
(-1, -0.3180217431340559)
(-1, -0.9965878094585436)
(0, -0.17318244821368392)
(0, 0.018731496196181294)
(0, -0.11428271172865534)
(-1, -0.9846807151313773)
(-1, -0.47280916403596907)
(1, 0.9279557864686048)
(-1, -0.030526510167496912)
(0, 0.04968352138562747)
(0, 0.045373102632936965)
(-1, -0.6085155647941632)
(-1, -0.5313622021472145)
(0, 0.1813371743781658)
(-1, -0.270874401973662)
(0, -0.09299627016467249)
(0, -0.3450561665142795)
(0, -0.3167998188377331)
(-1, -0.27965310365309215)
(-1, -0.6513298481858132)
(-1, -0.996724544312377)
(-1, -0.9987978600194056)
(-1, -0.7270245532415438)
(-1, -0.7460602988451528)
(-1, -0.34601212344919585)
(0, -0.0003806891787187447)
(-1, -0.9056591233821933)
(1, 0.24614258753288648)
(-1, -0.13071581576486746)
(-1, -0.9592715427695435)
(0, -0.01113930609117647)
(0, 0.13264898013071896)
(0, -0.029787746182834487)
(1, 0.06070355113972342)
(1, 0.38002155268866217)
(0, -0.06425964666751338)
(1, 0.03979822071303801)
(1, 0.31378053747424284)
(-1, -0.999801726696466)
(0, -0.24940774228711443)
(-1, -0.9502483032112002)
(-1, -0.9864778378820438)
(-1, -0.99992673061413)
(1, 0.49606597694074434)
(-1, -0.681906420231654)
(-1, -0.6062746808967292)
(1, 0.5367353677831969)
(1, 0.64037566289975)
(-1, -0.8753559695927435)
(-1, -0.8763834749335188)
(-1, -0.5929008320375763)
(1, 0.8134882740725243)
(0, -0.16915757880758098)
(0, 0.10580904098177152)
(0, -0.15975847840895657)
(0, -0.022843385928385196)
(1, 0.3073094177365074)
(-1, -0.8609573179258047)
(0, -0.06765460210613114)
(-1, -0.5662473595890917)
(1, 0.8405977959922362)
(-1, -0.9657293142083692)
(-1, -0.9952617204561713)
(1, 0.537142783074989)
(0, -0.02051488698893761)
(-1, -0.968178849367711)
(-1, -0.23501123300351567)
(-1, -0.754211261592305)
(-1, -0.8842815402647684)
(0, 0.07433765792478025)
(-1, -0.22184968770141889)
(0, -0.010334013479293823)
(-1, -0.7318032635798645)
(0, 0.11078345079264629)
(-1, -0.4911042477698748)
(0, -0.06783060671897054)
(0, -0.3188049334980211)
(-1, -0.3349353292896502)
(0, -0.08202870608623483)
(1, 0.34869050349711006)
(-1, -0.7964987254579138)
(0, -0.13767648452978576)
(1, 0.4977370696672913)
(-1, -0.9935973243772581)
(-1, -0.6981306636882676)
(-1, -0.9962599415427407)
(1, 0.9554219858232286)
(0, 0.19573977865959863)
(1, 0.42349839397008576)
(0, -0.13730898770924505)
(0, -0.11937633820277313)
(-1, -0.9277731908450171)
(-1, -0.7590909745086527)
(0, -0.0059361829425513685)
(0, -0.16033430912094146)
(0, -0.01339689106136499)
(-1, -0.5527479983588084)
(0, 0.08811846722609065)
(0, -0.06715160300571382)
(-1, -0.7970057710418978)
(-1, -0.847101417348981)
(-1, -0.7638262316246541)
(-1, -0.9931961528860034)
(0, -0.15620157827017697)
(-1, -0.007299650610348873)
(0, 0.08693081085657697)
(-1, -0.9995688816100816)
(-1, -0.48875847062573896)
(-1, -0.5823573310809611)
(1, 0.8831856983705499)
(1, 0.6235054444008827)
(1, 0.46513773654344026)
(-1, -0.545787287551331)
(0, -0.13911344168709555)
(0, 0.07062934358675994)
(1, 0.3458402413079761)
(-1, -0.7868841186493134)
(1, 0.7818316460794824)
(0, 0.09389283533417424)
(0, -0.10219863365653077)
(-1, -0.857988418335919)
(-1, -0.030180114815651582)
(1, 0.7659548270118137)
(1, 0.7666856611089766)
(-1, -0.4403543145160943)
(-1, -0.8043713416426379)
(0, -0.013866417318203074)
(1, 0.2750874411830528)
(-1, -0.7529834071652414)
(-1, -0.8252331461905493)
(1, 0.5457745496277608)
(1, 0.7687000741662444)
(-1, -0.6399417900687178)
(0, -0.16183498894375614)
(-1, -0.6934009102267467)
(1, 0.3918122340017438)
(0, -0.0073667881880750685)
(-1, -0.6420144918705033)
(1, 0.08937249710205158)
(-1, -0.6794775501983257)
(-1, -0.04321537323649116)
(-1, -0.4261911958112743)
(1, 0.605339344891618)
(1, 0.12929267461783073)
(0, -0.08973369600414738)
(0, -0.08725544605748478)
(-1, -0.37199398201119915)
(-1, -0.5005317466934404)
(-1, -0.9999896692798897)
(-1, -0.7551060055614139)
(-1, -0.799951585309162)
(-1, -0.8108727376142559)
(-1, -0.26243621163370784)
(0, 0.026239056188424353)
(-1, -0.9695095861615214)
(0, -0.05406006177869288)
(1, 0.9988062520512127)
(0, -0.15443593622282492)
(0, 0.0016909131289255808)
(1, 0.4788927349599831)
(1, 0.44522064263554034)
(0, -0.025400752784710115)
(1, 0.4665615068942164)
(0, 0.047640886160460805)
(0, 0.14275653128542565)
(1, 0.6408998416804742)
(1, 0.6832228505238882)
(0, 0.01245794639576149)
(0, -0.03756848518420003)
(-1, -0.09655425754567315)
(-1, -0.031474225408912315)
(0, 0.14431632988352777)
(0, -0.08774290911777864)
(-1, -0.06130849420677348)
(1, 0.2438632141156945)
(1, 0.04765350808028812)
(-1, -0.617194875120134)
(1, 0.8245499178132789)
(1, 0.9999445556216211)
(-1, -0.9188481678644945)
(-1, -0.5733976965267873)
(-1, -0.4345484829386365)
(0, -0.4307545094173612)
(-1, -0.20622262615102502)
(0, 0.10476682298941134)
(-1, -0.7579717672512638)
(-1, -0.5402043208694903)
(1, 0.05879987431077943)
(0, -0.21618758513107128)
(0, 0.000443427592694539)
(0, 0.025820029794875077)
(0, -0.1176057097717827)
(0, -0.12806964099295653)
(0, 0.064059441963978)
(1, 0.4922852741074273)
(0, -0.08458974202430712)
(0, -0.20458084606838056)
(0, -0.018070754717064333)
(-1, -0.6906441809609637)
(1, 0.701235993179616)
(-1, -0.991781394479147)
(1, 0.8210157192121911)
(-1, -0.12440159016066615)
(-1, -0.5590116949684503)
(-1, -0.34824362168058165)
(-1, -0.5781168208709379)
(0, -0.1124733653724603)
(-1, -0.36252026956846894)
(0, -0.2595773032095917)
(1, 0.9501121744547111)
(-1, -0.20803404854766774)
(0, 0.09306308553527243)
(1, 0.8043536915891913)
(1, 0.5649848949683738)
(-1, -0.6234239459718276)
(1, 0.07204010584098186)
(1, 0.20249538720651356)
(1, 0.24245018315883055)
(1, 0.5061382212325624)
(-1, -0.6209721707914083)
(1, 0.8036590345095991)
(0, -0.022080694323118516)
(-1, -0.9584007713717426)
(-1, -0.7696542972209754)
(0, -0.2756571996929506)
(-1, -0.869071873319479)
(0, -0.24971008656099455)
(-1, -0.8848872597718824)
(-1, -0.6096427355615275)
(-1, -0.8789647364304802)
(1, 0.7175974323647256)
(1, 0.4331984261955931)
(-1, -0.9393639182998569)
(0, 0.006238076835927239)
(1, 0.033837110099759704)
(0, -0.1176057097717827)
(0, -0.12806964099295653)
(0, 0.064059441963978)
(-1, -0.551176504008835)
(-1, -0.9337910185638154)
(-1, -0.8723477621822427)
(-1, -0.8751763857538677)
(0, -0.02898965851509147)
(1, 0.5692864012847325)
(1, 0.9948396065027844)
(1, 0.6272576614805307)
(-1, -0.9955597346624739)
(1, 0.24582626891994808)
(-1, -0.901403066888427)
(-1, -0.9439155293323181)
(-1, -0.2724274327407249)
(-1, -0.054771545202107474)
(0, 0.06368184695882351)
(-1, -0.0008599510890756612)
(1, 0.4532456864216724)
(-1, -0.8136538503758103)
(0, -0.04212874519840103)
(0, -0.06765460210613114)
(0, 0.42234139234207774)
(0, 0.07919613248675952)
(-1, -0.8794770843230814)
(0, -0.044472653030667914)
(-1, -0.41548619154342536)
(0, -0.027299801314740038)
(-1, -0.03170170736354411)
(-1, -0.5536969918338244)
(1, 0.451277244892162)
(-1, -0.964227505930145)
(1, 0.9935342902552886)
(0, -0.17369310180744882)
(-1, -0.1723686599952019)
(0, 0.04843867256326964)
(1, 0.9980550203729865)
(1, 0.21263374402174332)
(-1, -0.08018278710959259)
(1, 0.6030815275787946)
(-1, -0.7568195131544)
(1, 0.460895614006531)
(1, 0.6969678378407013)
(0, 0.009038202183344834)
(-1, -0.9716601103957885)
(-1, -0.06273166453309809)
(1, 0.8757691524991865)
(1, 0.5541266088771054)
(1, 0.7466912045208569)
(1, 0.8572815413013527)
(-1, -0.576013356621142)
(0, 0.4175335113795743)
(1, 0.8104434048459769)
(0, 0.4300454681785657)
(0, 0.031588277013022706)
(1, 0.4732992767578476)
(1, 0.3811865644119802)
(0, 0.35983701363726633)
(1, 0.9015609831579996)
(1, 0.9127829905796364)
(-1, -0.1913705486972726)
(1, 0.7604702551668471)
(1, 0.037206160824678314)
(0, -0.02741774616897855)
(0, 0.020303383925058982)
(0, 0.20858503046078497)
(0, -0.20867132203872632)
(0, 0.11254209537760551)
(1, 0.7304150342652883)
(0, -0.2401587477778091)
(-1, -0.9966869832288698)
(0, 0.017050339835936318)
(1, 0.6413261667562873)
(1, 0.8618798370393844)
(0, 0.08511743152998139)
(0, -0.010803040744167033)
(-1, -0.8442073077731512)
(-1, -0.05487356384891623)
(-1, -0.660883137702534)
(0, -0.11902566488487337)
(1, 0.16735617846354917)
(1, 0.4111941818295029)
(1, 0.3960693048552235)
(1, 0.9036481759188352)
(0, 0.05395719489791735)
(0, -0.11724041472745897)
(-1, -0.8445089912249799)
(1, 0.918243250002275)
(1, 0.5305741030919529)
(1, 0.14971134236414552)
(1, 0.9340163151897005)
(0, 0.25051866368139214)
(1, 0.6255632313053394)
(-1, -0.587087128926877)
(0, -0.12392929047379542)
(1, 0.746912128103549)
(-1, -0.7728424299758367)
(0, 0.05778076645003585)
(-1, -0.4160712512803888)
(1, 0.05343593212244868)
(1, 0.9999887920588743)
(-1, -0.46337977741604974)
(1, 0.6585420071890659)
(0, 0.0015260159535114446)
(0, -0.21148436904811224)
(1, 0.5333881812084875)
(0, 0.07167149566779374)
(-1, -0.02892994419654077)
(0, -0.03107326736174408)
(1, 0.9263720400038215)
(1, 0.8159261094641841)
(0, 0.012054251745765165)
(0, -0.06765460210613114)
(0, -0.040705025298158004)
(-1, -0.9933297854765144)
(1, 0.4973299414415489)
(-1, -0.8689524013915246)
(-1, -0.9977808496828622)
(0, -0.12155025239094408)
(-1, -0.973872461243372)
(1, 0.9450767175335727)
(-1, -0.9035326709873001)
(1, 0.7963129727236391)
(-1, -0.9793568619301007)
(-1, -0.7196619814933191)
(-1, -0.01751676411627484)
(0, -0.11658544441172489)
(1, 0.4794113913386797)
(0, -0.25691402826700943)
(1, 0.4573411729620883)
(0, -0.03646281637755394)
(-1, -0.5745851967005952)
(1, 0.30301706760832964)
(-1, -0.7525049259167172)
(1, 0.9897761708123249)
(1, 0.9266989752147414)
(-1, -0.9954774424872255)
(-1, -0.39204419970478543)
(-1, -0.10831953974530562)
(1, 0.46077202367601955)
(1, 0.9357806949855338)
(1, 0.4549087722323718)
(0, 0.1946000458525205)
(0, -0.09781304289400308)
(0, 0.2872134388854529)
(0, -0.06411273281817122)
(1, 0.7734356243143112)
(0, 0.028727903724715086)
(0, -0.1080406125521749)
(0, -0.03270594801824442)
(0, -0.0023581991746124548)
(0, 0.15820537556699416)
(0, -0.15904116010613978)
(-1, -0.7202073972148184)
(-1, -0.9846241199847725)
(-1, -0.7976180785963308)
(1, 0.6854626921259401)
(0, 0.04883751658189758)
(1, 0.7312610215165483)
(0, -0.005886623444284977)
(0, -0.15933652176982321)
(1, 0.46582928173554367)
(0, 0.12641048405478625)
(-1, -0.9287961249290659)
(-1, -0.36545820216578834)
(0, -0.3202398235549889)
(1, 0.9415650365947914)
(-1, -0.13551633245175893)
(1, 0.937867511680772)
(0, -0.026108772561541482)
(-1, -0.8552545374686795)
(-1, -0.9029366027015876)
(-1, -0.82806835661652)
(-1, -0.4588098889057763)
(0, 0.2546403155194169)
(1, 0.08837154065778074)
(1, 0.13153834642758472)
(0, -0.20867132203872632)
(0, -0.32903006503487187)
(-1, -0.9479248272464139)
(1, 0.01654860084649218)
(-1, -0.32414419208975365)
(-1, -0.9995874633051806)
(0, -0.43642629211625894)
(-1, -0.9997602456804362)
(-1, -0.6382342301989948)
(-1, -0.9899824264478573)
(-1, -0.5663805917712301)
(0, 0.02921299418575645)
(0, -0.00955089769233776)
(0, -0.31632281786333066)
(-1, -0.3456600309153721)
(-1, -0.7672743698900106)
(0, 0.05303303608578367)
(0, -0.07036366123759352)
(0, 0.24470477059395263)
(1, 0.06912044638760778)
(-1, -0.8300011076716353)
(-1, -0.3234151204986107)
(-1, -0.595579256757538)
(1, 0.6364116739364586)
(-1, -0.8022583744662323)
(1, 0.7298976376525892)
(1, 0.9002921578348471)
(-1, -0.9350261791632621)
(0, -0.15247831233029163)
(-1, -0.8106213399023001)
(-1, -0.7946701455944931)
(-1, -0.7967605959829428)
(-1, -0.42084570625834833)
(1, 0.9046765871779046)
(0, -0.1789811144397472)
(-1, -0.40123579807080856)
(0, -0.1685615307401464)
(1, 0.18537264456041663)
(-1, -0.9414187423329358)
(-1, -0.9759270592018702)
(-1, -0.9899697968574627)
(-1, -0.8966583906425993)
(-1, -0.98856136378104)
(1, 0.007726092481769864)
(-1, -0.998983299998334)
(0, -0.018226150404181875)
(-1, -0.37886554330885036)
(-1, -0.8052812618779744)
(1, 0.9179128998452442)
(-1, -0.9789157865791285)
(-1, -0.48781867796961953)
(0, -0.1717673407202815)
(0, -0.11574539044740363)
(-1, -0.692949332084895)
(-1, -0.06457504142049053)
(-1, -0.7902873179556733)
(1, 0.12085156428016086)
(-1, -0.1481461251504378)
(-1, -0.7489378571689275)
(-1, -0.8053967024307485)
(-1, -0.08647173684932002)
(1, 0.17748810137129378)
(0, -0.033695869423146056)
(-1, -0.4742231221000177)
(-1, -0.595298449005389)
(-1, -0.9245931969004559)
(1, 0.6004843100295318)
(1, 0.6373800266821806)
(1, 0.948358574201263)
(-1, -0.6756361287182915)
(1, 0.8270324286819002)
(1, 0.3977778237384474)
(0, -0.06425964666751338)
(1, 0.30909715847445707)
(0, -0.2736453043617466)
(0, 0.064059441963978)
(0, 0.030178367676667095)
(0, -0.16985433167493)
(1, 0.8813200886318608)
(0, -0.37274700885620626)
(-1, -0.48653686463121165)
(-1, -0.9837593210026384)
(-1, -0.9701734278381193)
(1, 0.6623019926960054)
(0, -0.1276529161301079)
(1, 0.44422541854679926)
(-1, -0.9989995051795697)
(1, 0.9798186968453936)
(1, 0.706335769160717)
(0, 0.026582557175179655)
(-1, -0.05151123238918148)
(0, -0.06765460210613114)
(0, -0.06765460210613114)
(0, 0.05458892197041261)
(-1, -0.43629365158017713)
(0, -0.1304859160696553)
(0, 0.11346466247605201)
(-1, -0.2741227989567264)
(-1, -0.7249357266647586)
(1, 0.17484416017981658)
(-1, -0.5077560544114286)
(-1, -0.6743310980264968)
(1, 0.2500979524306123)
(-1, -0.9999987249754286)
(-1, -0.9989786375174781)
(-1, -0.6174842617292015)
(1, 0.17843721294304882)
(-1, -0.6838014501443146)
(-1, -0.9609173600747083)
(-1, -0.2636057896404758)
(-1, -0.36740515774532045)
(-1, -0.3374879187694942)
(0, -0.12162236023105766)
(-1, -0.03216457454069699)
(-1, -0.8123877464700007)
(-1, -0.9649621596658076)
(1, 0.5020363693698887)
(-1, -0.9985858394162153)
(-1, -0.3079896299270254)
(0, 0.05286126236563787)
(1, 0.4295239066779266)
(0, -0.2019620821679128)
(1, 0.4365168695077184)
(-1, -0.8643361344357581)
(-1, -0.9178194790211355)
(0, -0.10289536372509127)
(-1, -0.9871456760460258)
(1, 0.3108141187725818)
(-1, -0.8237016526865958)
(0, -0.06765460210613114)
(-1, -0.12871553797970264)
(-1, -0.17040615861239206)
(0, 0.09646989210902193)
(0, 0.2605928808858176)
(-1, -0.7648498316354717)
(-1, -0.9479485939361768)
(1, 0.5350519317215626)
(1, 0.6443071833394869)
(-1, -0.34163845475007526)
(1, 0.4344004621651409)
(1, 0.027794217639533103)
(0, 0.007027305335578394)
(1, 0.42946122921478924)
(1, 0.6410341277156953)
(-1, -0.8308456648094992)
(-1, -0.9452027361632591)
(-1, -0.8104683924424086)
(0, -0.005812126899740866)
(-1, -0.9839041489144679)
(-1, -0.9254392151810935)
(-1, -0.9975025098504589)
(1, 0.5936446347764357)
(0, 0.0003908333946492817)
(-1, -0.548060781123528)
(0, 0.08014761762162212)
(1, 0.36054562755402736)
(-1, -0.5318186637050969)
(1, 0.032671209665334155)
(1, 0.06382345601483691)
(0, 0.05067354726977016)
(0, -0.011683185424305992)
(-1, -0.47788338164285526)
(-1, -0.6289365494619878)
(1, 0.24851810583992853)
(1, 0.24148135780813273)
(1, 0.9902863901636565)
(0, -0.1393741122941108)
(0, -0.14005188354226394)
(0, -0.24272252223816962)
(0, -0.06765460210613114)
(0, -0.0651670008174057)
(0, -0.06765460210613114)
(0, 0.005654997575959046)
(0, 0.029818408111739553)
(-1, -0.2340695569483705)
(0, -0.021241531887088702)
(0, 0.31042070260415877)
(1, 0.5194029879661414)
(-1, -0.4069734608887058)
(0, -0.017664409056025343)
(1, 0.9900683800022749)
(0, 0.1661645368215407)
(-1, -0.8120443038144411)
(0, 0.26420887213653677)
(0, 0.42092201669290713)
(1, 0.07602222016630888)
(0, -0.16482836176479)
(-1, -0.6557669364505829)
(-1, -0.46814261891642983)
(0, -0.011962682699241315)
(0, 0.10981168050898776)
(0, -0.016339498536247596)
(-1, -0.6633543555924776)
(0, -0.31092468130124046)
(-1, -0.8187219064780749)
(0, 0.12985689529225863)
(-1, -0.5645645712753371)
(1, 0.10199615578221433)
(0, 0.2162427051569478)
(0, 0.043604704766018576)
(-1, -0.8267638618995018)
(0, 0.36874510586029824)
(1, 0.5037804235837819)
(0, 0.007189466637480574)
(0, 0.017868541506783117)
(0, 0.27873147714168595)
(-1, -0.17676827752008312)
(-1, -0.9119537298753325)
(0, 0.29716431411616334)
(0, -0.19360062774033712)
(-1, -0.5859885845402512)
(-1, -0.8654647646507738)
(0, -0.2209606699458557)
(1, 0.7749412359821699)
(0, 0.12435561647778909)
(1, 0.4044282426242294)
(-1, -0.9726712301986128)
(0, 0.07960297115031413)
(-1, -0.9999991393558203)
(-1, -0.7460148683386711)
(0, -0.19189588360141255)
(0, -0.07308829354642564)
(1, 0.8965301465353192)
(1, 0.26887116223230056)
(0, -0.06722423323246524)
(1, 0.9982593460565872)
(1, 0.15002589231736135)
(1, 0.7708706184094967)
(1, 0.7637725773828778)
(0, -0.18065085309290138)
(1, 0.8030024991007723)
(1, 0.28340094301505303)
(0, 0.0773835283992238)
(1, 0.5324668358880852)
(0, 0.05502622810749705)
(0, 0.12259834345457092)
(-1, -0.25099364516112527)
(-1, -0.3586976807978124)
(0, -0.1224027906387195)
(0, -0.01030853060055903)
(-1, -0.2440939447597427)
(0, 0.026321011607870048)
(-1, -0.2864636279722497)
(0, 0.03295591481043017)
(0, -0.2916218571556499)
(1, 0.8840403484308141)
(1, 0.5575150833272039)
(1, 0.5011970065230852)
(0, -0.1349114483780044)
(0, 0.09120830389154863)
(1, 0.28077360806302426)
(0, 0.012773050827590102)
(1, 0.9820400392600573)
(0, -0.20867132203872632)
(0, 0.37452957530098274)
(0, 0.37195288894679135)
(1, 0.5307036939018491)
(0, -0.20867132203872632)
(1, 0.7125999121981658)
(0, 0.08933412544095365)
(0, -0.17860390044653665)
(-1, -0.4922752524749684)
(0, 0.041616529924801415)
(1, 0.059298053077280755)
(1, 0.8077761522400414)
(0, 0.01574649158940375)
(-1, -0.7763989527874562)
(-1, -0.6973814283335743)
(1, 0.7766846048491545)
(1, 0.02852977493426606)
(-1, -0.15895815739817515)
(1, 0.43577465900610546)
(1, 0.8730625700209593)
(0, -0.09701006333238249)
(1, 0.9125166939320346)
(-1, -0.5629283503886213)
(1, 0.9806206350804768)
(0, 0.10476682298941134)
(0, -0.26745426369890407)
(0, 0.10476682298941134)
(-1, -0.9147142297410233)
(0, 0.21571614470230766)
(-1, -0.5167013383331917)
(0, 0.029859170807689413)
(1, 0.8660761565887749)
(1, 0.6216142146547573)
(0, -0.05858819302679934)
(1, 0.5131663231715407)
(-1, -0.9695721425000022)
(-1, -0.8182421132674009)
(0, 0.17147624881389759)
(0, 0.013218138840252063)
(0, 0.023432727999992034)
(-1, -0.9520562519730855)
(1, 0.594530428870086)
(0, 0.3010366515382371)
(1, 0.9684142771098514)
(-1, -0.7388620554433027)
(1, 0.9396562201469832)
(-1, -0.9366404992487252)
(-1, -0.04444378273316718)
(-1, -0.8003919901094382)
(1, 0.9625042989802621)
(1, 0.9995802784207856)
(0, 0.2659039463111295)
(0, -0.11541472582982715)
(0, 0.07578243637834925)
(0, -0.051606569927411)
(0, -0.10439474499017473)
(0, -0.20480128665254585)
(0, -0.19012716961750942)
(-1, -0.724176953505774)
(1, 0.650943776154336)
(0, -0.20867132203872632)
(1, 0.4679694614429054)
(1, 0.8557274511632472)
(0, 0.11291021221116981)
(0, -0.1107512548511137)
(1, 0.31631080889687696)
(-1, -0.17290907081358137)
(0, -0.02798152192458891)
(-1, -0.9793617507964577)
(-1, -0.9615709207681723)
(-1, -0.825283386425778)
(-1, -0.30974110854567116)
(-1, -0.999181662974408)
(1, 0.37101761786561827)
(1, 0.467228088296728)
(-1, -0.9966877810179566)
(-1, -0.09640455930016467)
(0, -0.01726920220112932)
(1, 0.8419255308077875)
(0, -0.2636893241172475)
(-1, -0.9721024534536458)
(0, 0.08933412544095365)
(-1, -0.9984820842386799)
(0, 0.11243000436207432)
(0, 0.09044082121656194)
(-1, -0.6891332338571708)
(1, 0.3916272350607244)
(-1, -0.9111154860058248)
(-1, -0.8793119463206578)
(1, 0.527653413200071)
(-1, -0.25916868487390204)
(0, 0.15149145771302308)
(-1, -0.9986205832120396)
(1, 0.1529455313232328)
(-1, -0.6506473347334395)
(0, 0.004033492304864744)
(0, -0.23214140451647924)
(-1, -0.571817593374667)
(-1, -0.437365732084832)
(-1, -0.893609321936155)
(-1, -0.648676774105561)
(-1, -0.932170845202778)
(-1, -0.9996088422599569)
(-1, -0.6301573654834949)
(-1, -0.9187153954378164)
(-1, -0.19258219601486026)
(1, 0.8888596709393172)
(0, 0.028545139237032037)
(1, 0.9011935522002547)
(1, 0.8913916657341037)
(-1, -0.7407952906910449)
(0, -0.18557972600359093)
(0, -0.3136681730349198)
(0, 0.1779327602851971)
(-1, -0.6599357268429957)
(0, -0.06765460210613114)
(0, -0.2415120121068121)
(0, -0.2018618837245369)
(0, -0.21618758513107128)
(0, -0.13552595739870077)
(-1, -0.9948816232644321)
(-1, -0.9995723946005897)
(-1, -0.9639425164410211)
(-1, -0.8775527351324757)
(-1, -0.9417762541993566)
(-1, -0.7729691942999175)
(-1, -0.7572491085726878)
(0, 0.00814541232757271)
(-1, -0.9795676875372891)
(0, 0.08933412544095365)
(0, -0.14499763676100516)
(-1, -0.38248137490662715)
(1, 0.892773188387107)
(-1, -0.9803727046241684)
(-1, -0.9809335537739227)
(0, -0.09530056205221504)
(-1, -0.9630685481682422)
(0, -0.06765460210613114)
(0, -0.028238115468543018)
(-1, -0.5520836372049847)
(-1, -0.14751285144373077)
(0, 0.1929796396081585)
(-1, -0.49029918873731354)
(-1, -0.9495474300368002)
(0, -0.38301166760129524)
(-1, -0.9407014020147965)
(-1, -0.14099774437202456)
(-1, -0.37413983858540445)
(-1, -0.9945568616547039)
(-1, -0.8302866085300336)
(0, -0.031123040403491304)
(-1, -0.469199063442791)
(-1, -0.9545532682156791)
(-1, -0.8925434957242058)
(-1, -0.5317587939824315)
(1, 0.7791528255773081)
(1, 0.9681289943740733)
(1, 0.6921631929687428)
(0, -0.4025210577496623)
(0, -0.06765460210613114)
(-1, -0.9998831900237569)
(-1, -0.9992712978032451)
(1, 0.9991274813191315)
(-1, -0.966868260078262)
(1, 0.9981960671248205)
(0, -0.01211076594883648)
(1, 0.7940892276349254)
(-1, -0.456300130458436)
(0, 0.2426571297271821)
(0, -0.2878779150245362)
(-1, -0.14821612732503064)
(-1, -0.39874130268264973)
(1, 0.787190031419348)
(-1, -0.16832800268477557)
(0, -0.33249306375102033)
(0, -0.1107512548511137)
(-1, -0.09257036743570274)
(-1, -0.41923371581538443)
(-1, -0.7540668046001813)
(-1, -0.6314248303995936)
(0, -0.03871871644788244)
(1, 0.11674956241218015)
(-1, -0.8163822511093839)
(1, 0.8644294821566261)
(-1, -0.683978885316791)
(1, 0.8297532308169011)
(1, 0.9461480153822732)
(-1, -0.837835229746875)
(0, -0.20826715463544324)
(-1, -0.3523819831921646)
(1, 0.821210007080635)
(0, -0.26745426369890407)
(0, -0.26745426369890407)
(0, -0.26745426369890407)
(0, -0.11572067947178691)
(1, 0.6549830409980577)
(1, 0.5645604311430549)
(0, -0.14359931986839106)
(0, -0.3428208496876973)
(1, 0.3351286776132047)
(0, 0.0017097303633420158)
(-1, -0.9914240939665795)
(0, -0.13240191231456924)
(-1, -0.9998835472812646)
(0, 0.21702184653282103)
(-1, -0.73019026333084)
(-1, -0.7471833956411743)
(-1, -0.9685150806432704)
(-1, -0.9553151388969295)
(-1, -0.999824912083584)
(-1, -0.9780375634619127)
(0, -0.04966003811373525)
(-1, -0.5754274124145077)
(0, -0.33249306375102033)
(0, 0.13191887245556455)
(-1, -0.933335151560668)
(-1, -0.812225679305524)
(0, -0.2420927141263345)
(0, -0.21618758513107128)
(-1, -0.8142894317525133)
(-1, -0.6410682296348693)
(1, 0.9863625141182355)
(0, 0.05025014972534471)
(1, 0.8534971568050552)
(1, 0.066157553767005)
(0, 0.11282283233875928)
(1, 0.817409983488772)
(-1, -0.8450452516155875)
(1, 0.13551053255223017)
(0, -0.03501297791040445)
(-1, -0.990596911007936)
(-1, -0.8176761138023976)
(0, 0.23091154469026612)
(0, -0.1863918433677839)
(-1, -0.17968099530843895)
(-1, -0.9397635164676645)
(0, -0.1630292455849296)
(-1, -0.4401716362860758)
(0, -0.12775332648986398)
(1, 0.09463152589807555)
(-1, -0.5379134622941718)
(0, -0.0619648121867445)
(0, 0.10058705263858116)
(0, -0.10772275834993966)
(0, 0.004756168364326338)
(-1, -0.9993874799265668)
(1, 0.5256927001447693)
(-1, -0.8808946913343114)
(-1, -0.9176730032399482)
(-1, -0.7637740752077393)
(-1, -0.8490541768636988)
(-1, -0.12904014832012306)
(1, 0.1768147885705902)
(1, 0.8089463710544172)
(1, 0.8887741102844714)
(0, 0.06978379776412838)
(0, -0.20867132203872632)
(-1, -0.16618147210805995)
(-1, -0.8168603967600592)
(0, 0.03505907511520412)
(-1, -0.9998190873743664)
(1, 0.47062470395351363)
(1, 0.7552076226329792)
(1, 0.9998691880700932)
(0, 0.18277616491675405)
(0, 0.04674944180038641)
(-1, -0.8369810626912109)
(1, 0.7302725790951592)
(0, -0.05552313828845149)
(0, -0.0019226375554082901)
(1, 0.28063680459339724)
(0, -0.20867132203872632)
(1, 0.6471403075149809)
(0, 0.14573211513834214)
(1, 0.030044661424658337)
(0, -0.19640294389346014)
(0, 0.2456283755005306)
(0, 0.34475094429348035)
(1, 0.855822043024313)
(0, 0.0005405597582791037)
(0, 0.060250751421263765)
(1, 0.5863755101303709)
(1, 0.9057179968811873)
(1, 0.9998655559650672)
(-1, -0.03683944152473878)
(-1, -0.7825962994224395)
(1, 0.6247809235662055)
(0, 0.04289918561709509)
(-1, -0.1795513359592881)
(0, -0.16426511555854087)
(0, 0.02435276925397293)
(-1, -0.3731245134748449)
(0, 0.02639799092757604)
(0, 0.049276929831710614)
(-1, -0.48754152482691)
(0, 0.024745179196086153)
(1, 0.8946172611873462)
(0, -0.0030917326808245216)
(1, 0.39854452480765945)
(0, -0.2880316981977854)
(0, -0.025977841729713902)
(1, 0.1422947904958532)
(0, 0.042773340760079846)
(0, -0.13860115778792836)
(1, 0.46705608160336703)
(0, 0.10261545400516796)
(1, 0.711729946141499)
(1, 0.7035922326698322)
(0, -0.24602385839379673)
(0, -0.00681754659096626)
(0, -0.21716038046914427)
(0, 0.18302090379655495)
(1, 0.9893350121268966)
(1, 0.8904431469067133)
(1, 0.8828038403077273)
(1, 0.7928361651526317)
(0, -0.0892009550456366)
(0, 0.08299415043541533)
(0, -0.20918566549603806)
(0, 0.1337782884625987)
(0, -0.33249306375102033)
(1, 0.9215276847492941)
(1, 0.9940811715140281)
(1, 0.9102277404835042)
(1, 0.9951267415412074)
(1, 0.9998486997287233)
(0, 0.13976439878641772)
(1, 0.1677204082832136)
(0, 0.2122588502927636)
(0, -0.08110718779536549)
(0, -0.025131827964433723)
(-1, -0.4135624208344286)
(1, 0.9939882741054491)
(0, -0.043440388254862405)
(0, -0.045037707263094945)
(-1, -0.4957648752656461)
(0, 0.025858420018388464)
(0, 0.0886474259030641)
(0, 0.034062531370679855)
(0, -0.18333616030409533)
(0, 0.19292857688824216)
(0, 0.18054518308234782)
(0, -0.25418243305536736)
(0, -0.01664702064406555)
(0, -0.048154091428846295)
(0, -0.06421911055818844)
(1, 0.49423017871962927)
(0, 0.010346998212501728)
(-1, -0.5511678430883435)
(0, -0.06910332969241695)
(-1, -0.496743537563461)
(-1, -0.3695427844856549)
(1, 0.9853281909109771)
(1, 0.4471220342187172)
(1, 0.596539864721654)
(0, 0.01705192661621637)
(-1, -0.5332743119405332)
(1, 0.6586529253488269)
(0, -0.0002539870906528782)
(-1, -0.9959444662604575)
(0, -0.3130060813777255)
(-1, -0.9961496317085677)
(1, 0.2722370931593656)
(1, 0.5962268772886237)
(1, 0.9936320532285331)
(0, -0.1857618736587674)
(-1, -0.31930506890630783)
(1, 0.9186421980177277)
(-1, -0.3106006928062758)
(0, -0.0547454725361899)
(0, -0.06765460210613114)
(0, -0.06765460210613114)
(-1, -0.8074925613427658)
(-1, -0.9956389590940228)
(1, 0.21014839870452667)
(0, 0.35672526318982)
(0, -0.26627005318884206)
(-1, -0.34166858162196956)
(-1, -0.7975332268702144)
(-1, -0.22876567920067692)
(1, 0.6488450659215377)
(1, 0.9638882340807732)
(-1, -0.9941527236268374)
(0, 0.08412946913742131)
(0, -0.06423983426898844)
(0, -0.2655840936864537)
(0, 0.19351231317684234)
(0, -0.12330985363840849)
(0, -0.1092972279199804)
(0, -0.12616277498194486)
(-1, -0.9996810547378452)
(1, 0.6674894790423848)
(-1, -0.4532271311968495)
(0, 0.05061100472218899)
(-1, -0.7018632114834196)
(1, 0.8407966181695828)
(0, -0.04251688773776426)
(0, -0.033261480687364314)
(-1, -0.6374416647191564)
(-1, -0.9436508285947564)
(0, -0.023853642188330478)
(-1, -0.8184017389790063)
(0, -0.06134454038517053)
(0, 0.009850755857463117)
(0, -0.12712808005427367)
(0, -0.006922093564292034)
(1, 0.047176211581688055)
(0, 0.02259068453646043)
(0, -0.20837119130238468)
(1, 0.9215276847492941)
(-1, -0.9947861434980477)
(0, -0.4506864030936979)
(-1, -0.6711935135584912)
(0, 0.01036517122924227)
(-1, -0.9833764724284748)
(-1, -0.5593695442492996)
(-1, -0.9637376612103864)
(-1, -0.9853578584906947)
(0, -0.38313888508400235)
(0, -0.09809352946341549)
(1, 0.9434595010956409)
(0, 0.10766140912830643)
(0, -0.003443021323181278)
(1, 0.9939436634901374)
(-1, -0.7705975419282202)
(1, 0.36731882714018455)
(0, -0.044472653030667914)
(-1, -0.8699122605885913)
(-1, -0.9999782193285897)
(-1, -0.999795022658472)
(-1, -0.9816304134731169)
(-1, -0.8887975079456046)
(-1, -0.9858493820209336)
(-1, -0.9757073668611855)
(-1, -0.8721111352783626)
(0, 0.0017097303633420158)
(-1, -0.5023766356352065)
(0, -0.06801628269514405)
(-1, -0.8999747513335323)
(-1, -0.7829136860460758)
(-1, -0.08484719821729259)
(1, 0.5199857673299697)
(-1, -0.6648226118714605)
(-1, -0.8568843787251638)
(-1, -0.835794128730412)
(-1, -0.9997504002751398)
(-1, -0.8268481947145425)
(0, 0.2300521229022455)
(1, 0.7154943281761197)
(0, -0.06718740602028364)
(1, 0.9752152568352577)
(-1, -0.9910090725210782)
(-1, -0.9922666099569635)
(-1, -0.9786305014092174)
(-1, -0.9999964626249741)
(0, -0.04840986846535408)
(-1, -0.9999986146138308)
(0, -0.2655840936864537)
(-1, -0.4559072971969005)
(1, 0.7365551507462185)
(0, -0.179451107422195)
(-1, -0.35253467174453385)
(1, 0.34380330638199785)
(-1, -0.5421223815574422)
(1, 0.9992439329230699)
(1, 0.9520561657171053)
(-1, -0.4924453472263538)
(1, 0.342025968677471)
(0, 0.08824627353045165)
(-1, -0.9999523175671303)
(0, 0.02446381800579206)
(-1, -0.9997911274775502)
(-1, -0.9999983492112812)
(-1, -0.5705581127236372)
(-1, -0.05938498687414062)
(1, 0.5020866318372097)
(0, -0.24881231643856877)
(-1, -0.8875497508431041)
(-1, -0.6386517507543926)
(-1, -0.18904709525565522)
(0, 0.15746802804069662)
(-1, -0.9868247994550882)
(1, 0.5116739843291792)
(-1, -0.984006561420795)
(-1, -0.9246738314384554)
(-1, -0.8443818369151799)
(-1, -0.7415941285319853)
(-1, -0.9990518517929993)
(-1, -0.9109000921300761)
(0, 0.26712074296442995)
(-1, -0.9999936692398059)
(-1, -0.42010239976798974)
(1, 0.7781635709787871)
(0, 0.3806036406437677)
(-1, -0.9999064577164023)
(-1, -0.9438731094711358)
(-1, -0.6849438282539544)
(-1, -0.8556726327063502)
(0, 0.022355800144303384)
(1, 0.9348626124416304)
(-1, -0.018649391272319404)
(-1, -0.899780532735212)
(0, 0.02716440714394718)
(0, -0.03962427981441312)
(0, 0.12521687353414984)
(0, -0.06765460210613114)
(1, 0.9348626124416304)
(-1, -0.9997885012565457)
(0, -0.27861174352221296)
(-1, -0.00286710994166145)
(-1, -0.16554510138576595)
(-1, -0.6192572142740242)
(1, 0.6602751351334515)
(-1, -0.8695646131011866)
(-1, -0.9736135877151816)
(1, 0.776039211024516)
(1, 0.09801057090936444)
(-1, -0.7918423727314013)
(-1, -0.9353344134227598)
(1, 0.744258515200819)
(0, 0.01225288406305558)
(0, -0.22536253484648797)
(1, 0.6666384907723382)
(-1, -0.8066376914064479)
(-1, -0.9712296623779325)
(0, -0.04893493654561088)
(1, 0.17097888267378986)
(1, 0.1533721970862968)
(1, 0.8742651335141223)
(-1, -0.994421468715796)
(-1, -0.9542558522613066)
(-1, -0.5732041371869372)
(-1, -0.8898364154356302)
(-1, -0.0716242575910544)
(1, 0.8236161341673061)
(1, 0.9285558352258947)
(-1, -0.8384561828279584)
(1, 0.6796344147577066)
(1, 0.9868924182553739)
(1, 0.995670495072778)
(1, 0.4931373572958892)
(0, -0.1504150795143731)
(1, 0.07091020422352362)
(1, 0.27218481322185134)
(-1, -0.9478115741877933)
(-1, -0.6984286361640558)
(-1, -0.10356431571085017)
(-1, -0.9893860929314062)
(-1, -0.6709676476546103)
(1, 0.64408800550517)
(-1, -0.974242065386119)
(1, 0.8516729662563515)
(-1, -0.5021611134376616)
(-1, -0.9909658754640612)
(0, 0.3389986568776288)
(-1, -0.970040883746818)
(0, -0.29167450958947466)
(-1, -0.44934386599920495)
(-1, -0.5396819394233556)
(1, 0.6136050315114879)
(-1, -0.5418340089412964)
(1, 0.5923031942250586)
(-1, -0.8161236395654372)
(-1, -0.8210064210775286)
(1, 0.7424604288269082)
(1, 0.3829388380682286)
(0, -0.008479088626753423)
(-1, -0.9446707683324109)
(1, 0.9999999991720443)
(0, 0.16908363447768696)
(1, 0.5550308564206414)
(0, 0.39444167420313914)
(0, 0.08332687053858093)
(0, -0.0035014189056297718)
(0, -0.02166809479035728)
(1, 0.3978309146980926)
(0, -0.1055401540216267)
(1, 0.9309333797866467)
(1, 0.7290530281581501)
(1, 0.1593537451355751)
(0, 0.08365201340209087)
(1, 0.9990045704901517)
(1, 0.9998030469626644)
(1, 0.546057367259428)
(1, 0.8052031806614851)
(0, 0.055739018499089354)
(1, 0.3938918057325317)
(0, -0.2669995803588731)
(1, 0.6949604534244638)
(0, -0.2556009779417316)
(-1, -0.5648885460737112)
(0, -0.003548920998748893)
(1, 0.18630715613704218)
(-1, -0.029102163431204253)
(0, -0.031819849901623634)
(0, -0.01254236373062706)
(1, 0.9999020420020535)
(0, 0.1294036941353993)
(1, 0.9996661784952215)
(1, 0.900113467193851)
(-1, -0.7733216880592679)
(0, -0.028745276702317465)
(1, 0.28750797733352185)
(0, 0.43896033161456766)
(0, 0.012743082914323849)
(0, -0.18342648556658867)
(-1, -0.24884466618835288)
(1, 0.5842764883538364)
(0, 0.007041054153744321)
(0, 0.0064500270805352596)
(0, -0.17577258513048843)
(1, 0.3762417894731127)
(1, 0.9999973076984042)
(-1, -0.41962031855254217)
(1, 0.9997689504608798)
(0, -0.07129848756019547)
(-1, -0.39905971065291757)
(0, -0.01814071095303016)
(0, 0.22434645641882056)
(0, -0.01814071095303016)
(0, 0.06529026810069853)
(-1, -0.5609137700679336)
(1, 0.12426770901591494)
(-1, -0.5495567984891998)
(1, 0.7744959365413288)
(0, -0.3117454009667451)
(-1, -0.3377051405053692)
(0, -0.14482918820767418)
(0, -0.14226130156958217)
(1, 0.9481390021139408)
(1, 0.544940225383451)
(0, 0.15324299069773026)
(0, -0.12129730912260993)
(0, 0.0017097303633420158)
(-1, -0.7628257022917738)
(0, 0.09280032484009539)
(0, 0.21063285429552925)
(0, 0.07455792578846698)
(1, 0.6650177625286685)
(1, 0.5590444186390278)
(1, 0.7259931304384828)
(-1, -0.9987459198922842)
(-1, -0.2907802047954229)
(-1, -0.994616055287034)
(-1, -0.9780849941604681)
(-1, -0.9123930741858118)
(0, 0.05519613010256209)
(1, 0.2181569466587885)
(-1, -0.8112010650024332)
(0, -0.002713186992624253)
(0, -0.130653126174743)
(0, -0.005515366688509882)
(-1, -0.4605199310501882)
(1, 0.6462179962114644)
(-1, -0.9972437724684204)
(-1, -0.4244764122234157)
(1, 0.9998339905851098)
(1, 0.6228637528073898)
(-1, -0.5303914028083375)
(1, 0.7583883401550757)
(-1, -0.5785094976318946)
(1, 0.9922705221857208)
(-1, -0.7842258906125735)
(-1, -0.6999083464199659)
(-1, -0.9915804664737046)
(0, -0.22204169417151087)
(-1, -0.9807412568851717)
(0, -0.24531925946498367)
(0, 0.06865817048869002)
(1, 0.875691473165031)
(1, 0.5104957563716579)
(-1, -0.24147327818540565)
(1, 0.8561758542054974)
(-1, -0.9714605672957007)
(1, 0.983640595048685)
(-1, -0.29906838974330857)
(1, 0.9996086555911963)
(1, 0.6994979922847976)
(-1, -0.8871978152775926)
(-1, -0.5855536172186899)
(1, 0.982742858743294)
(0, 0.11524091852617102)
(0, -0.1403626718228238)
(1, 0.09317748775944368)
(1, 0.08315628076987597)
(0, 0.12180679589726129)
(-1, -0.8944596839762091)
(1, 0.009073921672491714)
(1, 0.8476133667936478)
(-1, -0.9504892908245222)
(-1, -0.21186588960973998)
(-1, -0.7590510119922234)
(-1, -0.9266746268955337)
(1, 0.10996679196163645)
(-1, -0.6471832178172777)
(1, 0.8185338375773028)
(0, -0.18617470813292097)
(0, -0.09167965868196887)
(1, 0.4615943099577535)
(1, 0.7530176512230241)
(-1, -0.9958871671158097)
(0, -0.2478427576346263)
(0, -0.11283428572359974)
(0, 0.0017097303633420158)
(-1, -0.8370661936638937)
(-1, -0.6883262984165994)
(1, 0.8731545483216157)
(1, 0.6394514666187431)
(-1, -0.9996161247474217)
(-1, -0.12544543382845524)
(1, 0.3384036512953661)
(1, 0.08724429404655537)
(1, 0.7977375352870117)
(1, 0.5852489203469834)
(-1, -0.7849538638553089)
(-1, -0.22405848248990706)
(0, 0.04009649348750821)
(-1, -0.5797604339053047)
(0, 0.037364033677811256)
(1, 0.46406833458282526)
(-1, -0.9656409209516699)
(-1, -0.5205686427841286)
(-1, -0.8168705947404978)
(0, -0.15961582750895198)
(1, 0.3743873670359321)
(0, 0.2410462944950584)
(1, 0.9265383473173862)
(1, 0.9601692909961628)
(1, 0.9973124154415584)
(1, 0.5323757231190326)
(-1, -0.47488352386841315)
(0, -0.06246057136521918)
(1, 0.7984242770107713)
(-1, -0.9955043004931374)
(-1, -0.13264239151103463)
(1, 0.6618333298085766)
(-1, -0.7723146148364134)
(1, 0.18675482823631295)
(1, 0.8818099417330983)
(-1, -0.9737129364969348)
(-1, -0.986501789946757)
(0, -0.037118855622468805)
(-1, -0.35941168330626866)
(-1, -0.9303010210065551)
(-1, -0.9383007832411846)
(-1, -0.4423690667419278)
(1, 0.39740719561322596)
(1, 0.35359756918934265)
(-1, -0.5971045428698836)
(-1, -0.9969657641380169)
(-1, -0.805556645685809)
(-1, -0.6059489594765716)
(-1, -0.9720039870897487)
(1, 0.5402459701533571)
(-1, -0.9999969140884065)
(1, 0.42065489231790854)
(-1, -0.47234237785232414)
(-1, -0.6866032454711415)
(-1, -0.7833915293324984)
(-1, -0.3942169139119019)
(-1, -0.9889337449916565)
(0, -0.03646195790382541)
(-1, -0.06001853268690255)
(0, -0.0007161713087840606)
(-1, -0.3017655814993164)
(1, 0.42332350908664534)
(0, -0.08793573686970829)
(-1, -0.8954963981890747)
(0, -0.01930209129361632)
(0, -0.3284420573016289)
(0, 0.04679114300687553)
(0, 0.0681836065484728)
(1, 0.35055342124464406)
(-1, -0.3963649090634473)
(-1, -0.07569230570685181)
(-1, -0.6103851449853137)
(1, 0.9973828849697985)
(-1, -0.9962199326874457)
(1, 0.15240208749610618)
(-1, -0.6885186751345604)
(1, 0.7584448005717626)
(-1, -0.8775730356435321)
(-1, -0.5338061186430983)
(1, 0.5730948939534994)
(-1, -0.9721476619061067)
(1, 0.8783544214808751)
(0, -0.16883005614648594)
(0, 0.07187494206064307)
(1, 0.7826386182312638)
(-1, -0.2926559563085629)
(-1, -0.7065408655883658)
(-1, -0.9991493026789743)
(-1, -0.0032347939551105043)
(1, 0.47439949263713765)
(-1, -0.12004445940224118)
(1, 0.7815456160986802)
(-1, -0.8087400954232412)
(-1, -0.9198787450756526)
(-1, -0.3369415950384141)
(-1, -0.9160965238604432)
(0, -0.131548415972406)
(-1, -0.6902849213494985)
(-1, -0.9900446714230183)
(-1, -0.5884042914007508)
(1, 0.5122232513409937)
(0, -0.16568908467834384)
(0, 0.2441397115994156)
(1, 0.6770830803162146)
(-1, -0.9461756312435838)
(0, -0.044472653030667914)
(-1, -0.7755000894353705)
(1, 0.6481822376809496)
(-1, -0.7621563915886145)
(-1, -0.9941402496419278)
(1, 0.29784058427655746)
(1, 0.18903579213262572)
(-1, -0.0342010620866689)
(-1, -0.10404610812283033)
(1, 0.9396859234820233)
(-1, -0.29068032398639504)
(1, 0.8244532460087214)
(-1, -0.9996559344487784)
(1, 0.7485113921281494)
(0, 0.30042262115181856)
(1, 0.9796600799358673)
(0, -0.21603261423100384)
(0, 0.21274159786603156)
(-1, -0.8010905275151659)
(-1, -0.6785889053598757)
(-1, -0.698851400333097)
(1, 0.7518089429653346)
(-1, -0.6280452568051133)
(1, 0.7961272195675037)
(-1, -0.8963175337570408)
(0, 0.0883492884031985)
(0, -0.011626648078805174)
(1, 0.2734446371828282)
(0, -0.05891535372440668)
(-1, -0.15826019721532336)
(0, 0.11957321415719999)
(0, -0.035417644021346395)
(-1, -0.9997869389185685)
(1, 0.763362041956806)
(0, -0.06765460210613114)
(1, 0.44884201423299197)
(-1, -0.12911867352650747)
(1, 0.8674535483536971)
(-1, -0.21664904090847276)
(1, 0.760473455574137)
(0, 0.034948734309998536)
(-1, -0.6914155797964016)
(-1, -0.9264525100610007)
(1, 0.4952536493391438)
(0, -0.07692831599788064)
(-1, -0.987182735551492)
(0, 0.11632013312874168)
(-1, -0.20363852848366415)
(-1, -0.23480401660856914)
(-1, -0.4344779209174454)
(0, 0.04171745949086467)
(-1, -0.9999835357063886)
(0, -0.06765460210613114)
(-1, -0.7988464699097848)
(0, -0.08433418624866151)
(0, -0.4129625366552589)
(-1, -0.6335317158218092)
(-1, -0.616260082256703)
(0, -0.24501680479242338)
(-1, -0.7012804065314974)
(1, 0.567600080488121)
(-1, -0.3007225007286829)
(0, -0.06388475628897405)
(1, 0.5061382212325624)
(-1, -0.6209721707914083)
(0, 0.16890752007329166)
(0, -0.1835700900236324)
(0, -0.046776135120815826)
(-1, -0.8880517626889934)
(0, 0.1997598853500659)
(0, -0.06765460210613114)
(0, -0.3068217182213959)
(0, 0.20087357168894382)
(-1, -0.834712049586615)
(1, 0.36121346509208807)
(-1, -0.5848445500609436)
(1, 0.33259502661897156)
(0, 0.06777760988642098)
(-1, -0.5014297174322571)
(-1, -0.4938566231714745)
(-1, -0.9999395817117316)
(-1, -0.9774515769745368)
(0, 0.27374524341235856)
(0, 0.04154291731357418)
(1, 0.5331027212965349)
(-1, -0.08957310683069031)
(0, 0.38956476978668253)
(-1, -0.9711665717221873)
(-1, -0.6073604583954471)
(-1, -0.2238476542932838)
(-1, -0.7355506755054741)
(0, -0.026581729864815454)
(-1, -0.8975537109294512)
(1, 0.2542977461900688)
(-1, -0.7502605766205555)
(1, 0.6322338104883933)
(1, 0.5610457089457463)
(-1, -0.6902969169818896)
(1, 0.5024797759560886)
(-1, -0.9357815277997867)
(1, 0.8691866247330832)
(1, 0.6362613027865407)
(-1, -0.9887595362980459)
(-1, -0.9983388751613239)
(1, 0.7284488488930128)
(-1, -0.7710142701567928)
(-1, -0.9171171394193163)
(1, 0.0007614370860085651)
(1, 0.7540343504050541)
(0, 0.009689271421502318)
(1, 0.4735255976145)
(1, 0.07205174727477687)
(-1, -0.659597453511206)
(-1, -0.6627390979493935)
(0, -0.04858184152156744)
(-1, -0.7295740167039261)
(0, 0.057624414216082664)
(1, 0.8306579178015224)
(-1, -0.9916731713979077)
(0, 0.021287885737896972)
(-1, -0.18844487568736507)
(0, -0.27572467905765075)
(0, -0.14587850527425733)
(-1, -0.18437637541230995)
(0, -0.3161697616077503)
(-1, -0.7275696223785983)
(0, -0.0939930500155314)
(-1, -0.7803347735245214)
(-1, -0.9806323729333274)
(-1, -0.8122568315885065)
(-1, -0.7520511116781244)
(-1, -0.22894441712613084)
(1, 0.559113177495784)
(-1, -0.9481110466429421)
(-1, -0.9886467991738015)
(-1, -0.9959636786662457)
(0, 0.11273207778876235)
(-1, -0.896583544714941)
(1, 0.8154325856694071)
(-1, -0.8950264750511256)
(-1, -0.9979676508927667)
(0, 0.1342490473896425)
(-1, -0.7949880909320263)
(-1, -0.5848230297362808)
(0, 0.23990865161585376)
(-1, -0.60335382515502)
(-1, -0.4519516870894242)
(-1, -0.8382897461654374)
(-1, -0.12124256679594242)
(1, 0.5625859875775462)
(-1, -0.40827275492644166)
(-1, -0.5380521069102351)
(1, 0.19326577074801848)
(0, 0.22550126923247768)
(0, -0.10636973419541207)
(1, 0.7905000318556796)
(-1, -0.4219496258268427)
(1, 0.9841656556178406)
(0, -0.2940256622365491)
(1, 0.7410293815816514)
(0, -0.007575947291874885)
(0, -0.09200575005995457)
(-1, -0.3470770246658387)
(-1, -0.3091240565239673)
(-1, -0.9981668814689076)
(1, 0.4224107202608727)
(-1, -0.9531924275613574)
(0, 0.19503319919201384)
(-1, -0.9373502310197998)
(0, 0.029969119342990652)
(0, -0.012898460745089602)
(1, 0.6231628066696009)
(0, 0.0004564549582662088)
(0, -0.008275246230775253)
(0, -0.0337637968965003)
(0, -0.05945327686236414)
(0, -0.1462612046898028)
(0, -0.173016227996078)
(0, 0.034570409145173064)
(0, 0.2912477753859727)
(1, 0.8563891013249151)
(0, 0.12101422655564194)
(1, 0.6055189365742196)
(-1, -0.7530718707916297)
(0, -0.2503967714779598)
(1, 0.513323152235801)
(-1, -0.6147543430536773)
(0, 0.032160867842596474)
(0, 0.016315995638006564)
(0, -0.4199760216908338)
(0, -0.08344127491435707)
(1, 0.8989994369727761)
(0, 0.0476615257894499)
(0, 0.016315995638006564)
(1, 0.669155768864594)
(-1, -0.2765918680288653)
(-1, -0.051286266699271665)
(-1, -0.46456935303394087)
(0, 0.009859036355307018)
(1, 0.7611462558727846)
(0, -0.2120939347672829)
(-1, -0.9778545379195119)
(-1, -0.17809407571133723)
(0, -0.0053263537878752865)
(0, 0.23733665144187693)
(0, -0.2775746690580159)
(0, -0.17084175449164693)
(0, -0.030629590673306673)
(0, -0.05530974066551525)
(0, 0.32388957735596424)
(0, -0.29347593190131055)
(0, -0.04612275806872797)
(-1, -0.06867149370616205)
(1, 0.8840678902732673)
(0, 0.26004218178486715)
(0, -0.20642747877886808)
(0, -0.04173777634467238)
(0, -0.10603038316709233)
(0, -0.02596708834720385)
(-1, -0.7715608754090364)
(1, 0.8918890527080897)
