(0, 0.0016209715859012179)
(1, 0.5168687880434387)
(0, -0.09163048035576624)
(1, 0.36073382163782564)
(0, 1.0973965425518097e-05)
(0, -0.08018576368328066)
(0, -0.0563266226958658)
(-1, -0.9903833070666992)
(-1, -0.5305200946418933)
(-1, -0.9449521654753182)
(1, 0.2917281712692845)
(1, 0.6695414314315558)
(1, 0.2698395922100859)
(-1, -0.7046516452461201)
(0, 0.09420495868471508)
(-1, -0.14939514841244605)
(-1, -0.5473736035982665)
(1, 0.8254197651939903)
(-1, -0.4848606830312995)
(-1, -0.9029789108615627)
(1, 0.7665491463991978)
(1, 0.5710134593090178)
(0, -0.15067113352989728)
(0, 0.331252027342942)
(0, 0.42838458355421544)
(1, 0.9392819718590246)
(-1, -0.9591165038047007)
(1, 0.6182066838555154)
(-1, -0.7302211418640174)
(-1, -0.15848419066550767)
(-1, -0.5372313862883199)
(0, -0.23880652739760055)
(1, 0.43464987206540795)
(0, -0.4756390565394126)
(-1, -0.7106835372681822)
(-1, -0.909125470181318)
(-1, -0.9366567652288139)
(1, 0.5588124864129627)
(-1, -0.9645489071709389)
(-1, -0.3179370943351952)
(-1, -0.9584583751678458)
(-1, -0.1577966902883472)
(-1, -0.9367651782388844)
(0, -0.30172920426073796)
(-1, -0.9645952684410306)
(0, -0.3812589771783678)
(1, 0.3450272050459166)
(-1, -0.9941088986236157)
(-1, -0.9867066563637353)
(1, 0.3604629720282838)
(-1, -0.9910517696979514)
(0, 0.4282324546004073)
(-1, -0.4736170329131688)
(-1, -0.41130136943311296)
(0, 0.4517222943962542)
(1, 0.9254849892222632)
(1, 0.1061432965933164)
(1, 0.7157122352411618)
(0, 0.014159515004758289)
(1, 0.665872741212)
(-1, -0.7100990227910897)
(-1, -0.5713941279533405)
(-1, -0.52451185287788)
(0, -0.06364856156374055)
(-1, -0.9992761561489353)
(1, 0.9917968812773134)
(0, 0.007434788398955283)
(-1, -0.5481326194106935)
(1, 0.9765827694082477)
(-1, -0.18900969182153243)
(0, 0.20743130994694603)
(1, 0.68941158381337)
(0, -0.058775527411776135)
(-1, -0.6884094038579532)
(-1, -0.6711790675851201)
(-1, -0.5533181136536726)
(0, -0.14920623653549012)
(-1, -0.6629419779269234)
(0, 0.06434838036346496)
(1, 0.9091306301478953)
(1, 0.03728924370475989)
(1, 0.09200061185132369)
(0, -0.0997882491510895)
(1, 0.4795197670036139)
(0, -0.2339699532608972)
(-1, -0.9196164021140932)
(0, 0.06109038286193119)
(-1, -0.7063037753923679)
(0, -0.09117203668068755)
(1, 0.5767636347425026)
(-1, -0.38906944294587487)
(0, 0.17398007989641853)
(1, 0.4448594667572558)
(0, -0.031739392572747445)
(1, 0.6875016031654624)
(-1, -0.35350017406216516)
(0, 0.4602971192557124)
(1, 0.745004737594267)
(-1, -0.42712880064492287)
(-1, -0.9530080683338306)
(-1, -0.5292852487844504)
(1, 0.6487392168981532)
(-1, -0.6346241996071543)
(-1, -0.26143259779755673)
(1, 0.803307657458224)
(0, -0.17660766538370437)
(0, -0.04094337069469317)
(-1, -0.686434885546357)
(1, 0.07191819456126147)
(1, 0.9110442684453623)
(-1, -0.3779526329067788)
(0, -0.2946305792420506)
(-1, -0.7831654530989955)
(1, 0.20707774804671936)
(-1, -0.7512415240124806)
(-1, -0.9359400044281315)
(1, 0.7909878115521611)
(-1, -0.010686869465224236)
(0, -0.14333366990601265)
(-1, -0.8625857969417849)
(-1, -0.1526872514641962)
(-1, -0.7944857835407995)
(0, -0.17660766538370437)
(-1, -0.21895009523903547)
(0, -0.17542777527031345)
(-1, -0.4068054407252478)
(0, -0.3294704884587145)
(0, -0.27283261020839267)
(1, 0.3351506623848897)
(-1, -0.7918860002237842)
(-1, -0.5744683695242672)
(-1, -0.5427067544538083)
(1, 0.231675915967882)
(1, 0.7453426503516336)
(-1, -0.5146409833905157)
(-1, -0.992733745491739)
(-1, -0.9419347423938933)
(1, 0.7550790451053909)
(1, 0.1076714644073139)
(-1, -0.6184166963800818)
(0, 0.07526324486700298)
(0, 0.033814521234753814)
(0, 0.3972392807600691)
(0, -0.20322795318744627)
(0, 0.17415608979646927)
(0, -0.13023204218595216)
(-1, -0.38986172088268034)
(-1, -0.13500870051747504)
(-1, -0.8002168185825907)
(1, 0.9187604171227176)
(-1, -0.9946296624669793)
(0, 0.403380014338904)
(1, 0.6530714935828068)
(1, 0.1296081265229856)
(-1, -0.2722350712669258)
(-1, -0.6667856350658763)
(0, 0.39103974145706705)
(1, 0.842530226129021)
(-1, -0.5588296599007168)
(0, 0.24321751055484614)
(0, -0.12571590228297352)
(-1, -0.5755902565540071)
(-1, -0.9605851469771436)
(1, 0.9159609008965909)
(0, -0.16651135295444505)
(-1, -0.7196039023180132)
(1, 0.4898515306098623)
(0, -0.1857105476871419)
(1, 0.554791737520138)
(-1, -0.16535861857133574)
(-1, -0.22362514047481608)
(-1, -0.8658339880566993)
(-1, -0.021122793929614636)
(-1, -0.7217997900491776)
(-1, -0.5058872789515306)
(1, 0.4588734946777235)
(-1, -0.8808029133168811)
(-1, -0.8371305027206317)
(0, -0.028146783805698933)
(0, -0.16260924345301817)
(1, 0.43945172257302517)
(0, -0.07601087889406467)
(-1, -0.6075115161111176)
(-1, -0.8696526123114905)
(1, 0.7450235436440257)
(1, 0.45438614556870827)
(-1, -0.7745304833034162)
(-1, -0.7521545614982941)
(0, -0.4588182303463069)
(-1, -0.9183346702625275)
(-1, -0.8553667199165219)
(-1, -0.6711790675851201)
(-1, -0.5533181136536726)
(0, -0.09903885614221013)
(-1, -0.6629419779269234)
(1, 0.12484463568282511)
(1, 0.9091306301478953)
(1, 0.03728924370475989)
(1, 0.09200061185132369)
(0, -0.0997882491510895)
(1, 0.7576531166418528)
(-1, -0.8982589618369103)
(0, 0.023115292937228915)
(-1, -0.7063037753923679)
(1, 0.6133209931207751)
(0, 0.0020054956462676327)
(0, -0.1186666460950239)
(1, 0.31778473058443035)
(0, -0.0035072513511000313)
(0, -0.009328308572802929)
(0, -0.2124312666258691)
(-1, -0.499360433184555)
(-1, -0.691523155730834)
(-1, -0.3302548377769043)
(1, 0.0027902810895907293)
(0, 0.060836823805252876)
(0, -0.014080457435084183)
(0, 0.1345102792092701)
(0, -0.3474925425811954)
(-1, -0.7026725728858422)
(0, -0.3731873075441009)
(1, 0.4713218810053071)
(0, -0.19250738934170336)
(0, -0.11116159957362096)
(0, -0.07783321422333761)
(-1, -0.8770408994684518)
(-1, -0.5886417219440856)
(0, 0.03559967682549393)
(-1, -0.31349674388939675)
(0, 0.018649196846096172)
(-1, -0.9169844410102916)
(0, -0.25646089726225774)
(-1, -0.9404872165728921)
(-1, -0.9775593595493559)
(-1, -0.963619708026245)
(0, -0.08414798732185555)
(0, -0.06960802584777454)
(0, -0.004481313718409596)
(-1, -0.8297631961022994)
(-1, -0.5389878312195402)
(-1, -0.8777120666664182)
(-1, -0.9307418823671941)
(-1, -0.9933237659221402)
(1, 0.46211542202747663)
(-1, -0.9281375452161856)
(-1, -0.9645118010738247)
(0, -0.1792950518748054)
(0, -0.020913610308028574)
(0, -0.011386255123609475)
(-1, -0.389022637863645)
(-1, -0.4856665210678467)
(-1, -0.08458018349379598)
(0, -0.06765460210613114)
(-1, -0.6089920282108177)
(1, 0.38073919520869687)
(0, 0.0279588081698271)
(0, -0.0737506241751067)
(-1, -0.7106791927967512)
(0, -0.020109687665236797)
(1, 0.03807443105380437)
(0, 0.15106967541066155)
(0, -0.08965563546629826)
(-1, -0.9988220206356638)
(0, -0.026230022927377757)
(0, -0.02028635295678167)
(-1, -0.6411621625263797)
(-1, -0.3162146936232891)
(0, -0.03125629682315123)
(-1, -0.9979066647869449)
(0, -0.37542789480259897)
(1, 0.03943023395351314)
(0, -0.022073780103940538)
(0, -0.004997684952285156)
(0, -0.06388597657210221)
(0, 0.14595452186757957)
(0, -0.0898348675488454)
(-1, -0.38282663863288124)
(1, 0.27277093954317544)
(0, -0.050147097019709486)
(0, -0.025657811206912323)
(0, -0.27528361786376826)
(-1, -0.9758443721932129)
(-1, -0.9715802952249368)
(0, -0.16533876127880756)
(0, -0.2769230711182872)
(-1, -0.8485098720521851)
(0, -0.08450693539112225)
(-1, -0.4455835960024819)
(0, -0.009191931248537635)
(0, -0.015171334047225642)
(1, 0.8790001116505779)
(-1, -0.9614391614904219)
(0, -0.026831172876382647)
(-1, -0.7917132019298398)
(1, 0.6851530088504557)
(0, -0.36988343064460655)
(-1, -0.8928124605207032)
(1, 0.3808429149540579)
(0, -0.04586667701337185)
(0, -0.4449604040042652)
(1, 0.7758348220080461)
(0, -0.1970820336067705)
(-1, -0.7080988795562317)
(1, 0.6973655480536354)
(-1, -0.9973753989399153)
(1, 0.6767453991001673)
(-1, -0.5737734690013717)
(0, 0.219475530612933)
(0, -0.22928495584314112)
(0, -0.18479737166493093)
(-1, -0.5653740901872466)
(0, -0.021845204891096814)
(1, 0.9537418835430413)
(1, 0.10309295423719217)
(-1, -0.5853368416392664)
(-1, -0.2306144609107797)
(0, -0.029645826283236587)
(-1, -0.1444729885170718)
(-1, -0.9036860322900652)
(0, -0.17660766538370437)
(1, 0.3425595107283733)
(1, 0.3446683051288422)
(0, -0.06496253184494535)
(-1, -0.1293876672121716)
(-1, -0.6784531388776677)
(-1, -0.14041746790181636)
(0, -0.05585754950055606)
(-1, -0.4649327704335501)
(0, -0.103126570345692)
(-1, -0.9474441745170652)
(-1, -0.11402331090414242)
(-1, -0.8360779178340583)
(0, 0.4141686410170414)
(0, -0.1750113888749949)
(-1, -0.4494990360653217)
(1, 0.8434319348839917)
(-1, -0.9932857335134737)
(1, 0.9374700440821118)
(-1, -0.7738990613071822)
(-1, -0.9474344657725268)
(1, 0.21365359757829427)
(1, 0.3296284921740623)
(-1, -0.2591478778502255)
(-1, -0.015285766310798532)
(-1, -0.9100852289247547)
(-1, -0.9393938556596476)
(-1, -0.996434519806201)
(0, -0.1842705789524073)
(1, 0.8346410075878173)
(1, 0.4252678867819877)
(-1, -0.9897487898285765)
(-1, -0.8552311292714958)
(-1, -0.6351140360243468)
(0, -0.11591302726134073)
(-1, -0.902764771909646)
(1, 0.9780456612181408)
(1, 0.08180725481279838)
(1, 0.9167255046944983)
(-1, -0.7872726722662203)
(1, 0.1678223246944756)
(1, 0.8658009279157607)
(1, 0.1785938407442502)
(0, 0.21696632683022726)
(-1, -0.04715098570554288)
(-1, -0.7156590320087584)
(0, -0.3963641826374904)
(1, 0.5244701608368274)
(0, -0.2494683468201636)
(0, 0.2084983227051428)
(-1, -0.889561209629184)
(1, 0.9999378938584829)
(1, 0.8391951801892128)
(-1, -0.48829614758202616)
(-1, -0.9744568928962397)
(1, 0.16724852889728403)
(-1, -0.2403524269517388)
(0, 0.06002219300984661)
(-1, -0.3429068629740119)
(1, 0.4223406522731974)
(-1, -0.83077466985324)
(1, 0.04824998108749501)
(-1, -0.9616406498036838)
(0, 0.10306187477952768)
(0, -0.08361110300234749)
(-1, -0.747266132218305)
(0, -0.10753921365829255)
(0, -0.16423988373953763)
(1, 0.9988048075170283)
(1, 0.010855612313407537)
(-1, -0.8900134461486907)
(-1, -0.7437305292872091)
(0, 0.1421215250283282)
(0, -0.10848737711059564)
(-1, -0.4017046536258276)
(-1, -0.4269232488131868)
(-1, -0.47158514745446567)
(-1, -0.9519876481778721)
(-1, -0.1483227789912956)
(0, -0.0009437897825404669)
(0, 0.3436080913601388)
(0, -0.1030774039685683)
(0, -0.06932526968448052)
(-1, -0.8307861933305758)
(-1, -0.857694229045731)
(1, 0.387943733586579)
(0, -0.1440250869723491)
(0, 0.112462499172783)
(-1, -0.9999758882122275)
(-1, -0.10638891398391254)
(-1, -0.9924495840773191)
(-1, -0.998964896083896)
(1, 0.8720869714966571)
(-1, -0.40503538939425293)
(-1, -0.569818272411417)
(1, 0.48989004975027994)
(0, -0.08774290911777864)
(-1, -0.5704417487591613)
(-1, -0.6962452430274904)
(1, 0.08679638965874231)
(1, 0.10641366347162612)
(0, -0.20867132203872632)
(-1, -0.7541921510436086)
(-1, -0.8065002991643878)
(-1, -0.9595056793557327)
(-1, -0.4493972119194085)
(-1, -0.6197314629590625)
(-1, -0.20828518337943897)
(1, 0.4685750848196147)
(1, 0.5758824851846844)
(1, 0.9964728681210699)
(-1, -0.8641154466657066)
(-1, -0.616004254514718)
(1, 0.9807496089900404)
(1, 0.9400599829250083)
(0, -0.24940247390602605)
(0, 0.006544986051082183)
(1, 0.4020710460871857)
(-1, -0.9445323699891155)
(-1, -0.4762671293653072)
(1, 0.6021366835484838)
(1, 0.1149082937433471)
(1, 0.9042828192130803)
(-1, -0.6696984378001263)
(-1, -0.9984925476839868)
(-1, -0.9960661801184493)
(0, -0.21705639989325912)
(-1, -0.9195519533616076)
(0, 0.00858673216587326)
(0, -0.2922892530579032)
(1, 0.4387403118419646)
(1, 0.61091820108945)
(1, 0.38976095117511117)
(-1, -0.3061017381633298)
(-1, -0.07811306895565973)
(0, 0.02903171452262238)
(0, -0.00018494797817060482)
(0, -0.32760514813545594)
(-1, -0.9889925446057325)
(1, 0.69001915414501)
(1, 0.08895884543427424)
(0, -0.30978414952422556)
(-1, -0.6497861863319864)
(-1, -0.4719563166347378)
(-1, -0.998847227952389)
(1, 0.22425535268107227)
(0, 0.04801653739493328)
(1, 0.38037481958303365)
(0, 0.00018226841222893087)
(0, 0.30587772368995647)
(0, 0.15975277369888402)
(0, -0.009906994994542534)
(-1, -0.6028312248039915)
(0, -0.017749991453101605)
(1, 0.4541043368245775)
(0, 0.0036871293479276077)
(-1, -0.7585923288497909)
(-1, -0.9731236383423781)
(-1, -0.4681174311920116)
(0, 0.15895536969707702)
(-1, -0.6601330885132097)
(0, -0.037249312567496556)
(0, -0.0027834838561232138)
(0, -0.11127014823894826)
(1, 0.738591507134293)
(-1, -0.9814112650499163)
(-1, -0.6642530279412854)
(-1, -0.2743960811317197)
(-1, -0.9264964941055487)
(-1, -0.9838760406850287)
(-1, -0.033811474010767284)
(-1, -0.03148004016181999)
(0, 0.28831795539117355)
(-1, -0.44906743636230206)
(1, 0.34608729701382185)
(1, 0.14897306870400318)
(0, -0.04708314082485738)
(0, 0.35929375866501717)
(-1, -0.6231305806174797)
(-1, -0.43595942076728866)
(0, 0.09000973966445386)
(-1, -0.4803554148781545)
(1, 0.9874611776512031)
(1, 0.9452342466383796)
(-1, -0.8021868638870768)
(0, -0.023938115286994688)
(1, 0.25609161079294496)
(-1, -0.4488330348077312)
(0, -0.030275479419002882)
(0, -0.2661393445077853)
(1, 0.9513489171906164)
(0, 0.3148151897521311)
(0, -0.19794875683731858)
(1, 0.6072546428318557)
(-1, -0.8062773962439274)
(1, 0.4270106976264861)
(-1, -0.06269518816224456)
(-1, -0.22420160584871257)
(-1, -0.8103984365242147)
(1, 0.09325344460027701)
(-1, -0.9793004842087827)
(-1, -0.9962994791069943)
(-1, -0.8442490970270278)
(-1, -0.9837335780585199)
(0, -0.01869366128540221)
(-1, -0.7299971646956556)
(0, -0.3449619440737342)
(-1, -0.27412353372115694)
(0, 0.01615403331920999)
(-1, -0.10579555295257809)
(-1, -0.5351431353548365)
(1, 0.6140272228958347)
(1, 0.23919175376735152)
(-1, -0.2673171019692818)
(-1, -0.3990057218097171)
(-1, -0.9994729408340212)
(-1, -0.49497182838306003)
(-1, -0.5015610106257732)
(-1, -0.9374467039283708)
(-1, -0.7917147511421834)
(-1, -0.9012289269166514)
(-1, -0.7739562993396372)
(-1, -0.7855753473847422)
(1, 0.9612321901781689)
(-1, -0.9990300107238698)
(-1, -0.9791180728481631)
(-1, -0.7111646435369062)
(-1, -0.984453726431434)
(0, -0.04502840489085286)
(-1, -0.40041193909353506)
(1, 0.3192524265842618)
(-1, -0.28877747391090863)
(-1, -0.9816041580972543)
(-1, -0.9116838588151397)
(-1, -0.12800440782104416)
(-1, -0.8692530333320552)
(1, 0.21335934200101114)
(-1, -0.3194828458078719)
(-1, -0.9650305140877017)
(-1, -0.8975136781312854)
(-1, -0.5244241408705267)
(-1, -0.317367681784094)
(-1, -0.9984915908322667)
(1, 0.0387686101795216)
(1, 0.15663605291639626)
(0, 0.19012518692866354)
(-1, -0.8396598697337943)
(-1, -0.9337315292408642)
(-1, -0.7512317599914571)
(0, -0.1560414424399397)
(-1, -0.33436412980481434)
(-1, -0.021931267262619125)
(0, -0.01186099774347521)
(0, 0.0046082488865298865)
(1, 0.9112899855011909)
(-1, -0.9686441465277899)
(-1, -0.8697086415969064)
(-1, -0.0027397111234291893)
(0, -0.2055071482722966)
(-1, -0.9999467757994303)
(-1, -0.7320448918482989)
(1, 0.4151195994096455)
(-1, -0.4404094445348057)
(1, 0.8949105368391844)
(0, -0.39112507021370213)
(1, 0.5109502725422242)
(0, -0.01871831640095062)
(-1, -0.9257504779646588)
(0, -0.1364722503704297)
(-1, -0.9960525363297387)
(1, 0.0012444511130726421)
(-1, -0.9402954500997444)
(-1, -0.5891631149776322)
(-1, -0.9865249463511384)
(0, 0.2454239336272831)
(-1, -0.3903881573020255)
(-1, -0.8393590238882956)
(0, -0.13540521773331202)
(-1, -0.11529345495441468)
(-1, -0.3861033628901403)
(1, 0.5905818962162349)
(-1, -0.38906944294587487)
(0, 0.17398007989641853)
(1, 0.4448594667572558)
(0, -0.031739392572747445)
(1, 0.6875016031654624)
(-1, -0.47487431352902154)
(0, 0.4602971192557124)
(1, 0.3919160804638161)
(-1, -0.42712880064492287)
(-1, -0.9530080683338306)
(-1, -0.4519993924795618)
(1, 0.6487392168981532)
(-1, -0.739591081100929)
(1, 0.8118884447984613)
(1, 0.023220825436858883)
(-1, -0.23044547673722587)
(1, 0.25432126081540146)
(1, 0.8297364700016969)
(-1, -0.6247975190329873)
(-1, -0.9585163325180693)
(0, 0.061119045070969574)
(1, 0.06574984275345885)
(0, 0.21302537897031226)
(1, 0.3289157046150055)
(1, 0.23017796146395242)
(1, 0.48607278726440384)
(-1, -0.4259627307323234)
(-1, -0.8952903094281796)
(-1, -0.8678452320452732)
(-1, -0.9626842214996283)
(1, 0.37164076846149563)
(1, 0.23493179848706058)
(1, 0.04526673917047236)
(1, 0.9814493842453246)
(1, 0.9831352295547855)
(-1, -0.34852415628914)
(1, 0.33036926453399995)
(-1, -0.9545959062080974)
(-1, -0.45555597695092953)
(-1, -0.1798159585401769)
(1, 0.6208918065400387)
(-1, -0.7002648528283022)
(0, 0.28281010249195926)
(1, 0.48738440266846667)
(0, -0.12602474129729146)
(0, 0.026900213187081547)
(1, 0.37014977312156944)
(-1, -0.8712934514956179)
(0, 0.030775591086416143)
(0, 0.043977874720905724)
(1, 0.2973422577290109)
(1, 0.9173061745117069)
(-1, -0.5756025540089468)
(1, 0.4732992767578476)
(0, -0.0016147116726160549)
(0, 0.007082684421851726)
(0, 0.005480094249241523)
(0, -0.08537552801154048)
(0, -0.327929907515649)
(0, 0.05726003575054335)
(0, -0.015481828634611103)
(0, -0.17761242100489694)
(-1, -0.11868811226094417)
(-1, -0.1742763931291278)
(0, 0.018102025133935093)
(0, 0.012944812113105164)
(0, -0.14316428310748225)
(0, -0.13846032833545038)
(-1, -0.7508287754655184)
(0, -0.027740820451087)
(0, -0.13096739800772497)
(1, 0.30705876527160636)
(0, 0.2648320585073442)
(0, -0.20867132203872632)
(0, 0.008374849219506198)
(1, 0.18430602591559198)
(0, -0.2017282341351721)
(0, 0.015785290419001008)
(0, -0.17882126082036856)
(0, -0.17447011648576596)
(0, 1.5823990227261018e-06)
(1, 0.12700253060426742)
(1, 0.9758473079306738)
(0, -0.03691895350253853)
(1, 0.9558029318440278)
(1, 0.9885635260036923)
(0, -0.1100454345824164)
(0, 0.11520441699841182)
(0, -0.08436268343111082)
(0, 0.22092329593188478)
(0, 0.018067809771209642)
(0, 0.032072781425401806)
(0, -0.1176057097717827)
(0, -0.12806964099295653)
(0, 0.064059441963978)
(1, 0.05060447695562781)
(0, -0.12794116201818298)
(0, 0.14972944630714247)
(0, -0.20867132203872632)
(0, 0.004713640353760248)
(0, -0.14225535652483715)
(0, -0.006808117098734134)
(-1, -0.24657940327551803)
(0, 0.34728061190372594)
(-1, -0.07747926447848663)
(-1, -0.4685961006708113)
(0, -0.04865518731046549)
(1, 0.11768945494592997)
(-1, -0.9371676355393426)
(1, 0.8773550103769441)
(1, 0.47275310410600807)
(-1, -0.8506837230934157)
(-1, -0.9807162358708462)
(0, -0.15581306592167007)
(-1, -0.6826963547313569)
(0, 0.26087130953198834)
(0, -0.23797467608384412)
(1, 0.6924595128078788)
(0, 0.11702127976060991)
(0, -0.1004660078855685)
(-1, -0.8196581559441339)
(0, 0.059928495057105846)
(0, 0.0009647328225756875)
(1, 0.5706536820318424)
(0, -0.03501575910928323)
(0, -0.09555453296046298)
(0, -0.11212958587200784)
(1, 0.6250033893397388)
(0, -0.06721580379898216)
(0, -0.12794116201818298)
(0, -0.023343604964043127)
(0, -0.06765460210613114)
(0, -0.20867132203872632)
(-1, -0.8216069164907797)
(0, 0.040762252210829575)
(-1, -0.8323720876327824)
(1, 0.6125081723982495)
(-1, -0.5038189011893558)
(0, 0.3356977508324306)
(1, 0.9869987572428608)
(0, -0.2202231825044395)
(0, 0.038631536755036056)
(0, -0.0006547946704299479)
(0, 0.017583455973793044)
(0, -0.006931655318555322)
(1, 0.9896849335304708)
(0, -0.14206718488452022)
(-1, -0.12854316057939752)
(1, 0.5714221312466936)
(0, 0.013011780859194043)
(1, 0.5885515421585543)
(0, 0.06462734744044585)
(0, 0.12812368629429619)
(1, 0.15012687957440662)
(0, -0.001565971474635605)
(-1, -0.498123418187765)
(0, 0.005310870958499497)
(1, 0.6574527796059426)
(-1, -0.5614456805199848)
(1, 0.9383291548121379)
(-1, -0.9846713289229531)
(-1, -0.24103421878009568)
(-1, -0.5268487415018765)
(0, 0.1186893427667468)
(-1, -0.9841109499785727)
(-1, -0.29271964624498836)
(0, 0.19017923489174943)
(0, -0.1819077875841832)
(0, -0.16382982114548028)
(0, -0.04648464412862595)
(0, 0.26445352488979834)
(0, 0.26087130953198834)
(-1, -0.8153353531282401)
(0, 0.2929691468530525)
(0, 0.04093167773328697)
(1, 0.8361640148247298)
(1, 0.11265917940471393)
(0, 0.39160095924461785)
(1, 0.801103167778008)
(1, 0.2862056405830903)
(0, 0.1007252981512791)
(1, 0.6892120594795201)
(1, 0.752788721511921)
(0, -0.19266281001871616)
(0, -0.09367425464855865)
(0, -0.026852912538086124)
(1, 0.5437906069801856)
(0, -0.20867132203872632)
(0, 0.06787923287012564)
(0, 0.2379887875317648)
(0, -0.13303026235381987)
(0, -0.20867132203872632)
(0, 0.30617591598190635)
(0, -0.08774290911777864)
(1, 0.33106747820193827)
(1, 0.6600633430585358)
(-1, -0.8971016900658113)
(1, 0.7811013791533313)
(-1, -0.43062050472987906)
(-1, -0.7355664151246012)
(-1, -0.28678357332536625)
(-1, -0.9366910953348947)
(0, 0.07961873166801253)
(-1, -0.7409215667030752)
(1, 0.837939234830279)
(-1, -0.988040449894861)
(1, 0.05478007981173216)
(-1, -0.9869371711863585)
(-1, -0.9916820171719516)
(-1, -0.30469230545055415)
(-1, -0.9759419499085272)
(1, 0.7492096975295732)
(-1, -0.3185905978968736)
(-1, -0.3301702479042632)
(0, -0.0094214828967676)
(-1, -0.8982874289921511)
(-1, -0.8375480806855231)
(-1, -0.7952288336533037)
(-1, -0.9049763455719171)
(1, 0.14318543951179946)
(-1, -0.5927330063842591)
(-1, -0.6770706513186462)
(0, 0.12087294411811161)
(-1, -0.5539824748089861)
(0, -0.04679605255391106)
(-1, -0.4180046175133859)
(-1, -0.8537472090708167)
(1, 0.5383631597146048)
(0, -0.2599913399714)
(0, -0.327785329712984)
(-1, -0.6879814189600764)
(-1, -0.7667399451737364)
(-1, -0.5854812446627735)
(-1, -0.8143606825255485)
(1, 0.5944308256033952)
(-1, -0.3185905978968736)
(-1, -0.5832074549864374)
(0, -0.45388050248076306)
(0, 0.0014478796346165165)
(0, -0.12324127718691863)
(0, -0.1051585453514348)
(1, 0.3296521306453256)
(-1, -0.9750814601435155)
(-1, -0.5480637105670858)
(0, 0.2444194953166052)
(1, 0.8153304591275251)
(0, -0.003067017368825576)
(1, 0.6424853035151759)
(1, 0.7634770444723024)
(0, -0.22271482536256534)
(1, 0.1490174766335397)
(1, 0.2735564106238093)
(1, 0.495363074045096)
(-1, -0.5199736629347234)
(1, 0.772254322101394)
(0, 0.16164677245074632)
(-1, -0.6399044718213022)
(-1, -0.04131221282133979)
(1, 0.48482661681229605)
(1, 0.025794795909863222)
(1, 0.9942235914500908)
(0, 0.07836322747597302)
(1, 0.9962341967017035)
(-1, -0.32244461060335294)
(-1, -0.1643162839592045)
(-1, -0.9633035783752605)
(0, -0.33376746072314273)
(0, -0.3202398235549889)
(1, 0.4315295353005253)
(-1, -0.8939211922455691)
(1, 0.7667700268401123)
(-1, -0.044925673521210296)
(0, -0.050379381111752164)
(1, 0.8414609800103656)
(1, 0.3400011470670068)
(0, -0.3847066667208582)
(0, 0.10880241595807066)
(-1, -0.4344780796097003)
(1, 0.1012197814083497)
(0, -0.4363922346499596)
(0, 0.2464845454244731)
(-1, -0.5171137552658661)
(-1, -0.9940559319640365)
(0, -0.011640750183294551)
(-1, -0.29207350026704687)
(1, 0.41849460271213224)
(0, -0.20250050914011314)
(-1, -0.5268828853293162)
(1, 0.46734503809135153)
(0, -0.06367202354057996)
(-1, -0.5901790814337246)
(0, -0.10609464390993188)
(-1, -0.8475054237626956)
(-1, -0.9999520472612679)
(1, 0.6278826408496898)
(-1, -0.9450908919809738)
(-1, -0.578940935756411)
(0, -0.21077342596830523)
(1, 0.8790440905083831)
(-1, -0.7602171981183508)
(0, -0.306779735478738)
(0, 0.08014827719328861)
(-1, -0.35688743132542966)
(0, 0.09394104402114506)
(1, 0.5281291153823223)
(-1, -0.23086545326406238)
(0, -0.06765460210613114)
(1, 0.2646864112564843)
(1, 0.9911674458621688)
(-1, -0.38520267447576134)
(0, -0.09372899029014022)
(0, -0.36647136652422607)
(1, 0.131791516759299)
(-1, -0.9500496751546044)
(-1, -0.8943237927416443)
(0, 0.064059441963978)
(-1, -0.8234914000863296)
(-1, -0.7124641226919529)
(0, 0.06291273031005701)
(1, 0.6164977584518825)
(-1, -0.5404137668059349)
(1, 0.08285479364157777)
(1, 0.7156195514472881)
(-1, -0.4962225447452598)
(-1, -0.6730443681426586)
(-1, -0.026431243631897083)
(0, -0.3632666336898814)
(-1, -0.6373044669430601)
(1, 0.8059953180689274)
(1, 0.5297106762634803)
(1, 0.4018288162924367)
(1, 0.36647633908070737)
(-1, -0.24848183808141713)
(0, 0.15698941534758357)
(0, -0.049711479737202746)
(0, 0.12926490675567426)
(0, 0.16293335581480514)
(-1, -0.5633331934522992)
(0, 0.3498293990607978)
(1, 0.5888522475194434)
(-1, -0.2682252530439412)
(1, 0.10495311472710234)
(1, 0.23428038156767605)
(-1, -0.42498749579430833)
(-1, -0.5699213397207156)
(1, 0.2446682541688034)
(0, 0.034952338057015586)
(1, 0.00704382063695852)
(1, 0.9584726588250212)
(1, 0.1282114454741191)
(-1, -0.9874574361024332)
(-1, -0.9253805443076233)
(0, -0.047655275913485756)
(0, 0.24255967619520266)
(0, 0.0804968848753469)
(0, 0.2742854231816788)
(1, 0.7625083480672181)
(1, 0.8926339225543111)
(-1, -0.9339165121744222)
(1, 0.8903245752034972)
(1, 0.25500550050183357)
(-1, -0.04306904669857775)
(1, 0.32357804134572554)
(-1, -0.0541194025127168)
(0, -0.10734455847435687)
(1, 0.6439786902950251)
(-1, -0.7682132391893857)
(-1, -0.9793816353072586)
(0, 0.04091033825668796)
(1, 0.6592199359897855)
(1, 0.9573970103376531)
(1, 0.4776383871015415)
(-1, -0.14629905795660036)
(-1, -0.6040825817283424)
(-1, -0.4063343400405329)
(0, 0.12878925131306163)
(-1, -0.8067359993974634)
(-1, -0.6556395364303833)
(-1, -0.8207660284641901)
(-1, -0.9993226605514683)
(-1, -0.9739522271825981)
(-1, -0.7761323047158417)
(-1, -0.846604160340461)
(1, 0.2739022114240112)
(-1, -0.1063475126372212)
(-1, -0.9910240954085819)
(-1, -0.9865407856947955)
(-1, -0.18814227803412092)
(1, 0.6221367466238715)
(-1, -0.7698308349693419)
(-1, -0.9725031032809265)
(1, 0.5281533254059753)
(-1, -0.9978452282948475)
(-1, -0.8658647446816732)
(0, -0.4155614253408514)
(-1, -0.13320825790169522)
(0, 0.010256214630578367)
(-1, -0.41555689050166467)
(-1, -0.9980607768024791)
(-1, -0.38491913874473105)
(1, 0.8745698297661908)
(0, -0.2873569455084376)
(-1, -0.8658999986714906)
(-1, -0.8123276777939014)
(-1, -0.37463944763639423)
(1, 0.7096207100834164)
(1, 0.7863898186559888)
(0, -0.020621949648943594)
(-1, -0.2148949536151112)
(1, 0.4395439478494033)
(-1, -0.8124404230296987)
(-1, -0.5967835793288394)
(-1, -0.999999616966545)
(-1, -0.5001612221461028)
(0, 0.01758789394925285)
(-1, -0.3273144236773876)
(1, 0.06981086014194338)
(-1, -0.942980762232461)
(-1, -0.9318378784262648)
(1, 0.15748056810154204)
(1, 0.5739201506384294)
(0, -0.31795258206655064)
(0, -0.277427586993169)
(1, 0.9884048935183211)
(1, 0.32796947420538014)
(-1, -0.6176390626077353)
(0, -0.07667260199475606)
(1, 0.43587839387848715)
(0, 0.01713529548152265)
(-1, -0.5435600103984466)
(-1, -0.5177781265794661)
(0, -0.13955135936070015)
(-1, -0.9990422314502301)
(-1, -0.48943573445791366)
(0, 0.09245709004400365)
(0, 0.3421973600595351)
(0, -0.08145545659122189)
(-1, -0.7735788044944192)
(-1, -0.7188058151265084)
(-1, -0.9860750655874524)
(-1, -0.9743074267687)
(-1, -0.811176834197954)
(1, 0.5349748039147272)
(-1, -0.9929119533330826)
(0, 0.31570051900671525)
(-1, -0.9979044316379023)
(-1, -0.4493974142574432)
(-1, -0.07848276940214677)
(-1, -0.9690884674595052)
(-1, -0.7087674041340769)
(-1, -0.7661382226481885)
(-1, -0.6545236507566801)
(0, -0.09698221721916432)
(0, 0.20938665865442718)
(-1, -0.6836454013327431)
(0, -0.3272453919600983)
(-1, -0.003820770326959766)
(-1, -0.7443379534101024)
(-1, -0.9868138536938216)
(-1, -0.7195579045133217)
(0, 0.31195958957315995)
(-1, -0.7538822846397086)
(-1, -0.9737331857443295)
(0, 0.32063691364403324)
(-1, -0.1533787390539732)
(-1, -0.598003609824425)
(-1, -0.05698799775556396)
(-1, -0.5397257068662504)
(-1, -0.09799854310897599)
(0, 0.27687669860574476)
(-1, -0.5658960167024536)
(-1, -0.8669537255283994)
(0, -0.14183257389818713)
(1, 0.5484074449028609)
(-1, -0.9630207273724075)
(1, 0.32263794973232346)
(-1, -0.5044958733911087)
(0, -0.10513809557652132)
(-1, -0.9984623383346932)
(1, 0.41081498459656496)
(0, -0.03938015785208393)
(1, 0.3685909479141295)
(1, 0.07191819456126147)
(1, 0.9110442684453623)
(0, -0.2946305792420506)
(-1, -0.7831654530989955)
(1, 0.20707774804671936)
(-1, -0.7512415240124806)
(-1, -0.9606056370690638)
(1, 0.7909878115521611)
(0, -0.14333366990601265)
(-1, -0.8625857969417849)
(-1, -0.25919576345978534)
(-1, -0.7944857835407995)
(-1, -0.21895009523903547)
(0, -0.18947024588845834)
(1, 0.8894119780692562)
(1, 0.3668915043133764)
(1, 0.8489806509335114)
(1, 0.04314484639676641)
(0, -0.042586532812850145)
(1, 0.9532566667539183)
(-1, -0.1085281652542539)
(1, 0.9448782707212249)
(0, -0.0905311864196187)
(0, 0.009781377744148917)
(1, 0.8163342863405321)
(1, 0.7333564921632563)
(1, 0.8785189256802983)
(1, 0.6966640044329194)
(1, 0.028480868065503873)
(-1, -0.9108262217356029)
(-1, -0.54992644604382)
(1, 0.5758046533673461)
(-1, -0.18525004874837453)
(-1, -0.25911290421070193)
(-1, -0.9938325885212644)
(-1, -0.6608166319679765)
(-1, -0.501207978956326)
(-1, -0.7704434012257628)
(-1, -0.7383866018913782)
(1, 0.6287398039660598)
(-1, -0.43409865990774255)
(1, 0.6515567465177928)
(-1, -0.9569146323863877)
(0, -0.00915128631913216)
(-1, -0.9924806019951716)
(-1, -0.6498147174320955)
(1, 0.6893219721376178)
(0, -0.030119102641299245)
(-1, -0.3693130390405833)
(0, 0.2877778970514372)
(0, 0.16465772375944054)
(-1, -0.8612524490081092)
(-1, -0.9601912750977732)
(1, 0.683103688689004)
(0, 0.3685688408613473)
(1, 0.356340748642122)
(-1, -0.3479242031922392)
(-1, -0.9765999680102235)
(0, -0.2877152574412588)
(1, 0.1986916513112909)
(0, 0.059913250980387245)
(-1, -0.8350719696629907)
(1, 0.4475329247591977)
(1, 0.983671225774584)
(-1, -0.6793522153031986)
(1, 0.15456815140191082)
(-1, -0.6285378506738386)
(1, 0.5420840568679939)
(-1, -0.5435203304926359)
(0, -0.18865922891216988)
(1, 0.15642677071555577)
(0, -0.27535087797905233)
(0, -0.1246211845551217)
(-1, -0.7560523912177362)
(-1, -0.45235470231742275)
(1, 0.6012856436739558)
(0, -0.031594350309943564)
(-1, -0.7651072899890201)
(1, 0.0438015295878868)
(-1, -0.5263001520466907)
(1, 0.12549249274911523)
(-1, -0.5753645857084713)
(-1, -0.713809097458472)
(-1, -0.08775790500576963)
(-1, -0.8279447640235696)
(-1, -0.7895638163382245)
(-1, -0.7104654660415286)
(0, 0.24711858210351212)
(0, 0.17901322349641483)
(-1, -0.07510395535196801)
(0, 0.19504597290316603)
(1, 0.006972850694387744)
(0, -0.026574769362895934)
(-1, -0.6974412041972139)
(-1, -0.37011154276194946)
(-1, -0.7141981688948381)
(-1, -0.001279759707650041)
(-1, -0.6095069201078493)
(1, 0.15505332485622142)
(-1, -0.7456274317465447)
(1, 0.8642738345980184)
(-1, -0.8866669873398995)
(1, 0.8828856629264387)
(1, 0.3973717072975111)
(-1, -0.46145789654282177)
(-1, -0.7215398166857188)
(-1, -0.2983710472018691)
(-1, -0.9202884641033915)
(0, 0.022451950589351094)
(0, -0.10322823614656804)
(1, 0.07485932205212248)
(-1, -0.13759527450724846)
(0, -0.03142025871846724)
(1, 0.033710620310032746)
(0, -0.04495410061198568)
(-1, -0.44622267379186076)
(1, 0.9555738310032611)
(-1, -0.5374272417735588)
(1, 0.8855962306570073)
(-1, -0.45546656871325275)
(-1, -0.4486674995185382)
(1, 0.16539951638486705)
(-1, -0.5636142163261111)
(-1, -0.6948572928925887)
(-1, -0.3743102543366253)
(0, -0.05600776559144616)
(-1, -0.9862037628555276)
(-1, -0.5266715955961961)
(-1, -0.8010111182837951)
(0, -0.15219037273858346)
(-1, -0.6922127029837225)
(-1, -0.8570390149355573)
(0, 0.13647070016647908)
(-1, -0.5901281622468362)
(-1, -0.953160297686932)
(-1, -0.9700239261217629)
(1, 0.3204675848326835)
(-1, -0.9889800528807127)
(-1, -0.3189045865268139)
(-1, -0.8497003675034366)
(0, -0.18770960263554456)
(-1, -0.9991681294074581)
(-1, -0.7989072210012829)
(1, 0.9433640360888188)
(1, 0.20338228330678898)
(1, 0.9941244699561612)
(-1, -0.5026274838648501)
(1, 0.48858666576770343)
(-1, -0.9944816242490042)
(0, -0.33951536517885106)
(1, 0.8614218169399039)
(1, 0.7097284507066747)
(-1, -0.9922213401384309)
(0, 0.12557503263628644)
(-1, -0.3857418590152346)
(-1, -0.7766423904403352)
(0, -0.3616829865237004)
(1, 0.017545159981296576)
(-1, -0.6657711050868954)
(0, 0.08517475711473677)
(-1, -0.5845338221595147)
(-1, -0.5303480262789633)
(-1, -0.8208149594992857)
(0, -0.06664232312266002)
(0, 0.09427937502338518)
(-1, -0.8961935631281299)
(-1, -0.05443005907409337)
(0, 0.21882867423426894)
(0, 0.012231844946647946)
(1, 0.8574572809708749)
(0, -0.006701670246811675)
(-1, -0.7390852365984432)
(-1, -0.8950237325177547)
(1, 0.9996784305794566)
(1, 0.9108187153312084)
(-1, -0.9549545807084402)
(0, -0.103314537852102)
(-1, -0.9133909962726665)
(-1, -0.6067935357023522)
(-1, -0.6901785221293921)
(0, 0.27675971867864746)
(1, 0.42343807926544985)
(1, 0.5378113025317006)
(-1, -0.8290542662318996)
(1, 0.5480283832284205)
(-1, -0.24962241972110605)
(-1, -0.9341864832153062)
(-1, -0.27493567880351427)
(-1, -0.9865167422918961)
(1, 0.9176842936976084)
(0, -0.09859162111271838)
(-1, -0.6536112333144972)
(1, 0.8340645298588998)
(1, 0.9179370672062421)
(-1, -0.06129249416201832)
(-1, -0.543479330370479)
(-1, -0.30572113356841607)
(0, -0.1393161810235568)
(0, 0.2812637232328219)
(1, 0.7898855401912471)
(1, 0.9805871947234139)
(1, 0.4922108819392651)
(1, 0.4755120963416556)
(-1, -0.14362180996615728)
(-1, -0.36704850965832625)
(0, 0.11741114394760345)
(0, -0.31610077940649633)
(-1, -0.9894870826767395)
(-1, -0.3603280092642822)
(-1, -0.6961688073855028)
(1, 0.07515904839480664)
(1, 0.1960343722725138)
(1, 0.37301058918209445)
(-1, -0.681100018286141)
(0, -0.07686035012026168)
(0, -0.11108843480813674)
(1, 0.7679457464431609)
(0, 0.34818475679552957)
(1, 0.635739149070288)
(-1, -0.6084425472447907)
(-1, -0.9744526453971939)
(1, 0.7683825566290112)
(-1, -0.6768959328716014)
(1, 0.31682279468696595)
(-1, -0.109134006290936)
(1, 0.056500017858468365)
(-1, -0.8349695673544789)
(-1, -0.6871832056428899)
(-1, -0.6796379578589911)
(-1, -0.9807693314745003)
(1, 0.23659463582694829)
(1, 0.5043496959150329)
(1, 0.9370061219265928)
(0, -0.24616527308666497)
(-1, -0.8299255114213305)
(-1, -0.5582116304359329)
(0, -0.01018762564876427)
(-1, -0.6616805154165057)
(-1, -0.24330226640747488)
(-1, -0.43175367924845676)
(-1, -0.9730306752718613)
(1, 0.1075400938812422)
(1, 0.34405208928170405)
(1, 0.5103292010535194)
(-1, -0.1496918634696786)
(0, 0.054343623421256065)
(1, 0.17879621098091092)
(-1, -0.8007910505936459)
(-1, -0.8124875074068268)
(-1, -0.3204787376565176)
(0, -0.026877335557253954)
(-1, -0.7136276449672126)
(0, -0.41954869005526396)
(0, 0.012805730201781964)
(-1, -0.8837984410106233)
(-1, -0.5995061001178611)
(-1, -0.6916642693178542)
(-1, -0.5558478179097028)
(-1, -0.9902187497249924)
(0, -0.13878621823118387)
(0, -0.1384254000738112)
(0, 0.017897205555155477)
(-1, -0.9319465624913542)
(-1, -0.7830408739495842)
(0, 0.20765388578454227)
(0, 0.28843997309817926)
(-1, -0.5504479518028258)
(0, -0.013392333976808918)
(-1, -0.9887987679425464)
(-1, -0.005781760272573766)
(-1, -0.9967065172522237)
(-1, -0.9569567861700089)
(-1, -0.9996161365593201)
(-1, -0.41386923553502064)
(-1, -0.9665040790057645)
(-1, -0.8483816192559313)
(-1, -0.9307905862563195)
(0, 0.20260925570073424)
(0, -0.004226373097065424)
(0, -0.1524138373608577)
(0, 0.00043356186109526264)
(0, 0.05925341546755605)
(-1, -0.18508233430757215)
(1, 0.919992409781108)
(0, -0.27054491960372423)
(0, 0.2912955866441973)
(-1, -0.5083924684785114)
(1, 0.8655645170258076)
(-1, -0.8409818709041456)
(1, 0.4998996052988128)
(0, -0.42521547943496035)
(1, 0.9122672580081502)
(0, -0.1646548485368643)
(-1, -0.5632969374084418)
(-1, -0.9883125595506466)
(-1, -0.42637854019525406)
(-1, -0.3741820060809852)
(0, -0.06950838634505133)
(0, -0.06765460210613114)
(-1, -0.7966232578318507)
(1, 0.7349676902992676)
(-1, -0.825167160049802)
(1, 0.9217954685507076)
(-1, -0.9271006651355678)
(-1, -0.8680676830672868)
(-1, -0.6997476145251303)
(-1, -0.43311972032586177)
(0, -0.04985941871942168)
(-1, -0.9975476149361701)
(-1, -0.9955349670153367)
(-1, -0.3127205574528331)
(-1, -0.5807708168666474)
(1, 0.11428683566214393)
(0, -0.0593138754971086)
(-1, -0.9583081862204343)
(-1, -0.9901766455104221)
(-1, -0.9954476208345928)
(1, 0.9922852053910807)
(-1, -0.8568780063598366)
(-1, -0.9573232632167356)
(-1, -0.5733019026670421)
(-1, -0.9701254208062648)
(1, 0.9604158941214669)
(1, 0.43571464310991664)
(1, 0.8572006792562142)
(-1, -0.9763772312923779)
(-1, -0.9666961397595341)
(-1, -0.37729494901706273)
(1, 0.27727032841331994)
(0, -0.2778064672332483)
(1, 0.2756143245966329)
(1, 0.7214602144386177)
(0, 0.23109095061144522)
(-1, -0.6537329993572892)
(-1, -0.9320502246029929)
(0, -0.07661587721724869)
(-1, -0.9656586887759473)
(-1, -0.4033645729001763)
(-1, -0.45156893679220633)
(-1, -0.3287324259143048)
(-1, -0.9661245819834092)
(-1, -0.999675231015063)
(0, -0.21415705635371296)
(-1, -0.7654934042469452)
(-1, -0.07874212885907095)
(0, -0.24740733324386543)
(-1, -0.9845841786323686)
(-1, -0.294198164328486)
(-1, -0.30490418396061747)
(1, 0.7732474830982823)
(-1, -0.5218159519025389)
(-1, -0.9676546374482462)
(-1, -0.8055235941506849)
(-1, -0.46748787901444644)
(-1, -0.6550296733823487)
(1, 0.21604999700586347)
(1, 0.7898558389214079)
(1, 0.21775410077057483)
(1, 0.13843213955113742)
(-1, -0.5112542844636632)
(1, 0.8721832783916843)
(-1, -0.994212265417478)
(1, 0.2460133141369057)
(1, 0.25563201720021095)
(1, 0.2997182387603507)
(1, 0.22581007821322113)
(-1, -0.9473694943656603)
(-1, -0.16160700171903492)
(1, 0.0249640073446889)
(-1, -0.48323544811488567)
(1, 0.25700167891533965)
(1, 0.6375802379028169)
(1, 0.5530370941347649)
(0, -0.05935382613431685)
(1, 0.6509971082808305)
(0, -0.43016838881600394)
(-1, -0.9655329095607358)
(1, 0.24654658335981278)
(-1, -0.5672219404215018)
(-1, -0.49536233290462983)
(-1, -0.5444653562400021)
(-1, -0.8203117018456227)
(0, -0.12221235935499035)
(-1, -0.9251392079765716)
(-1, -0.7774682051499608)
(1, 0.4745927182478858)
(-1, -0.5363854426429787)
(-1, -0.05541990672622721)
(0, 0.08343660163584185)
(1, 0.3171516676226286)
(-1, -0.9385422123399991)
(-1, -0.40413858741900927)
(-1, -0.7891678336992607)
(-1, -0.8184414422367848)
(0, -0.0661686821928256)
(0, 0.10152181718957717)
(-1, -0.7866319963640744)
(-1, -0.8689919293574658)
(1, 0.5997221450163465)
(0, 0.02721966144573565)
(0, 0.08511096336020774)
(-1, -0.944179031594191)
(-1, -0.550117587848279)
(-1, -0.9629212834172513)
(-1, -0.7449001537768466)
(1, 0.17071176501706686)
(-1, -0.7584917885813363)
(-1, -0.7570451771628799)
(-1, -0.2378696329217252)
(-1, -0.8319841498218024)
(-1, -0.8569154454173501)
(1, 0.47369729255826065)
(-1, -0.9999876279799095)
(-1, -0.6249123094205112)
(-1, -0.9974813000407646)
(-1, -0.45378545910747087)
(-1, -0.9745395353799108)
(-1, -0.9108057300014419)
(-1, -0.8346703296853726)
(-1, -0.989254563971411)
(-1, -0.8492922037590566)
(-1, -0.9934043943859816)
(-1, -0.9692792616250803)
(-1, -0.992257976500875)
(-1, -0.9019512561364759)
(1, 0.6406810266101418)
(-1, -0.8711691253120367)
(0, 0.2909850279802267)
(1, 0.2100844868353482)
(-1, -0.5418337113256186)
(0, -0.23224829015896617)
(0, 0.01372255636441233)
(-1, -0.5418337113256186)
(0, 0.13058792836197675)
(-1, -0.4848347504307928)
(-1, -0.5418337113256186)
(-1, -0.38571448802651437)
(-1, -0.91316353463474)
(-1, -0.6253416682637323)
(-1, -0.05052768738089414)
(0, -0.2729496957995895)
(-1, -0.9619037225555772)
(-1, -0.9666252847634895)
(1, 0.05264737603419639)
(-1, -0.22094856082569914)
(-1, -0.507271869601138)
(0, -0.027775899888414113)
(-1, -0.3909692561846631)
(-1, -0.8066127103683465)
(-1, -0.5247916160807338)
(1, 0.6341388074537218)
(-1, -0.2215126743188161)
(0, -0.12794116201818298)
(-1, -0.4416042633450159)
(0, -0.03870299071625302)
(0, -0.20867132203872632)
(0, 0.00262415876188786)
(0, -0.32454277524942876)
(-1, -0.6501398200961724)
(-1, -0.63249362364696)
(-1, -0.584552122315508)
(-1, -0.9572056392673447)
(1, 0.9185367538280669)
(-1, -0.955489873075041)
(-1, -0.8867920378174919)
(-1, -0.9681115605468861)
(0, 0.020021476867139065)
(-1, -0.9885626565897846)
(-1, -0.8969662406217158)
(-1, -0.24080741786541593)
(-1, -0.9843682957291052)
(-1, -0.7954462671397651)
(-1, -0.18924507905313898)
(1, 0.09225379823974145)
(1, 0.5568048818679466)
(-1, -0.8446864396334602)
(-1, -0.8210108736296274)
(0, -0.20929073691265554)
(1, 0.4602807551927759)
(0, -0.17918833851560942)
(-1, -0.035413500493233496)
(1, 0.9785750583464226)
(0, -0.04231360032885151)
(-1, -0.9995209578402471)
(-1, -0.9998569101091901)
(1, 0.7840688828570065)
(0, 0.05668475078241525)
(-1, -0.9627043050696585)
(-1, -0.3546451905420529)
(-1, -0.861208067240015)
(-1, -0.6432389103336266)
(-1, -0.28738309934549544)
(-1, -0.9998211860645099)
(-1, -0.9929016639970796)
(1, 0.5696852923415919)
(-1, -0.7136349150845649)
(-1, -0.9905795271233313)
(-1, -0.9863337112977643)
(-1, -0.9840008708525165)
(-1, -0.9303856487140865)
(0, 0.01372255636441233)
(-1, -0.7894428249500299)
(0, 0.009856390736563747)
(0, -0.07421406002545411)
(-1, -0.8784709234447454)
(0, 0.10860957370348909)
(0, -0.15880038950754963)
(-1, -0.5982925396948359)
(0, -0.44971491767045074)
(-1, -0.4194520915167065)
(0, -0.009106940313865497)
(-1, -0.5374948027905182)
(-1, -0.8323462863586353)
(1, 0.37445026541774895)
(-1, -0.6738240035739712)
(-1, -0.7252512968115276)
(1, 0.7898608386926146)
(1, 0.9739638016703934)
(1, 0.8424853534056682)
(-1, -0.05713971070262164)
(-1, -0.943367652619847)
(1, 0.8247801857568389)
(0, -0.18869783211459443)
(-1, -0.7276467577994843)
(-1, -0.5539096249742167)
(1, 0.6821893896986958)
(-1, -0.9761679452509833)
(-1, -0.8992868364845475)
(-1, -0.9938006552939598)
(-1, -0.6241949843178819)
(1, 0.06833400039937798)
(1, 0.6931972037223388)
(-1, -0.5183287106071559)
(0, 0.08134193852936275)
(1, 0.4278262152184565)
(-1, -0.6597469058339364)
(1, 0.6914776637126013)
(1, 0.6300136193002223)
(0, -0.023054490226581348)
(1, 0.039364425867538855)
(0, -0.2008033045074579)
(0, -0.09710008967048073)
(-1, -0.7240259656353337)
(0, -0.1057943032611863)
(1, 0.8890267493868705)
(0, -0.20445221098430805)
(1, 0.9856479049975833)
(-1, -0.1375909623083965)
(-1, -0.22100146455556713)
(-1, -0.1216141220910753)
(-1, -0.4902296234123705)
(1, 0.4273537629140693)
(0, -0.09626474769678958)
(1, 0.6067487732143364)
(-1, -0.34272621506780804)
(0, 0.03189910558147635)
(-1, -0.059176906218422864)
(-1, -0.7704539360822042)
(-1, -0.8958883649117572)
(-1, -0.44278657724724946)
(-1, -0.9433150467475401)
(-1, -0.9722000835226996)
(-1, -0.33269357710568914)
(-1, -0.9790442611516461)
(1, 0.8542669173504196)
(0, 0.001128594906430358)
(0, -0.30180602676424706)
(1, 0.7259420799339324)
(-1, -0.7136032869000222)
(-1, -0.9958545841802217)
(0, 0.20319865108610466)
(0, -0.32227596824244065)
(-1, -0.9590055937583658)
(-1, -0.3467329321760577)
(-1, -0.9976707936211456)
(-1, -0.9759490934317256)
(0, -0.11852406485678467)
(0, -0.12834333737924297)
(-1, -0.8083111610211405)
(-1, -0.8775049389671687)
(-1, -0.6828071381912384)
(-1, -0.44152872880387384)
(1, 0.685215833139518)
(-1, -0.9878793804075894)
(0, -0.06765460210613114)
(-1, -0.8358570992337331)
(-1, -0.4918095939237064)
(1, 0.86424794677045)
(0, -0.09037091782726923)
(-1, -0.4401716362860758)
(-1, -0.3498104271373813)
(0, 0.10414916020709952)
(1, 0.09463152589807555)
(0, -0.3020991063506161)
(-1, -0.5853808234953559)
(-1, -0.999860509427078)
(1, 0.4805088498170413)
(-1, -0.988774258426303)
(1, 0.3746285341628749)
(1, 0.1118077625523633)
(0, 0.10058705263858116)
(0, 0.004756168364326338)
(0, -0.03278693084559878)
(-1, -0.7485654024198758)
(0, 0.20815913294397478)
(1, 0.6321814124410841)
(-1, -0.19330851124599813)
(1, 0.9547624337374868)
(0, -0.03543458412805772)
(0, -0.1810696955457388)
(1, 0.5882896525060618)
(0, 0.037570544826515506)
(0, 0.28843997309817926)
(-1, -0.32440112792451653)
(0, -0.00787296603002341)
(1, 0.28300037140273626)
(-1, -0.4892582235712155)
(1, 0.8248542081314398)
(-1, -0.2648457029900519)
(1, 0.3076278590773634)
(-1, -0.6876960697978174)
(1, 0.2440234808611184)
(0, 0.033331060190013334)
(-1, -0.919519540650005)
(-1, -0.7827957652838167)
(-1, -0.9512858694481224)
(-1, -0.993276990735334)
(-1, -0.8748527800714744)
(0, -0.0018109841113797542)
(0, 0.10014825993777439)
(0, 0.1880638291681064)
(-1, -0.5297766478454076)
(1, 0.09182328689039987)
(-1, -0.561856341761344)
(1, 0.6048398599066668)
(0, -0.3290435379118731)
(-1, -0.5591995665965701)
(-1, -0.6804814698971722)
(0, 0.05517077125824538)
(-1, -0.9204990977878249)
(-1, -0.4380227621206801)
(0, -0.15772583884876346)
(-1, -0.9992226205720063)
(1, 0.10836543430259782)
(-1, -0.39787701993340174)
(1, 0.33597192624111694)
(-1, -0.9998317890184663)
(0, 0.03508757642239359)
(1, 0.9994597480154711)
(0, 0.04109433174690086)
(0, -0.06765460210613114)
(-1, -0.9678594255155047)
(-1, -0.018698675171488932)
(0, -0.14026332783719686)
(-1, -0.8872142936000785)
(-1, -0.37432023781513135)
(0, -0.06358039126044861)
(0, -0.044177287516176514)
(-1, -0.3551646311633239)
(1, 0.3417651802996427)
(-1, -0.04544697141078852)
(-1, -0.9275127210801337)
(-1, -0.9548344575489651)
(1, 0.2689135121374496)
(0, -0.11678902965386373)
(-1, -0.1412706451772494)
(0, -0.22017100521247435)
(-1, -0.9890321037370746)
(0, 0.0308030511049725)
(0, -0.22984990807818292)
(0, -0.16981929207119653)
(0, 0.1031043417985921)
(-1, -0.10775477908390135)
(0, -0.052630530768936166)
(0, -0.21956378204828947)
(1, 0.7657311202227193)
(-1, -0.7100066083508462)
(1, 0.5059050660437503)
(-1, -0.3650316921385848)
(0, -0.1816348388637944)
(0, 0.03148075519160032)
(1, 0.04330599598359747)
(1, 0.7788993801838906)
(0, -0.06867382166896221)
(-1, -0.4139412862027374)
(-1, -0.9182576121356081)
(-1, -0.21292617124375968)
(-1, -0.9003910882851183)
(-1, -0.5940482510959915)
(-1, -0.04745493457546274)
(0, 0.003898151156154786)
(1, 0.8176545211360989)
(0, 0.1004885508900461)
(0, 0.05725415399544455)
(1, 0.703644972327062)
(-1, -0.3739226011150914)
(-1, -0.7995450033318398)
(-1, -0.927478293155438)
(-1, -0.8957380275248491)
(-1, -0.7817527777751662)
(-1, -0.9352963120324808)
(0, -0.1958505963387585)
(-1, -0.07012369272938895)
(-1, -0.37802269316082215)
(-1, -0.30320236292969843)
(-1, -0.8780267537889654)
(-1, -0.5639520487967326)
(-1, -0.6896051223448191)
(1, 0.26628287695891195)
(-1, -0.15369186810911878)
(1, 0.043289045610487464)
(-1, -0.8036762203105656)
(-1, -0.1548725320315525)
(-1, -0.9660108324553698)
(0, -0.10368515508742848)
(1, 0.9621785818132538)
(-1, -0.4691421410477201)
(-1, -0.8638055675313236)
(0, -0.16913979932489048)
(-1, -0.5005026336957399)
(0, -0.08863943101652777)
(-1, -0.9870998362632912)
(-1, -0.3482175325627584)
(0, 0.20275680953001535)
(1, 0.08696672703335384)
(0, 0.1618097927641028)
(1, 0.7448374766596806)
(-1, -0.9359490323701176)
(0, -0.3294704884587145)
(0, -0.27283261020839267)
(1, 0.3351506623848897)
(-1, -0.7918860002237842)
(-1, -0.5744683695242672)
(-1, -0.5427067544538083)
(-1, -0.13773106329199825)
(1, 0.7453426503516336)
(-1, -0.948767358457364)
(-1, -0.992733745491739)
(-1, -0.9419347423938933)
(1, 0.7550790451053909)
(1, 0.1076714644073139)
(-1, -0.5125799804589783)
(-1, -0.6703624302564171)
(0, 0.11013941685367583)
(0, -0.1975865035298978)
(-1, -0.9201951464789713)
(0, -0.13441994262922607)
(0, -0.08664275413424177)
(-1, -0.9898566772433525)
(-1, -0.9989196837545445)
(0, 0.1149621264050218)
(1, 0.25677553941265735)
(-1, -0.7529752026240222)
(0, -0.02953377949344546)
(0, 0.15668198674087713)
(0, 0.26064842563321866)
(0, -0.16924961378628878)
(0, 0.2316786945517834)
(0, -0.2656845992260362)
(1, 0.5129822030944714)
(-1, -0.6091921114484636)
(1, 0.99906305065291)
(0, 0.1616424057179145)
(1, 0.5456133631043509)
(0, 0.17901322349641483)
(0, 0.002296247002787799)
(-1, -0.48011710691347304)
(0, 0.11678089063998409)
(-1, -0.8258954859359773)
(1, 0.48345032469704563)
(0, -0.1144361367731811)
(0, 0.11678089063998409)
(0, -0.08341484198082535)
(1, 0.679639642566733)
(0, 0.03061685022311253)
(0, 0.03061685022311253)
(0, -0.12375476120069777)
(1, 0.9945488398232383)
(-1, -0.7487368207473851)
(1, 0.10226689049394805)
(0, -0.4073620507202426)
(-1, -0.5806984375778841)
(-1, -0.820603025353317)
(0, 0.008922026401297481)
(0, -0.2645722464307491)
(1, 0.8045237661817276)
(0, -0.04264319172228127)
(-1, -0.5741040482003336)
(-1, -0.4454203346708364)
(-1, -0.6112362776143645)
(-1, -0.4104112175653283)
(-1, -0.6184019354627807)
(-1, -0.4765317692613147)
(-1, -0.08273995538063605)
(0, -0.15934193152772538)
(-1, -0.8633085632043274)
(1, 0.6825421062366859)
(-1, -0.6928743067708542)
(0, 0.052531784851618815)
(-1, -0.5525063828290793)
(1, 0.6017148620189885)
(1, 0.7134972713436126)
(1, 0.6429844285647535)
(1, 0.8302139305313033)
(1, 0.9806057453321783)
(0, 0.15406428294930627)
(-1, -0.4098055020654283)
(1, 0.7751055172467911)
(-1, -0.8171014899077516)
(-1, -0.1335227080452076)
(0, -0.26713221137394605)
(0, 0.03403870885599769)
(-1, -0.6999481600686291)
(0, 0.029612820198379394)
(0, 0.10343724386415215)
(-1, -0.6885494672670487)
(-1, -0.6571087718992377)
(1, 0.5659984903026218)
(-1, -0.9219422143998808)
(-1, -0.16685135285625458)
(0, -0.05418169478372355)
(1, 0.8159631393613784)
(1, 0.9407170472662294)
(1, 0.3840022752045589)
(0, 0.05032585622563154)
(0, -0.04297368051646866)
(-1, -0.743946830659866)
(1, 0.0027630354530394086)
(1, 0.8567993679448597)
(0, -0.06416018797372627)
(0, -0.026448607663558443)
(1, 0.04394027030389258)
(0, -0.25598253189712694)
(-1, -0.9846166489976661)
(-1, -0.1549290362794441)
(-1, -0.4867318073832129)
(-1, -0.9284630501909636)
(0, -0.033059377956265526)
(0, -0.027431551978187554)
(0, -0.005646072079539904)
(-1, -0.5876643590314546)
(0, -0.2862692737508209)
(-1, -0.24557832074964034)
(-1, -0.4806158302952385)
(-1, -0.5412360383891526)
(-1, -0.7211044426627378)
(0, 0.045299520509219926)
(-1, -0.9935232583684555)
(0, -0.18985809717639493)
(-1, -0.10743071907344359)
(-1, -0.42636336855036416)
(-1, -0.9354496168313834)
(1, 0.2466532540960067)
(-1, -0.6750074368968128)
(-1, -0.8702893066470122)
(-1, -0.6398318140437084)
(0, -0.06765460210613114)
(0, -0.06765460210613114)
(0, 0.013532463646836121)
(0, -0.07744553326180961)
(1, 0.07105628026982808)
(0, 0.022741238830574717)
(0, 0.016428475723370042)
(0, 0.029818945762128457)
(-1, -0.6981411676476466)
(-1, -0.9164019564610989)
(-1, -0.8515880822656589)
(0, -0.07181311399971618)
(1, 0.4522325830730347)
(1, 0.67121162032866)
(0, -0.03822946826232429)
(-1, -0.27821633249967165)
(0, 0.1788470008314893)
(0, -0.11478632079758598)
(0, -0.3040025419150448)
(-1, -0.8858894127638388)
(-1, -0.7512630665335992)
(-1, -0.8712742693271186)
(-1, -0.5609040863611665)
(1, 0.32817831698511657)
(0, -0.45445843672249864)
(0, 0.0017223568480018159)
(0, 0.29444645288376925)
(1, 0.9802615339254873)
(-1, -0.33398273012987173)
(-1, -0.9332466766023889)
(1, 0.8702604695119481)
(-1, -0.3890946692566313)
(-1, -0.9530577593070766)
(1, 0.19854613416782607)
(1, 0.07603057489051784)
(-1, -0.974955636195004)
(-1, -0.9999971387416069)
(0, -0.10097957372318556)
(-1, -0.5063524687777674)
(-1, -0.32694020914514826)
(-1, -0.27550024849685306)
(0, -0.03018441863016498)
(-1, -0.9729335037923701)
(-1, -0.9918604496934393)
(0, 0.061659704347468786)
(-1, -0.2880848929523957)
(-1, -0.9755448978929112)
(-1, -0.9999058502452829)
(1, 0.9632070328772204)
(-1, -0.4728185938873863)
(-1, -0.8454501558112252)
(-1, -0.416357933380404)
(-1, -0.415741774088466)
(-1, -0.9715306940071019)
(-1, -0.756894595312456)
(-1, -0.2743719223298407)
(-1, -0.44126111571841203)
(1, 0.5976709827037632)
(1, 0.5470555139512772)
(1, 0.47825861772334993)
(-1, -0.939870733457251)
(-1, -0.9997995489600913)
(-1, -0.9306946911658476)
(-1, -0.8914745351284104)
(-1, -0.918847065259652)
(0, -0.15501233265276446)
(1, 0.9040562279836576)
(1, 0.3288320433181755)
(-1, -0.2835390666434756)
(0, -0.03933309006159662)
(0, 0.20727570115524876)
(-1, -0.6793308530317906)
(-1, -0.9499322277425534)
(-1, -0.9992047040676911)
(1, 0.6271869115979211)
(1, 0.9322160274045321)
(1, 0.039140593239077204)
(-1, -0.15190904997807436)
(1, 0.16415761999730138)
(-1, -0.7078363421919862)
(-1, -0.4773233782247467)
(0, -0.20309861525952774)
(1, 0.9003637754166394)
(1, 0.6664173624534633)
(-1, -0.7960767629290998)
(-1, -0.010593185991756515)
(-1, -0.8737357969760661)
(-1, -0.63608830152673)
(1, 0.420812262430058)
(-1, -0.6361418760084125)
(-1, -0.027846722744910235)
(0, 0.27625654313703557)
(1, 0.15102315696060514)
(-1, -0.4964838463448588)
(0, -0.15652218939712728)
(-1, -0.8285484353503312)
(-1, -0.998189818199472)
(1, 0.40963840035545457)
(-1, -0.9807200468919558)
(1, 0.5023870231345493)
(0, 0.12491601810915967)
(-1, -0.9508221211227119)
(0, -0.273068929207095)
(-1, -0.7525571642876192)
(-1, -0.7460798369713113)
(-1, -0.9900606282834243)
(-1, -0.9061611700265171)
(-1, -0.6447776429043408)
(0, -0.07122703882634639)
(0, -0.33980897754769485)
(-1, -0.5294363661512433)
(0, 0.1683860319955225)
(0, -0.020800823277762136)
(1, 0.05918003294856433)
(-1, -0.9233851714050468)
(1, 0.9995140767038272)
(-1, -0.5356119872815773)
(-1, -0.2005319500753474)
(1, 0.1431922548303693)
(-1, -0.9201972454048589)
(1, 0.12223355317877749)
(-1, -0.1737242418775815)
(0, -0.17020583274576462)
(0, -0.0066604702797592365)
(0, -0.04807315953280264)
(-1, -0.9999867607168622)
(1, 0.7297326271844451)
(1, 0.9985681064553411)
(1, 0.6177944067259282)
(-1, -0.7152641178756605)
(-1, -0.3202919067146686)
(0, 0.09436952730918013)
(1, 0.4203491388116718)
(-1, -0.8408289575725048)
(-1, -0.7381756664617622)
(0, 0.09963273417437096)
(0, 0.1646789746576575)
(-1, -0.33528517842909206)
(0, 0.24644982460112877)
(0, -0.17443694950608807)
(0, -0.05897676842574201)
(0, -0.02552485473838635)
(0, -0.15481670099190356)
(-1, -0.6346087467100431)
(0, -0.10910939866267623)
(-1, -0.6346087467100431)
(0, -0.27449304730200347)
(1, 0.8375910813561632)
(-1, -0.9999776441767073)
(-1, -0.8983556537535672)
(0, -0.06765460210613114)
(-1, -0.6734262584299188)
(-1, -0.9081782772087333)
(-1, -0.9835135429652795)
(0, -0.0032461773958376017)
(0, 0.0010313777723723883)
(1, 0.292378073284709)
(-1, -0.19889170943700268)
(-1, -0.5342062355030173)
(0, 0.10815391076161057)
(-1, -0.8577031619219256)
(-1, -0.506786396747681)
(0, -0.14986435207120405)
(0, -0.25549465801716553)
(1, 0.5400849001567352)
(0, -0.11647675621988321)
(0, 0.010285260393461712)
(0, 0.10693047809273913)
(-1, -0.3634212681338566)
(0, -0.0357622410244383)
(-1, -0.8320532912228861)
(0, -0.08849139714396939)
(-1, -0.9971699732928616)
(-1, -0.8911804384351614)
(1, 0.9792011807267703)
(-1, -0.48351823522930726)
(0, 0.1575992254180961)
(0, -0.06822629937414318)
(-1, -0.9478802173789426)
(-1, -0.04808905173802225)
(-1, -0.7046642768896749)
(0, 0.08722213482939702)
(-1, -0.7074548952955342)
(1, 0.2299777322974815)
(1, 0.07651483619089078)
(-1, -0.9988227185819695)
(0, -0.103991556704815)
(-1, -0.3444761310686613)
(-1, -0.9667544294621228)
(1, 0.03461900323272887)
(-1, -0.923726329642657)
(0, 0.01690526319003377)
(1, 0.7527909408008199)
(-1, -0.4482364104528014)
(-1, -0.9762622715288917)
(1, 0.3296841600888256)
(0, -0.21820121773988352)
(-1, -0.12242332675666961)
(-1, -0.9980724083852055)
(-1, -0.16968097178002528)
(-1, -0.5794510458154203)
(-1, -0.8188369340319691)
(0, -0.01149890473843787)
(0, 0.006303452045471673)
(-1, -0.9998762982138499)
(-1, -0.29025164609978565)
(1, 0.3230703626319156)
(-1, -0.16329779958528068)
(0, -0.07662429824653241)
(-1, -0.42660444397669217)
(1, 0.9974667244648819)
(1, 0.3478162814568877)
(1, 0.15873514370311775)
(1, 0.695129341328163)
(1, 0.6101020841262476)
(0, -0.10655152317532454)
(1, 0.6604719659042079)
(0, -0.07662429824653241)
(-1, -0.42660444397669217)
(0, -0.1156866220435784)
(-1, -0.7870058595410232)
(0, -0.0903458509173346)
(-1, -0.46929512514561034)
(-1, -0.4734503497767223)
(-1, -0.9903861968656402)
(1, 0.9979778016536102)
(-1, -0.8938596524978153)
(0, -0.35578296654498404)
(-1, -0.9999882781657948)
(1, 0.6974754189346044)
(0, -0.2285653465083161)
(-1, -0.5342062355030173)
(-1, -0.6953825412391452)
(0, -0.03411695792676023)
(-1, -0.18594223931214837)
(-1, -0.7095278467010887)
(1, 0.8894534287005618)
(0, -0.20837119130238468)
(0, -0.17443694950608807)
(0, -0.028542441450975203)
(0, 0.02614669468925787)
(0, -0.12090623481217638)
(0, -0.0552826998637328)
(0, -0.32506373744797473)
(1, 0.14859144105717448)
(-1, -0.9566345694484559)
(-1, -0.9413198418116612)
(1, 0.9446243876019201)
(1, 0.8702579289044196)
(0, 0.1266982323544376)
(1, 0.8056783638359112)
(0, -0.23755946939603345)
(0, 0.11746758499863227)
(-1, -0.6566771315213396)
(-1, -0.6017225394460364)
(-1, -0.6854785593385372)
(-1, -0.9670336310173563)
(-1, -0.8803735476908701)
(-1, -0.307009910385421)
(-1, -0.4003290936678228)
(1, 0.14822753761243512)
(1, 0.3481244072706837)
(-1, -0.9992001946702516)
(1, 0.9359813182824936)
(0, -0.06765460210613114)
(1, 0.08184934172963815)
(0, 0.20120821694752822)
(0, 0.17976815221252299)
(0, -0.19684498964443548)
(0, -0.15256696305049167)
(-1, -0.8757587577444133)
(1, 0.24148351799555384)
(-1, -0.5394238104528752)
(-1, -0.4496233536455939)
(-1, -0.7395721540446312)
(-1, -0.970881078746083)
(1, 0.8743471141278176)
(-1, -0.7766415866934763)
(-1, -0.9738971832637051)
(-1, -0.7771414326523935)
(-1, -0.8694932993662122)
(-1, -0.7896150830663153)
(-1, -0.0712117214434938)
(1, 0.07813732828056613)
(1, 0.30451075638793346)
(-1, -0.2490387292244221)
(-1, -0.1892254681994167)
(-1, -0.906706070498302)
(1, 0.14617043115807365)
(-1, -0.37850264960281876)
(-1, -0.9153635610022465)
(-1, -0.30841293483993676)
(-1, -0.7854167446454265)
(-1, -0.9991817260203907)
(-1, -0.5464264840416433)
(-1, -0.9995656977308831)
(1, 0.5936363929192309)
(-1, -0.724208906652465)
(0, -0.1909906036370751)
(-1, -0.9997610634200922)
(-1, -0.5011083736216451)
(0, 0.09573998009063205)
(0, -0.15276663630815143)
(-1, -0.9131169838876603)
(0, -0.27877514795540104)
(0, -0.13902050026174786)
(0, -0.26239065026127556)
(0, 0.014539036896395519)
(-1, -0.9362710466095946)
(-1, -0.404520857024411)
(1, 0.016439436962442155)
(0, 0.028888428137688785)
(1, 0.15519160061024856)
(0, 0.21627990054474744)
(1, 0.8703253643303154)
(0, 0.45815113926299994)
(-1, -0.9318305682898782)
(-1, -0.6421542278700467)
(0, 0.08323380183653675)
(-1, -0.987431872265765)
(-1, -0.8935863952439799)
(1, 0.6343157942497069)
(-1, -0.04822352496678817)
(0, 0.02588648203865187)
(-1, -0.9007598854687299)
(0, -0.1368744276410208)
(-1, -0.9508033981987573)
(0, -0.09917163646412121)
(0, -0.045301925693215894)
(1, 0.4961227130054292)
(-1, -0.24455821562585311)
(0, 0.05530837408397338)
(-1, -0.7897014643097016)
(0, 0.005323691277676377)
(0, 0.03595299619028561)
(0, -0.17269792232118952)
(1, 0.5117132545861041)
(1, 0.9582589139530157)
(-1, -0.24130751906792347)
(-1, -0.9965696279068442)
(-1, -0.8839079830219092)
(0, -0.02729097276630739)
(1, 0.798345238492517)
(-1, -0.5372568150171383)
(1, 0.8855436191401796)
(-1, -0.515005740360827)
(0, 0.23849835252976015)
(-1, -0.826455796631407)
(-1, -0.7389309505608526)
(0, -0.01928445520048755)
(-1, -0.28065817638308127)
(1, 0.07603057489051784)
(1, 0.38523301580672364)
(1, 0.14307159334897096)
(0, -0.06971773819272467)
(0, 0.010470613805198585)
(-1, -0.9175869909390915)
(-1, -0.8522114033200846)
(1, 0.6116346633101255)
(-1, -0.21381653302860476)
(-1, -0.34996772152678457)
(1, 0.11811603009922667)
(1, 0.5335521601056611)
(0, 0.04195814763095623)
(1, 0.9421240090862447)
(1, 0.4707353850122222)
(0, -0.06084416257479841)
(0, -0.2019620821679128)
(1, 0.5035505335180536)
(0, 0.023824956959557234)
(-1, -0.3767662479626138)
(0, -0.10392476685050843)
(1, 0.8403522835624758)
(-1, -0.33204917868435585)
(0, -0.10999758747990392)
(1, 0.2732167284641653)
(-1, -0.7083267891222965)
(1, 0.39002858034779997)
(1, 0.9980410714672625)
(-1, -0.0029386766279935195)
(-1, -0.965532335774999)
(1, 0.7317474109843877)
(0, 0.16005450749777286)
(1, 0.9751489622223389)
(0, 0.3200252345184022)
(0, -0.04804768695809138)
(-1, -0.08381132903887717)
(-1, -0.9324752020276428)
(-1, -0.16725599479675712)
(1, 0.8163251130864256)
(1, 0.9150165655973069)
(1, 0.8024170026065596)
(1, 0.07077925053097517)
(0, -0.0020378941949867058)
(0, -0.2501261461543085)
(0, 0.009038202183344834)
(1, 0.8512730553610541)
(1, 0.6177770584655121)
(1, 0.7408769154809451)
(1, 0.8297131296852314)
(1, 0.6853215376671479)
(1, 0.9756107104319675)
(1, 0.8417205326686882)
(-1, -0.16462169244177532)
(0, 0.12491622642075134)
(-1, -0.17059497660695488)
(-1, -0.8559553645183936)
(0, -0.031258303709702936)
(-1, -0.023484299164139244)
(1, 0.033874772811112897)
(1, 0.9573003665235202)
(1, 0.6803844812329682)
(1, 0.9728184833836373)
(1, 0.327796056012178)
(1, 0.15652540409744503)
(0, -0.2019620821679128)
(0, -0.06309435759351226)
(1, 0.3944736850873739)
(-1, -0.8757558586993078)
(-1, -0.4577412598156265)
(-1, -0.9769450258830918)
(-1, -0.9881936610406753)
(-1, -0.781196509543965)
(-1, -0.8530191398425179)
(-1, -0.84200090734056)
(-1, -0.4670119480453236)
(-1, -0.4414454093485546)
(-1, -0.673887493649681)
(0, 0.14434674861341942)
(-1, -0.9681944689238641)
(0, -0.2019620821679128)
(0, -0.06309435759351226)
(1, 0.9402343598937385)
(1, 0.31895817055657005)
(1, 0.4743422641740893)
(1, 0.9919895393183428)
(1, 0.5243952825299018)
(0, -0.3175562851348389)
(1, 0.6059205663030571)
(1, 0.7367026341094995)
(1, 0.8951390448006389)
(0, -0.1221725645134871)
(1, 0.9140907410490835)
(-1, -0.9966439216678235)
(0, -0.3673649510411949)
(1, 0.5914272197161795)
(1, 0.9178597470440594)
(1, 0.6444901278635456)
(1, 0.2127877814169612)
(0, -0.19372245233795599)
(-1, -0.47503936295381266)
(-1, -0.2847332907124471)
(-1, -0.9748401531777655)
(-1, -0.9629896565366285)
(1, 0.962858667407879)
(-1, -0.5755801231902357)
(-1, -0.9994752398739146)
(-1, -0.9710317370766843)
(-1, -0.9992296749969103)
(-1, -0.4852631962849139)
(0, -0.22744493851543887)
(-1, -0.4474007499689372)
(0, 0.04257090832370294)
(0, 0.3727162542258357)
(-1, -0.5721879164806517)
(0, -0.0716713761788475)
(0, -0.3995163756214883)
(1, 0.674450853479686)
(0, -0.012628316834860244)
(-1, -0.6069846428786295)
(-1, -0.09678418931611882)
(0, 0.11812135192542766)
(-1, -0.06635133156458567)
(0, 0.283154052378525)
(-1, -0.46989056411929647)
(-1, -0.557130730489594)
(-1, -0.9970200889172965)
(1, 0.8557384890594202)
(0, 0.22736086848027992)
(0, -0.2972889459637294)
(0, 0.1188147913780781)
(-1, -0.5349015994448202)
(1, 0.12775904524046666)
(1, 0.510196961528406)
(0, -0.36904500413927643)
(1, 0.8912640811397935)
(-1, -0.7966427231955093)
(1, 0.9615818303190844)
(1, 0.7386164860918053)
(1, 0.6707120123106233)
(-1, -0.9767770369971657)
(-1, -0.7135507015281447)
(-1, -0.8249205411963796)
(1, 0.5589367721901828)
(-1, -0.6344885486535978)
(1, 0.6240519248250175)
(0, 0.06123839997324843)
(-1, -0.8322249091410036)
(-1, -0.371630047115969)
(1, 0.917796765266878)
(1, 0.6256379574616245)
(0, 0.1327520322600105)
(-1, -0.8419138057076099)
(1, 0.7800767999826845)
(0, -0.1024661783313271)
(1, 0.3503477680096107)
(1, 0.9459363143867087)
(0, -0.08299162349250858)
(0, -0.12796202983523414)
(-1, -0.9000721561936158)
(-1, -0.8989799849239305)
(-1, -0.9861274533049741)
(-1, -0.5320553066497311)
(1, 0.7822097941932118)
(0, 0.040269038846498434)
(-1, -0.9699771241871488)
(1, 0.7585791415865555)
(-1, -0.9758304850493399)
(0, -0.08510439709128872)
(-1, -0.6430052804110102)
(-1, -0.6974323873289132)
(-1, -0.9724417625679453)
(1, 0.4512502354223867)
(-1, -0.9239276365718269)
(-1, -0.7404578645189979)
(-1, -0.5206512496716502)
(1, 0.46852231216488316)
(-1, -0.858808357437971)
(1, 0.9974499642966093)
(1, 0.4286246539173082)
(1, 0.6632292780865896)
(-1, -0.2687646962534218)
(0, -0.2285805658522619)
(0, 0.00786339571256958)
(0, -0.017051263551381507)
(0, -0.01537232083723214)
(-1, -0.16766405597589534)
(-1, -0.33269357710568914)
(-1, -0.7851522404047098)
(-1, -0.993853563643103)
(0, -0.2953043388566635)
(0, -0.23321584221239366)
(-1, -0.6883335794625648)
(0, 0.07782557440596098)
(1, 0.9500918490852296)
(-1, -0.9808947104871936)
(0, -0.035575987374079535)
(-1, -0.8839564497069554)
(-1, -0.9671011140501595)
(1, 0.6914571168115531)
(-1, -0.8734710615569892)
(-1, -0.9997012387082209)
(0, 0.39723859854370874)
(1, 0.39965954720392005)
(-1, -0.668740918210357)
(1, 0.9875312646385154)
(0, 0.1998365920699479)
(1, 0.5504961167686567)
(-1, -0.09355143102453045)
(-1, -0.22020715465456192)
(1, 0.9271478008010465)
(-1, -0.1963391747690118)
(-1, -0.24013564746174054)
(-1, -0.995308797769263)
(-1, -0.44440672256032066)
(0, 0.0330500394762929)
(-1, -0.994317836610748)
(0, 0.023265930966950316)
(-1, -0.6360428831835392)
(0, 0.3830960292521648)
(0, -0.1135037830649788)
(-1, -0.0972588821465995)
(-1, -0.13515515213991458)
(1, 0.589618090352305)
(1, 0.17409123048234193)
(0, 0.21465215328706938)
(0, -0.20408113962574848)
(-1, -0.8819635331033062)
(0, -0.15588587500646153)
(1, 0.8689594997608457)
(-1, -0.2965571739635243)
(-1, -0.9392033353846903)
(0, -0.15846977895582545)
(0, -0.025515768415021657)
(-1, -0.5103650943337269)
(-1, -0.7862224454852114)
(0, 0.22319086242481073)
(-1, -0.6563228626925759)
(-1, -0.9999071630684588)
(0, -0.24155138567721574)
(1, 0.14157196312428144)
(1, 0.9894740732545014)
(1, 0.9349591755181755)
(-1, -0.586313539620759)
(-1, -0.37146011398074547)
(0, 0.19334377536159167)
(0, -0.15612779865426393)
(0, -0.16496645371444132)
(0, -0.06765460210613114)
(1, 0.24862622177559482)
(-1, -0.46123523416407175)
(0, 0.012213701420206538)
(0, -0.14971496025604836)
(1, 0.781457298300781)
(0, -0.029898095201876154)
(0, -0.031344385688762494)
(-1, -0.8430882618016302)
(-1, -0.2205985843642264)
(1, 0.35035179830532925)
(0, -0.05872158419839413)
(-1, -0.1359313785973587)
(1, 0.14208686399147463)
(1, 0.3630953434144191)
(1, 0.6922342177494084)
(-1, -0.6204657230231212)
(1, 0.6056020334154416)
(0, 0.12348967520099971)
(0, -0.36998063899033035)
(0, 0.05129256894681214)
(1, 0.14434673115184832)
(1, 0.25800301916259777)
(1, 0.24564714540780697)
(-1, -0.7766460116917348)
(-1, -0.6014708687244464)
(1, 0.7074679204224743)
(-1, -0.4827149462300304)
(1, 0.2644554390620578)
(-1, -0.5342132163321712)
(-1, -0.24121363823157668)
(-1, -0.7733936770303481)
(1, 0.9504901600373508)
(0, -0.010120122994739262)
(0, -0.01124740703221419)
(-1, -0.15515836573991548)
(0, 0.029268911274882854)
(0, -0.05610155942429909)
(1, 0.9999766534610516)
(1, 0.9949249221526284)
(-1, -0.9786906400770858)
(1, 0.958116193654578)
(0, -0.20867132203872632)
(-1, -0.3562031682221413)
(0, 0.027209618383019413)
(-1, -0.8228783003552124)
(0, -0.2630343868735927)
(0, -0.024690598393055832)
(-1, -0.10763577701353327)
(0, 0.19686116536428033)
(-1, -0.33269357710568914)
(0, -0.21017325732639155)
(1, 0.6110829716120266)
(1, 0.15706160879363518)
(1, 0.597874383854491)
(-1, -0.5638100036199433)
(0, 0.0062358673052339345)
(-1, -0.9468691499388124)
(1, 0.3554593481921699)
(1, 0.5508002571933578)
(-1, -0.5971730896551894)
(1, 0.23642553322436782)
(1, 0.5504295450898798)
(0, -0.10485490091600697)
(-1, -0.09040026597769096)
(-1, -0.8528480230959552)
(-1, -0.98852246387991)
(0, 0.0451550270448072)
(1, 0.2180373563020314)
(-1, -0.9590347406069413)
(0, 0.004379847743799209)
(-1, -0.8908025480203895)
(-1, -0.8778168931101153)
(-1, -0.934008325665995)
(1, 0.6008776242019411)
(-1, -0.9093730543113049)
(0, -0.15067557651641872)
(0, 0.1939490649604735)
(0, -0.14209265901987245)
(0, 0.017201819712298283)
(-1, -0.22745581909229096)
(-1, -0.1796343028462017)
(-1, -0.8079043047763901)
(1, 0.6013030942168147)
(0, -0.11512426489413594)
(0, 0.2445871455991371)
(-1, -0.28335541240363105)
(-1, -0.9331091312147858)
(-1, -0.8878618794575093)
(-1, -0.16772936865362092)
(-1, -0.9862740981934677)
(-1, -0.9357893057793278)
(0, -0.1749780073955413)
(-1, -0.9392333251731122)
(-1, -0.9411701505340853)
(1, 0.8162813649708537)
(1, 0.31935265030476023)
(0, -0.06309435759351226)
(0, -0.35221393463358514)
(0, -0.11226799404498772)
(0, -0.2563197083832291)
(0, 0.02495055318272306)
(0, -0.22712025722419285)
(0, 0.09934207192495947)
(0, -0.02203030217761724)
(-1, -0.9549882911942071)
(-1, -0.925440791440614)
(1, 0.6684385294795137)
(0, -0.17900984719812968)
(-1, -0.9792371274486743)
(-1, -0.5631207595144708)
(0, -0.004693964112435722)
(-1, -0.12189012137365679)
(1, 0.32172241108367816)
(-1, -0.3106631014384569)
(-1, -0.9870332877937725)
(-1, -0.5151701742403182)
(-1, -0.16546629021881898)
(-1, -0.29516496716850765)
(-1, -0.5423244297096332)
(-1, -0.6165640093605452)
(-1, -0.4047823959180794)
(-1, -0.517156043010963)
(0, 0.21669193821512236)
(-1, -0.9735355517886235)
(-1, -0.34492208449183515)
(-1, -0.9917188240842753)
(-1, -0.7154988717447026)
(0, 0.11338753551527488)
(0, -0.17648200331791952)
(-1, -0.5139880227536291)
(1, 0.3718905841913117)
(1, 0.3735415090173355)
(1, 0.8365869243323126)
(1, 0.05338833661278769)
(-1, -0.06342626096523152)
(1, 0.6541422198045947)
(1, 0.9077097801795521)
(-1, -0.4005180308212912)
(1, 0.9101510091968723)
(-1, -0.9951848840860152)
(-1, -0.8263904420091448)
(-1, -0.7725973233479416)
(-1, -0.39610268865438025)
(-1, -0.654490504571059)
(-1, -0.5993161051003175)
(-1, -0.9574252969419207)
(-1, -0.151857704021148)
(0, -0.05823635689897402)
(-1, -0.31772368613826946)
(-1, -0.16172305079772897)
(1, 0.4031133684144713)
(-1, -0.6005560461206825)
(0, -0.13007786987243933)
(1, 0.6610741968919998)
(1, 0.6511778137854648)
(1, 0.36622970852365777)
(1, 0.43859723701891423)
(-1, -0.7204758101490594)
(-1, -0.571790348558824)
(-1, -0.04136376389877461)
(1, 0.6865096516063594)
(1, 0.364877152741009)
(1, 0.2627493841543296)
(-1, -0.7459778231706788)
(0, -0.12899097332344306)
(1, 0.2927262794994724)
(1, 0.22186348730583744)
(1, 0.17136857625392082)
(0, -0.03439620318950534)
(1, 0.3855480673844963)
(-1, -0.6085964303421466)
(1, 0.7657479543334489)
(0, -0.06583917436376557)
(0, -0.006303076395505924)
(1, 0.5914272197161795)
(-1, -0.660350480601308)
(-1, -0.99738405185914)
(-1, -0.6239952795847789)
(-1, -0.37585027571821966)
(-1, -0.1258244350873567)
(1, 0.7136203708218319)
(0, 0.15516060262541526)
(-1, -0.46519679251695345)
(-1, -0.7198245127973927)
(1, 0.012114045305907983)
(1, 0.5879562268269816)
(-1, -0.8434518803703005)
(-1, -0.6176218557403614)
(-1, -0.4863432063523412)
(-1, -0.9566960064135674)
(-1, -0.8496346302393507)
(-1, -0.6222364466915363)
(0, -0.26354034185066466)
(0, -0.24337883070030114)
(-1, -0.312933587625846)
(-1, -0.4057450972382821)
(1, 0.3292708184566122)
(1, 0.9091314769550933)
(-1, -0.8052127455368546)
(1, 0.8335716839953715)
(1, 0.06189636013956329)
(1, 0.7268354907532539)
(-1, -0.43925697404057124)
(-1, -0.11127301195247818)
(0, 0.27151648531813816)
(0, 0.015763700121596773)
(0, -0.05363419971158295)
(-1, -0.3597724262248221)
(-1, -0.9669968038848783)
(-1, -0.6962158612577339)
(-1, -0.0027894502240773944)
(1, 0.11316015004690522)
(-1, -0.9743014220206245)
(-1, -0.958927222787108)
(1, 0.9512460398915759)
(1, 0.8043780394736709)
(-1, -0.6052827360708432)
(0, -0.12251247369200191)
(-1, -0.7122597822249588)
(1, 0.9340079517036061)
(-1, -0.8283907449565313)
(0, 0.08239757779823852)
(-1, -0.6203779864383937)
(-1, -0.7118857892646371)
(0, -0.24445123790066567)
(1, 0.5331804925846002)
(-1, -0.1397781927207084)
(1, 0.3096676138586196)
(1, 0.7549657995776364)
(1, 0.38437279555292864)
(-1, -0.42936209847636475)
(1, 0.2965221092768944)
(-1, -0.9541196826660284)
(-1, -0.26813541387217954)
(-1, -0.9983060845006116)
(0, 0.17836422911768662)
(-1, -0.5648213673863468)
(0, -0.01493030275290665)
(0, -0.026876007176066877)
(-1, -0.9068428806786184)
(1, 0.7294280813134014)
(1, 0.5486787539558515)
(0, -0.08026993513418518)
(0, -0.013716106419963486)
(0, 0.007745500000932992)
(0, -0.07308478514722738)
(-1, -0.9777429138095419)
(0, -0.17660766538370437)
(0, 0.027058772060639447)
(0, 0.12911610856655914)
(0, -0.1291308192031793)
(0, 0.023235917876522967)
(0, 0.10121181690382208)
(0, 0.06057182954886085)
(0, -0.0712603367795788)
(0, 0.008117989406448062)
(-1, -0.6694025094086007)
(0, 0.024125277994101198)
(0, 0.08391715714844553)
(-1, -0.4438082648104815)
(1, 0.5277868468744922)
(0, 0.007034663062993558)
(0, 0.17432495661928815)
(0, 0.05603895303209514)
(0, -0.18896164363303672)
(0, -0.08137874163228462)
(0, -0.11156426921862288)
(0, -0.21654594915700903)
(0, 0.2705683704255268)
(-1, -0.5111257904474711)
(-1, -0.9829623730225348)
(0, -0.1718047813664888)
(0, -0.03682980843165666)
(0, -0.02951542018332398)
(0, 0.01848755524048304)
(0, -0.07130959209286497)
(0, -0.014826985754729682)
(0, -0.04069454075659219)
(-1, -0.9942602315273067)
(-1, -0.36586034317945393)
(0, 0.03695603064778502)
(0, -0.21096099994280598)
(0, -0.06765460210613114)
(0, -0.06348923887963939)
(0, 0.203846274136902)
(0, -0.08684248842488912)
(0, 0.02095676908473016)
(0, -0.15694474372089504)
(0, 0.013055271342551696)
(0, 0.13403553013354164)
(0, 0.09406295424215252)
(0, 0.0057613144155687634)
(0, 0.08183737969308494)
(1, 0.7001541869090366)
(-1, -0.8076354013352218)
(0, -0.12233298672433619)
(0, 0.20888810421601123)
(0, -0.24738030600371363)
(0, -0.030126917518074753)
(-1, -0.49887454609340787)
(0, 0.3866092408916373)
(0, -0.26709078607945996)
(1, 0.5450648781512116)
(0, 0.013040891317178754)
(0, -0.16923960224110884)
(0, -0.17787409467160314)
(0, -0.08241548932244305)
(0, 0.02685891149101119)
(0, 0.32498231374036907)
(0, 0.008786717590074128)
(0, -0.023468300469702205)
(0, -0.04135054751290271)
(0, 0.23293691290415003)
(1, 0.08168154716743825)
(0, -0.42977447691389836)
(0, 0.0890428803286257)
(0, -0.02776541976911314)
(1, 0.46610652943222264)
(0, -0.04485463012700974)
(-1, -0.5196381114399145)
(0, -0.3000536678927038)
(-1, -0.02257965830188441)
(0, 0.1716577006929565)
(0, 0.07054743414682285)
(1, 0.7774066885480855)
(1, 0.24956673818008426)
(0, 0.0012688661430026592)
(1, 0.5472021164778418)
(0, -0.2594379978414689)
(-1, -0.9778545379195119)
(-1, -0.17809407571133723)
(0, 0.09847762706177929)
(0, -0.01203744581424987)
(-1, -0.5021409608949269)
(-1, -0.09211920739831125)
(1, 0.9356265736321424)
(1, 0.42471075211358433)
(0, 0.1640262534035135)
(1, 0.59161135902681)
(0, -0.15146782778694756)
(-1, -0.7024053456903848)
(0, -0.14369964727809148)
(-1, -0.9037411824119205)
(-1, -0.9703031330687627)
(-1, -0.7937234659682724)
(0, 0.0427934903074946)
(0, 0.08065807725218772)
(0, -0.0027986466817508937)
(-1, -0.45628874157641575)
(1, 0.06489368904704085)
(-1, -0.35898357301505424)
(0, 0.18539359404556727)
(0, -0.022589199285427602)
(0, -0.0066959924871186835)
(0, -0.06478426140709367)
(0, -0.18549738069428376)
(0, 0.2155652018878367)
(0, -0.08818970955492395)
(0, -0.06380052276697794)
(0, -0.17543597738597014)
(0, -0.26555120376826963)
(0, -0.10370261371888849)
(-1, -0.5937084619413173)
(-1, -0.7597015255769484)
(0, -0.15025635219659128)
(0, 0.061340611960420136)
(0, -0.12805384932881694)
(0, 0.2553161927528947)
(1, 0.45560598258704665)
(1, 0.184584823101759)
(0, -0.056141161149517164)
(0, -0.004581375396167378)
(0, -0.04701574423780332)
(0, -0.2097345348428583)
(0, -0.04971043004013376)
(0, -0.1425369800923862)
(0, 0.002160067196478808)
(0, -0.01641759682238847)
(0, -0.023176714726518406)
(0, -0.1234472633097793)
(0, 0.017988248077047096)
(0, 0.014605754999100051)
(0, 0.0072555266546368334)
(0, -0.07312101075860084)
(0, -0.004894458890721248)
(0, 0.030066597113911124)
(0, -0.07247729790397597)
(-1, -0.9354400990640561)
(-1, -0.4807157682862673)
(0, -0.0063052489233848714)
(0, -0.011823754978884224)
(0, 0.027835029891791437)
(0, -0.004152083770924991)
(0, -0.08264077496735311)
(0, 0.2335109224316424)
(0, -0.060775631983242644)
(-1, -0.623782321396884)
(0, -0.052627141927380716)
(0, -0.00202363583996205)
(1, 0.3933524107698706)
(-1, -0.2608964736978624)
(-1, -0.6827867844028933)
(0, -0.0677624430906611)
(0, -0.010453530428344451)
(0, 0.05445646715307681)
(1, 0.6037258837297969)
(0, -0.022194516613616398)
(0, -0.0540542600097118)
(0, 0.01904863988898465)
(0, 0.005884054860329433)
(0, -0.03291104279697002)
(0, -0.02654795036094568)
(0, -0.016701115304430535)
(0, 0.008985366904128806)
(0, -0.12704770404030225)
(0, -0.1431058074344443)
(0, -0.06765460210613114)
(0, 0.010024780157006908)
(1, 0.5508878199812061)
(-1, -0.7552062709446674)
(0, -0.10731370626716687)
(0, -0.11888042946989644)
(0, -0.03317773805823582)
(0, -0.1944801209735884)
(0, -0.11069674113966474)
(0, 0.2408293205747587)
(0, -0.15935946624987907)
(0, -0.27015561350687856)
(0, -0.08975692839489205)
(0, -0.054629800153041225)
(0, 0.00824699555009404)
(0, 0.10746121630741948)
(1, 0.192641955886648)
(0, -0.18111349177103275)
(0, 0.04931931085425482)
(0, -0.003925768302999896)
(0, 0.2842006452244683)
(0, 0.0624828496477465)
(-1, -0.11047825463305)
(0, -0.22392339079811863)
(0, -0.1616672675242603)
(0, -0.01680966854445355)
(0, -0.03242721841441282)
(0, 0.0410391406637684)
(0, 0.42848737783004937)
(0, -0.002910024875547099)
(1, 0.28819852683947944)
(0, -0.16904122935596377)
(1, 0.9931688982095821)
(0, -0.007855663921880814)
(0, -0.22567912599215567)
(0, -0.08662639664997365)
(0, -0.013663189477441363)
(0, 0.015046392520699947)
(0, -0.06506258581078636)
(0, -0.13503716534582716)
(0, -0.009957159577092272)
(1, 0.9471582680558154)
(0, 0.047520717521975564)
(0, 0.0353221776583969)
(0, -0.07938285345655943)
(0, 0.018743781703808693)
(0, -0.04225855585168353)
(-1, -0.9999999999999996)
(-1, -0.9999998695329654)
