(1, 0.9439479888061401)
(0, -0.26684752644426857)
(0, -0.1015659990273516)
(-1, -0.4715442129996629)
(0, 0.1435961127474023)
(0, 0.05262435023147927)
(0, 0.010150595843789157)
(-1, -0.31382618790667494)
(1, 0.35692167863884383)
(1, 0.5313206207035025)
(0, -0.13926007926463357)
(0, 0.06587452238186062)
(1, 0.18178892437023675)
(-1, -0.07051198017982013)
(0, -0.24150697996412113)
(0, -0.019300175643334166)
(1, 0.031799601816430045)
(1, 0.21924642682698786)
(-1, -0.393103588667806)
(0, -0.10607609851869139)
(0, -0.07026938557608625)
(0, -0.26007206990665566)
(-1, -0.9834511380176216)
(0, -0.20903339323375447)
(0, -0.06662416377130609)
(-1, -0.0607703260624205)
(0, 0.018562138194287925)
(0, 0.21239333638987223)
(1, 0.18681196736181738)
(-1, -0.05822397807570978)
(1, 0.9305911082881669)
(-1, -0.022348588460761987)
(1, 0.9970381796171921)
(1, 0.8939078122638346)
(0, -0.0234199572577847)
(-1, -0.8228798796026848)
(1, 0.4026516844280225)
(1, 0.9680854214413884)
(-1, -0.8603306077193671)
(1, 0.44711748721444144)
(-1, -0.9624869478239806)
(-1, -0.9900626245435828)
(-1, -0.9623195055752308)
(-1, -0.40968940206162624)
(1, 0.12430872865775644)
(0, 0.16479811721856516)
(0, -0.14060569003458734)
(1, 0.4994839682337199)
(1, 0.7134491134706693)
(-1, -0.7992614694729637)
(-1, -0.5346700561795557)
(1, 0.36904941798380636)
(1, 0.750134141542271)
(1, 0.35692167863884383)
(1, 0.06965661787272953)
(1, 0.5515031292919692)
(1, 0.8342304190557835)
(0, -0.046648010785967225)
(1, 0.8633785876175525)
(0, -0.02720324356968923)
(-1, -0.0278342436534309)
(0, -0.31980460703537983)
(1, 0.48682250831413176)
(0, 0.08013540792136874)
(1, 0.22213126461272514)
(0, 0.09046308646832923)
(1, 0.5535888775263056)
(1, 0.35692167863884383)
(0, -0.019300175643334166)
(1, 0.8894305403132772)
(1, 0.19835873523315883)
(1, 0.9574310683182398)
(1, 0.4532637480170687)
(1, 0.6293208653930669)
(0, 0.45154937702182557)
(-1, -0.5335076056521846)
(1, 0.9980845095730118)
(1, 0.35692167863884383)
(-1, -0.8794596645786237)
(-1, -0.9664571582213319)
(-1, -0.41408132405501363)
(1, 0.9515750042439503)
(-1, -0.30562373583098623)
(1, 0.4365493365675823)
(1, 0.9491986113305834)
(1, 0.9296218145027659)
(1, 0.5268827209797384)
(1, 0.8667698281453599)
(1, 0.9229728219339548)
(1, 0.9873798656817185)
(-1, -0.6638228972828897)
(-1, -0.9491198554159263)
(0, 0.2453470152694339)
(-1, -0.4918736028162354)
(1, 0.9233513495556741)
(1, 0.5369591226565736)
(1, 0.6196384702673821)
(1, 0.7182135348579016)
(1, 0.3528901863352297)
(1, 0.5308254643972563)
(0, 0.014805148259570577)
(0, 0.01735101418704138)
(0, 0.044240642588798174)
(0, 0.14479654763084598)
(-1, -0.02585721332734431)
(1, 0.9269747790270515)
(-1, -0.033521432619412816)
(0, -0.26967951509638693)
(0, -0.20027141869558793)
(0, -0.025102719530116363)
(0, 0.3210187221727648)
(0, 0.010907752941059458)
(0, -0.037292910592287815)
(0, 0.03930129340632661)
(-1, -0.9118100981071635)
(0, 0.34827307792462675)
(1, 0.5280832265095523)
(0, 0.0041326587314686886)
(-1, -0.18124185326416353)
(-1, -0.922044798242008)
(1, 0.5485890271475223)
(1, 0.9685746863559554)
(1, 0.9438095460420299)
(1, 0.49933488036180407)
(1, 0.030962301935597014)
(1, 0.8733034972953853)
(0, 0.07960849193026695)
(-1, -0.5497907552817881)
(-1, -0.7710919572730646)
(-1, -0.9483606696805066)
(1, 0.6355683252271236)
(-1, -0.8235882518390001)
(-1, -0.12349125797888594)
(0, 0.10599541758177548)
(-1, -0.8071654173877894)
(1, 0.9523520672012973)
(0, -0.25813737202022813)
(-1, -0.26365925828043246)
(1, 0.9071648822546489)
(1, 0.4167285320897507)
(0, 0.24318915339876024)
(1, 0.15904552141220452)
(1, 0.19754507165485058)
(0, 0.3301899868291064)
(1, 0.018330630019760097)
(-1, -0.23351545136312396)
(-1, -0.3946121122639269)
(1, 0.38244722315927815)
(0, -0.12456679318258043)
(0, -0.026971196625031564)
(-1, -0.8371674592638604)
(-1, -0.1669746839431866)
(0, -0.106991664208747)
(-1, -0.7934369206657668)
(-1, -0.4201356304055964)
(0, 0.018898706021546918)
(0, 0.07934074428178572)
(0, -0.0029462907395799605)
(0, 0.05563274321439633)
(0, 0.06993270361110318)
(0, -0.06525110301752407)
(1, 0.30897749026366983)
(1, 0.6756601080543628)
(-1, -0.5675813946987279)
(-1, -0.5270345346657697)
(1, 0.6450006523949373)
(1, 0.5139532503297077)
(-1, -0.2130372046397308)
(1, 0.21375571730845538)
(0, 0.04412927777065915)
(1, 0.7172292629629504)
(-1, -0.3934897385746232)
(0, 0.09981368974715642)
(0, 0.10623575214184)
(0, 0.11190121945490654)
(1, 0.15904552141220452)
(1, 0.21904537198193333)
(1, 0.4872532991227504)
(1, 0.9020006281427916)
(0, 0.15137847361376544)
(1, 0.9190730576613216)
(0, 0.3181199744167684)
(1, 0.33887016299419115)
(1, 0.5303339003654728)
(1, 0.158065491999699)
(0, 0.26220413838429024)
(1, 0.08137331201922599)
(1, 0.35692167863884383)
(-1, -0.7188863964054591)
(-1, -0.3605276613878376)
(1, 0.4632260401677964)
(1, 0.1825752079356991)
(1, 0.5808757281688852)
(1, 0.35692167863884383)
(-1, -0.4886950794297438)
(0, 0.13780464441264442)
(-1, -0.7600381446386019)
(-1, -0.6230176929706248)
(-1, -0.8519849493247629)
(-1, -0.9810217835919947)
(0, 0.1212763606405556)
(-1, -0.13468374461539967)
(1, 0.37501837411900685)
(1, 0.26630907803930537)
(-1, -0.3478739972383513)
(-1, -0.4134560830323487)
(-1, -0.5856287650317801)
(1, 0.5123895702784677)
(0, -0.07811509037990025)
(1, 0.25849134900523474)
(1, 0.8712187768417647)
(1, 0.8687225108460437)
(1, 0.13481950104443413)
(1, 0.35692167863884383)
(1, 0.3384150189371754)
(0, -0.08770067209401469)
(-1, -0.4739474345159342)
(1, 0.16941681198048109)
(0, 0.003437915129315419)
(1, 0.9654544736764155)
(1, 0.6091831316827515)
(1, 0.9376882077205633)
(-1, -0.9062592240992726)
(1, 0.7355593987060757)
(0, -0.2230889056337648)
(0, 0.035125489716803404)
(0, -0.049177071545833645)
(1, 0.25634956674906084)
(-1, -0.4162244696280539)
(1, 0.7795898309686643)
(1, 0.8615423493518389)
(1, 0.24774675938092539)
(-1, -0.6628545212718374)
(-1, -0.5291616022560779)
(1, 0.762608525357442)
(-1, -0.47825420950079695)
(-1, -0.20429398396383439)
(-1, -0.6432472886975071)
(1, 0.46461085721251727)
(1, 0.27926531826973616)
(0, 0.09043905629084857)
(1, 0.35692167863884383)
(-1, -0.9641232499613205)
(0, -0.17093283237412768)
(-1, -0.8984594759284177)
(0, -0.25321639889459735)
(1, 0.29174546562601783)
(-1, -0.9782675608254506)
(0, -0.2580773930950476)
(1, 0.9385645047717025)
(1, 0.1601656041808473)
(-1, -0.4775435598300645)
(-1, -0.15251492277350254)
(0, -0.03970894173180389)
(0, 0.09887419867526362)
(1, 0.7635643701001967)
(1, 0.7311583748825875)
(-1, -0.4084293920830143)
(0, 0.08273588040499585)
(1, 0.3983654902671842)
(0, -0.05194311915404832)
(-1, -0.3836413770014095)
(1, 0.6979346319286436)
(0, 0.2202373155293808)
(1, 0.4824843266013958)
(-1, -0.8024330023521441)
(0, 0.22751009111921813)
(1, 0.9419038092295691)
(1, 0.5782198178780066)
(-1, -0.9602451860776405)
(-1, -0.3964685651638869)
(-1, -0.3035097846162343)
(1, 0.10250168098579748)
(0, -0.372911396720209)
(-1, -0.26736550180159024)
(0, -0.0035199816426325567)
(1, 0.9967237837842824)
(0, -0.0289593671727607)
(1, 0.7397131576123899)
(1, 0.4377556691844368)
(1, 0.35692167863884383)
(-1, -0.5219202450098006)
(-1, -0.9417588440349681)
(-1, -0.48316462431447793)
(1, 0.9046801255994014)
(-1, -0.7472488350757028)
(-1, -0.9690966783940065)
(-1, -0.22521170053785322)
(1, 0.6913217667692473)
(0, -0.30695628621154697)
(1, 0.9183127260170658)
(0, -0.0002729701897118131)
(1, 0.19578543086276978)
(-1, -0.9675021713275174)
(-1, -0.8665232748929753)
(-1, -0.8069003331276772)
(-1, -0.563081674008355)
(1, 0.25367802674743556)
(-1, -0.9210059851151322)
(-1, -0.40165143359134786)
(1, 0.35692167863884383)
(-1, -0.95786125384193)
(0, 0.019061071483439274)
(1, 0.05655172484177118)
(-1, -0.7492948680751019)
(-1, -0.20679518467645475)
(-1, -0.7319606097913067)
(-1, -0.8040882399912668)
(1, 0.25467056918109726)
(-1, -0.8567932680154694)
(0, -0.14368659547710685)
(0, -0.38470751445208357)
(0, 0.1436919353133187)
(1, 0.934932888503611)
(-1, -0.0442346529223438)
(0, -0.16731383067354383)
(-1, -0.18771935596641098)
(-1, -0.6229699821689432)
(1, 0.20737163445132795)
(1, 0.3327135163244415)
(-1, -0.8054577673817385)
(0, 0.00802050888605374)
(-1, -0.21510388250753776)
(-1, -0.6789366487767102)
(-1, -0.36939840596653367)
(1, 0.3542785374776262)
(0, -0.0064118257206685625)
(-1, -0.6564346845758952)
(0, -0.1023022756130291)
(-1, -0.23744274860442072)
(0, 0.06769827394997996)
(-1, -0.48671514141367656)
(0, -0.008900451092645256)
(0, -0.10556965752866238)
(-1, -0.731301063884776)
(1, 0.6206509190776125)
(0, -0.05720443718130707)
(1, 0.08117567252743724)
(1, 0.23404010942057946)
(-1, -0.6344161967499893)
(-1, -0.7972842100572949)
(-1, -0.7928107334836798)
(-1, -0.9959408345033502)
(1, 0.9654327681076809)
(-1, -0.8363804409144339)
(0, -0.07753814409478185)
(0, -0.11562760199532798)
(-1, -0.9875579776514172)
(-1, -0.9350648047120703)
(1, 0.32556158491334225)
(0, 0.04168602033487556)
(0, -0.025021860964398054)
(1, 0.1802576561754073)
(1, 0.7179239872559066)
(-1, -0.5181570701712791)
(-1, -0.09407489247272738)
(-1, -0.5965691352330048)
(-1, -0.8321331480517751)
(0, -0.34164039840415605)
(0, 0.1955118216805425)
(0, -0.36626759932496983)
(0, -0.06179863953486325)
(-1, -0.5021337286295973)
(1, 0.35692167863884383)
(0, -0.34508191040786784)
(-1, -0.37170655670249697)
(1, 0.4209063458705555)
(-1, -0.6278943190874307)
(0, -0.18935000228509924)
(1, 0.45042933598573665)
(-1, -0.03212429258875632)
(-1, -0.6360909375736508)
(0, -0.0011896065127198069)
(0, -0.20512809230926832)
(1, 0.23327998333303085)
(0, -0.07071911608299333)
(-1, -0.9007382290564393)
(-1, -0.2284458401301441)
(1, 0.6888937014898676)
(0, 0.08796755577843296)
(1, 0.688448300854757)
(1, 0.024647135307037216)
(1, 0.40734746573968944)
(-1, -0.7316369019702991)
(-1, -0.570596552371481)
(-1, -0.5343680504539946)
(0, -0.29881079584915093)
(0, 0.1395490286180109)
(-1, -0.3527098217499843)
(1, 0.21242685351889906)
(1, 0.5282511388720633)
(0, -0.01007965048454882)
(-1, -0.5177551699848818)
(1, 0.9816167445240044)
(-1, -0.14734138396163204)
(1, 0.4821205371606794)
(1, 0.8704659601590348)
(-1, -0.21673168265944112)
(-1, -0.36087516763987293)
(0, -0.16360720635465956)
(-1, -0.3483670734478098)
(0, -0.19895334339154216)
(0, 0.023959097454674866)
(-1, -0.44166290797741675)
(-1, -0.5580498731523384)
(1, 0.35692167863884383)
(0, -0.2332113288590824)
(1, 0.8805144357532302)
(-1, -0.8058985647784785)
(-1, -0.6881273485587962)
(-1, -0.05750416916616169)
(-1, -0.26010874176718063)
(-1, -0.9064117573593076)
(-1, -0.06468724968270678)
(0, 0.009296536986000137)
(-1, -0.6389820889013877)
(0, -0.41592311043176844)
(0, 0.2542199992143007)
(-1, -0.8085995096463144)
(0, -0.3454951492816128)
(0, -0.004036933200878591)
(-1, -0.8272587607199886)
(1, 0.9903990104897892)
(1, 0.617624093952562)
(-1, -0.024690533473421816)
(1, 0.3629036440644978)
(1, 0.37334769622102476)
(1, 0.25611048304698064)
(1, 0.5299777935708782)
(-1, -0.22948234108469828)
(0, -0.057642157375749514)
(-1, -0.6928629201182814)
(-1, -0.9642706439508157)
(-1, -0.5234319023037198)
(1, 0.08985512503549703)
(1, 0.8568721636205389)
(-1, -0.38986165204074963)
(-1, -0.8484271257610212)
(0, 0.11399946146763075)
(1, 0.57921187310784)
(0, -0.24902999241059603)
(1, 0.08578464158565818)
(0, 0.22498122301530524)
(1, 0.35692167863884383)
(1, 0.05444671878364615)
(-1, -0.651009222817247)
(1, 0.9931933333785419)
(-1, -0.28473585074394053)
(-1, -0.5234543344857222)
(0, 0.28207428558988995)
(0, 0.02773305048626168)
(0, -0.21295676529028368)
(-1, -0.7933195432934521)
(-1, -0.9921762829909674)
(-1, -0.06394818255851059)
(0, -0.21372053562914087)
(1, 0.8064199966944043)
(1, 0.9660624956019741)
(1, 0.254683598190902)
(-1, -0.7286804273226174)
(-1, -0.30330176272131315)
(-1, -0.4828515849342903)
(-1, -0.5623380298044522)
(-1, -0.5906260636568559)
(1, 0.5713340198656163)
(1, 0.37858240521016534)
(-1, -0.698908954868878)
(-1, -0.897977342303162)
(-1, -0.24810895834682864)
(-1, -0.4225770253328993)
(-1, -0.28507547197805594)
(1, 0.39556187750782174)
(0, -0.08305373931337881)
(0, 0.025613702303677384)
(0, -0.022927079609390263)
(-1, -0.9286168053998342)
(1, 0.52524670448859)
(1, 0.2740412279604145)
(1, 0.3700618589419743)
(-1, -0.37900990923568534)
(1, 0.854302897849838)
(-1, -0.602606703147841)
(0, -0.03005667936662024)
(0, -0.1795767204575614)
(0, -0.22918976536148683)
(-1, -0.5228537760433233)
(1, 0.6177481676396024)
(1, 0.37001014752299244)
(-1, -0.0994299632260745)
(-1, -0.8694559279935904)
(-1, -0.6715316303932476)
(1, 0.5016767227845891)
(-1, -0.44367377954155485)
(-1, -0.14992186222204473)
(1, 0.8996610019269248)
(0, -0.048968223590086124)
(-1, -0.9457696182396418)
(1, 0.2388104304556517)
(-1, -0.42042708737163104)
(-1, -0.141455884904018)
(-1, -0.7013714680071691)
(-1, -0.2218028358062229)
(1, 0.35692167863884383)
(1, 0.6877280633645487)
(0, 0.008601546609536784)
(0, 0.19968796350146892)
(-1, -0.30729620718991985)
(1, 0.9211505048790657)
(0, 0.41871843506972156)
(-1, -0.9526775213194171)
(-1, -0.12667587710253264)
(0, 0.059195028183711446)
(-1, -0.2147764470447733)
(0, -0.20629135091383505)
(0, 0.002904684750895281)
(-1, -0.2266775421273287)
(-1, -0.32484137102530325)
(1, 0.4823498380197033)
(-1, -0.8634866633308218)
(1, 0.35692167863884383)
(-1, -0.9959114387311269)
(0, 0.07857060965443055)
(-1, -0.7622659651476232)
(0, -0.17025355941788306)
(-1, -0.6830768511292789)
(-1, -0.88473151087045)
(0, 0.04673993787663469)
(0, 0.18071385033715961)
(-1, -0.8777616839183846)
(-1, -0.07873443145456)
(0, 0.06827417373984743)
(1, 0.35692167863884383)
(-1, -0.9722426015720281)
(-1, -0.23033859805081253)
(0, -0.1142705775955519)
(0, 0.16694073380260238)
(1, 0.36148594933165146)
(-1, -0.31557617446466235)
(-1, -0.19042641525404136)
(-1, -0.5074569571687291)
(-1, -0.2322635953230801)
(-1, -0.16263051455826785)
(-1, -0.39285554854476856)
(-1, -0.5529347503717814)
(-1, -0.248995909107602)
(-1, -0.9884819599810456)
(0, 0.032825701602843205)
(1, 0.33906986299426234)
(-1, -0.41115089387341525)
(-1, -0.15793392116472726)
(-1, -0.7135869742489718)
(-1, -0.9559182736105287)
(0, -0.04745981145312343)
(-1, -0.5016703464618372)
(1, 0.8494162377326197)
(-1, -0.4570445185393329)
(-1, -0.370478884046178)
(-1, -0.920951714702516)
(1, 0.971061270020519)
(0, 0.00017055535770915675)
(-1, -0.1390909075429051)
(-1, -0.9354659024311892)
(0, -0.13916327350149313)
(-1, -0.8619157306940409)
(1, 0.4449138554358213)
(0, -0.322351928918292)
(-1, -0.5117696058410934)
(-1, -0.9410302462284562)
(-1, -0.007347302330353467)
(-1, -0.27385368055701764)
(-1, -0.9729705616590367)
(-1, -0.8393519757812029)
(-1, -0.5681489033393335)
(-1, -0.6554678594123924)
(1, 0.9533640087324248)
(-1, -0.7462946875125441)
(0, -0.17538883501818428)
(0, -0.034195940548012296)
(-1, -0.8284506827349747)
(-1, -0.4178365771461504)
(1, 0.5962509988555456)
(-1, -0.7427419413599233)
(0, -0.0803141323769768)
(-1, -0.4368956327794859)
(1, 0.7502561118896731)
(0, -0.24128431397391922)
(-1, -0.002476175585781837)
(1, 0.03632503170212792)
(0, 0.08392229989800684)
(-1, -0.6928141963951094)
(0, -0.0467720316092662)
(0, 0.045773996995274624)
(-1, -0.8087641811608122)
(0, -0.061483327588642916)
(0, -0.11373569368290269)
(1, 0.7489351834835465)
(0, 0.2700308046239513)
(0, -0.160294742002507)
(-1, -0.9648052317734085)
(0, -0.31999371537003074)
(0, -0.06758381609926388)
(1, 0.640077933527721)
(0, 0.022125808616416498)
(0, 0.21207626123273868)
(1, 0.8402539181155536)
(-1, -0.4000674638314824)
(1, 0.8545549031727353)
(1, 0.9413650523726113)
(1, 0.405121825670853)
(0, -0.26467771297184384)
(1, 0.8701362497012916)
(-1, -0.1698843446474282)
(-1, -0.3723780665294734)
(1, 0.7704259653940058)
(-1, -0.9603380716958974)
(-1, -0.8146078817378279)
(0, -0.014264368682331913)
(1, 0.35692167863884383)
(0, -0.3590429482357525)
(0, -0.2555744859308915)
(-1, -0.7083235808445718)
(-1, -0.9821842296699445)
(-1, -0.5267992497655422)
(0, -0.29075816002886856)
(-1, -0.5912419512398139)
(1, 0.9512712247315331)
(1, 0.17343863038133217)
(0, -0.10413668375805289)
(-1, -0.8552143243476181)
(0, -0.033549191730236384)
(0, 0.0861293447243151)
(-1, -0.36964333651006076)
(0, -0.009998015709849442)
(-1, -0.05730149865479811)
(1, 0.2105573281100132)
(-1, -0.8354106502333338)
(0, -0.09116676049730955)
(0, -0.30719383747161155)
(0, 0.07665482069542134)
(-1, -0.3587643780540095)
(1, 0.35692167863884383)
(0, -0.05182238841787118)
(0, -0.21670512187561847)
(-1, -0.49334992322786275)
(1, 0.4614524665211448)
(0, -0.012909507066139247)
(0, -0.06585873389963134)
(0, 0.026691901589767145)
(-1, -0.12754053337599136)
(0, -0.20867132203872632)
(0, 0.08657545887198362)
(0, -0.19331325560393836)
(0, 0.2568136493387791)
(0, -0.20867132203872632)
(-1, -0.09719312412422765)
(0, 0.15765164127906314)
(1, 0.13957397509414188)
(0, 0.1797912514500482)
(0, -0.20867132203872632)
(-1, -0.6274020017164187)
(0, -0.01814071095303016)
(0, -0.20867132203872632)
(1, 0.6293354899017122)
(0, -0.01712776488748978)
(0, -0.20867132203872632)
(0, 0.3267728614500569)
(0, -0.01814071095303016)
(1, 0.9986344899914656)
(0, 0.16309995606972816)
(0, -0.20867132203872632)
(-1, -0.2673366529962109)
(0, -0.01814071095303016)
(0, -0.2634522338106765)
(1, 0.8781713740865239)
(0, -0.03372628324692112)
(1, 0.35692167863884383)
(1, 0.7545662929966344)
(1, 0.7899123721987082)
(1, 0.7899123721987082)
(0, 0.009078374173768219)
(0, 0.23973073159352853)
