(1, 0.9460405058478227)
(0, -0.26684752644426857)
(0, -0.1015659990273516)
(-1, -0.4715442129996629)
(0, 0.1435961127474023)
(0, 0.05262435023147927)
(0, 0.010150595843789157)
(-1, -0.31382618790667494)
(1, 0.2074989455324459)
(-1, -0.5062841921689696)
(-1, -0.7510740834336452)
(-1, -0.44947989653311904)
(1, 0.6417413350923146)
(0, -0.23514712421688552)
(1, 0.5093681505616198)
(1, 0.5892794574858964)
(0, -0.24150697996412113)
(0, 0.2830477657809138)
(0, -0.019300175643334166)
(-1, -0.5199346999521891)
(-1, -0.2580576594205012)
(0, -0.040151430150596384)
(1, 0.14720487057006848)
(-1, -0.5314101022425262)
(0, -0.03802450102464097)
(0, -0.03244639389231713)
(1, 0.6553254976293491)
(0, 0.1661780228487932)
(1, 0.5886086502765415)
(-1, -0.79322148110233)
(1, 0.23601416188688634)
(-1, -0.5550962925480489)
(1, 0.7207688611510636)
(-1, -0.2637883418739391)
(1, 0.927455637005542)
(-1, -0.026978162819756513)
(0, -0.03392861595387295)
(1, 0.07841662651273473)
(-1, -0.2792291858999656)
(-1, -0.8078864835259701)
(-1, -0.837940242277168)
(-1, -0.6661042867598198)
(0, 0.09698127407769319)
(1, 0.12853316751847682)
(1, 0.4090673050282708)
(0, -0.22929730814062668)
(-1, -0.20008857573953798)
(-1, -0.7619103940830981)
(0, -0.14880109569463376)
(-1, -0.8420733909708599)
(-1, -0.4523016341358038)
(1, 0.798690160027014)
(1, 0.6166479705902836)
(-1, -0.41239042087002376)
(-1, -0.010139847261688928)
(1, 0.6343519901553885)
(-1, -0.8603930381600342)
(1, 0.6534425560943597)
(-1, -0.8743329685259479)
(-1, -0.9335595895151269)
(1, 0.8895516979792095)
(-1, -0.2993065956516001)
(0, 0.030908208808197973)
(-1, -0.8021411326043703)
(-1, -0.9764178388778892)
(0, -0.18415946916362166)
(1, 0.7921901020093735)
(1, 0.1427953875417854)
(1, 0.03514079207689347)
(1, 0.309284664478701)
(0, -0.1834242679795718)
(0, -0.17492017337013885)
(1, 0.03654316858207096)
(1, 0.6912123344572737)
(1, 0.4866158839699809)
(1, 0.9736059691133815)
(-1, -0.45077981565958497)
(1, 0.7278503648825246)
(-1, -0.8806611341596924)
(1, 0.6601703366296859)
(0, 0.09242340098858853)
(-1, -0.4156716348922863)
(1, 0.14610322051505426)
(1, 0.8741253047060906)
(1, 0.4532317480439515)
(0, 0.04280930686744101)
(1, 0.9690029538282855)
(1, 0.9888721101020179)
(1, 0.6197206717963512)
(1, 0.8391899116266105)
(0, 0.44207733682221356)
(1, 0.16817381355387895)
(0, 0.009146768242073014)
(-1, -0.6451873515869336)
(-1, -0.06436431612937721)
(1, 0.4354624207939287)
(-1, -0.606336878489333)
(0, -0.13152608960533863)
(-1, -0.6147317931951322)
(1, 0.6417413350923146)
(-1, -0.05640384703523055)
(1, 0.10456186119803951)
(-1, -0.3240260914122798)
(-1, -0.33962992281059984)
(-1, -0.7701853801894039)
(1, 0.23853336695241573)
(-1, -0.7539565942151726)
(0, 0.31341575825044937)
(1, 0.2664179190300342)
(-1, -0.6794663317994593)
(0, -0.06111669445876422)
(1, 0.47169584977102424)
(0, 0.020169383239872246)
(0, 0.1054709403944534)
(0, 0.07265468874162016)
(0, 0.005858622795592329)
(1, 0.7691858002269317)
(1, 0.9859337592936808)
(0, 0.04745249096077432)
(1, 0.7642021206865411)
(-1, -0.9916993264779638)
(1, 0.10616317587462037)
(-1, -0.22570004152702533)
(0, -0.0252614099209715)
(0, 0.0929009684886419)
(1, 0.3659335797932632)
(0, -0.0069322591598999185)
(0, 0.04217524929050695)
(0, 0.07296116694668467)
(0, -0.06762479932387791)
(-1, -0.6221636343706669)
(1, 0.6819081035641356)
(1, 0.1857225966662338)
(-1, -0.6981344102691304)
(0, -0.2230953890195842)
(1, 0.25233477442787855)
(1, 0.8941743691302491)
(-1, -0.1835988834676952)
(1, 0.7439730650992842)
(1, 0.9488908833545284)
(0, 0.4411018270022343)
(0, 0.21572561074872168)
(0, 0.14556872661674317)
(0, 0.35528244755745036)
(1, 0.8563180426562694)
(0, -0.11007417956363547)
(1, 0.5659483305770575)
(0, -0.0017054920071836177)
(1, 0.9635433026439111)
(-1, -0.8856500103653798)
(-1, -0.5313620027618685)
(-1, -0.8362133533442226)
(1, 0.5620254194337675)
(1, 0.7064831095801503)
(1, 0.8655447290268307)
(-1, -0.6163989653285528)
(-1, -0.4797778313499301)
(1, 0.9276717501514803)
(1, 0.9516571172472472)
(1, 0.8582090059585374)
(1, 0.9934261678044543)
(0, 0.20517512830644896)
(1, 0.42337054455225165)
(-1, -0.8124927040532196)
(0, -0.22962827776554448)
(0, -0.14324565538856726)
(0, -0.055749470342991776)
(-1, -0.9118736161405647)
(-1, -0.3291960224787137)
(0, -0.0054781487398043)
(0, -0.049722362308381875)
(1, 0.15833547297796907)
(1, 0.17346705081341743)
(-1, -0.6857454923109717)
(-1, -0.9907005058092474)
(1, 0.6311117605900258)
(-1, -0.3215449460368143)
(-1, -0.4305272159772471)
(0, -0.018925075418212152)
(-1, -0.535010703389849)
(-1, -0.9588852010514033)
(1, 0.7031266266208794)
(-1, -0.48188808678267114)
(1, 0.9220630158042329)
(-1, -0.4590251955075083)
(1, 0.6930335409553375)
(0, -0.3183253255710973)
(0, -0.015479849332418638)
(-1, -0.7802918839017244)
(1, 0.5317851781172164)
(1, 0.3659860265415897)
(-1, -0.4450795341538969)
(-1, -0.6963066283207504)
(1, 0.7217503616080757)
(0, -0.05609003235835791)
(-1, -0.16693626875262818)
(-1, -0.8177275857685412)
(-1, -0.5633384595347437)
(1, 0.7853137698739677)
(1, 0.33760873768307675)
(-1, -0.9376399233092819)
(-1, -0.33918862227467417)
(-1, -0.20532167977916949)
(1, 0.2596998058752406)
(-1, -0.3607964297938981)
(0, -0.26159483036814013)
(1, 0.43810659746373404)
(-1, -0.7027304090936628)
(-1, -0.9810130094931983)
(-1, -0.448276801501022)
(-1, -0.5639422081556168)
(1, 0.9797552792924157)
(-1, -0.4786206566808629)
(-1, -0.9380694987661296)
(-1, -0.8675954544146777)
(1, 0.3904047049254215)
(1, 0.9658989531944066)
(-1, -0.6105161938974607)
(-1, -0.4889354837775017)
(-1, -0.42707829420115306)
(-1, -0.7160097215994348)
(1, 0.45789833307362154)
(0, 0.21207836632062477)
(-1, -0.5012484918348755)
(1, 0.9178346807636315)
(-1, -0.11404216976083137)
(-1, -0.898329907952343)
(-1, -0.5842111013325266)
(-1, -0.5868405834352073)
(-1, -0.8884651730300562)
(0, -0.20867132203872632)
(-1, -0.9978640994819004)
(0, -0.040151430150596384)
(-1, -0.9101209496483365)
(-1, -0.4075843456375067)
(0, 0.04997799064552602)
(-1, -0.47200722929204886)
(1, 0.6746191855635403)
(0, 0.0511142823249012)
(1, 0.9786634988328902)
(1, 0.9657098191344218)
(1, 0.38394890556002703)
(-1, -0.3398481448386021)
(-1, -0.02791909282545446)
(1, 0.5007361247637865)
(1, 0.9285450778870058)
(1, 0.9070537788936752)
(0, -0.001518223165753868)
(1, 0.9484845587941342)
(0, 0.07868752369111459)
(1, 0.1537094714296131)
(1, 0.3930192954130046)
(1, 0.9553006335967237)
(1, 0.8830977008633863)
(-1, -0.918186724353097)
(0, -0.022720479681971356)
(1, 0.6101226116408606)
(-1, -0.15651967635567987)
(0, 0.20390876249880807)
(1, 0.9206548982884107)
(-1, -0.7202640962516961)
(1, 0.6510877912972876)
(1, 0.9289279075929401)
(1, 0.365218927741606)
(1, 0.9295809715995212)
(0, 0.033530144190327835)
(-1, -0.3574849465464989)
(0, -0.05950963425460942)
(0, -0.17471495876827287)
(1, 0.5052562745123872)
(1, 0.8409724655666577)
(-1, -0.20996038953299107)
(-1, -0.9357746939832489)
(-1, -0.8147423888506266)
(-1, -0.4908898464781617)
(1, 0.15696713602543266)
(0, 0.2791735333488705)
(1, 0.6798068231134838)
(1, 0.9771028460625731)
(1, 0.7773039751479622)
(1, 0.5376491942326305)
(-1, -0.233305170076473)
(0, -0.07043385619431823)
(1, 0.7942623186040366)
(1, 0.6656350658393577)
(0, -0.14525608728972)
(1, 0.6787051063711773)
(-1, -0.7325654347779705)
(1, 0.3650749682533027)
(1, 0.5521390183982586)
(1, 0.931507009385372)
(1, 0.18993514107074344)
(1, 0.6632365656178725)
(1, 0.629335247711901)
(1, 0.584777056284312)
(0, 0.3032828443442788)
(1, 0.9099164467201052)
(1, 0.40494657558082175)
(1, 0.4996639008575134)
(0, -0.13435220784331808)
(-1, -0.4705586093270504)
(1, 0.28978775311713934)
(1, 0.8381462909416079)
(-1, -0.134440350420798)
(-1, -0.9626951068992123)
(-1, -0.7759888031711064)
(0, 0.285611938225804)
(-1, -0.11711000487330381)
(-1, -0.9588515099215661)
(-1, -0.8616362775386993)
(-1, -0.6020680374843277)
(1, 0.358669974729641)
(1, 0.9459140700630736)
(-1, -0.6850104153500495)
(-1, -0.5710134760322058)
(-1, -0.8776301275586286)
(-1, -0.7710528849712648)
(-1, -0.8137827878565085)
(-1, -0.8928699951339981)
(0, -0.05130217222063044)
(-1, -0.4760312571845504)
(0, 0.11839194829105748)
(-1, -0.6726551583342812)
(-1, -0.08555180144988767)
(-1, -0.8340918931161879)
(-1, -0.8001643487436271)
(-1, -0.8520729912385228)
(-1, -0.42070559571267185)
(0, 0.31246369355184395)
(-1, -0.7468873707944078)
(-1, -0.2775697124547289)
(0, -0.1737137397731976)
(-1, -0.5103240651115858)
(-1, -0.23791575937647821)
(1, 0.8637974399224919)
(0, 0.19729692019182632)
(-1, -0.5521402325705345)
(0, -0.045405154734107)
(0, -0.18564387096075705)
(-1, -0.6195478492841422)
(-1, -0.868537506323966)
(1, 0.6599346709253666)
(1, 0.552258954893226)
(0, -0.053485762673530626)
(0, 0.3088728776041179)
(0, 0.20975751789441063)
(1, 0.4663230687691679)
(0, -0.1678172357132337)
(0, 0.07799386715649234)
(0, 0.005626035248593697)
(1, 0.6980858907629676)
(1, 0.9950767791966573)
(0, -0.017823489771247092)
(1, 0.3686376525874162)
(1, 0.43822917664403516)
(-1, -0.8749117895791786)
(0, 0.019682746431205433)
(1, 0.7132776389218687)
(0, 0.3622939488969967)
(0, 0.2899312845209487)
(0, 0.1427953884261785)
(-1, -0.051976415604520654)
(-1, -0.9710268451206664)
(0, -0.17089584022997217)
(-1, -0.31033854777917136)
(0, 0.005415224617734304)
(1, 0.4514353961787887)
(1, 0.7341305929519912)
(1, 0.03353079245306467)
(-1, -0.8116546153687408)
(0, 0.1332748148890042)
(-1, -0.86239215832224)
(1, 0.3204150867952511)
(0, 0.06788558783887597)
(1, 0.5615508290738731)
(-1, -0.439267453112404)
(1, 0.5031249972481178)
(1, 0.9974435176871577)
(-1, -0.7991272684536025)
(1, 0.9733429507649859)
(1, 0.6071529018850249)
(1, 0.9960628314602523)
(1, 0.14391455400420633)
(1, 0.5213149676787197)
(-1, -0.8613451639670955)
(-1, -0.992461887165866)
(1, 0.5696624532205218)
(-1, -0.1338125774492)
(-1, -0.6319086683387477)
(0, -0.29575460048080193)
(1, 0.07684253135048408)
(1, 0.7738487330854581)
(0, 0.2346706761906928)
(1, 0.7501219475776935)
(1, 0.9947815060007872)
(-1, -0.9906654993845511)
(-1, -0.757145615131565)
(-1, -0.34934222910948476)
(-1, -0.7178654597658585)
(-1, -0.9605678142667661)
(0, -0.047506820494123574)
(0, 0.012136296182466394)
(0, 0.04713482615987484)
(0, 0.014517784404080109)
(-1, -0.6446560417293858)
(1, 0.29035835850630953)
(1, 0.8696519501498212)
(1, 0.9221189829902484)
(1, 0.5861412932695642)
(1, 0.1354909874008688)
(1, 0.8145879527184476)
(0, 0.2116017184504277)
(0, -0.05724174000990305)
(-1, -0.7826037444716651)
(1, 0.9668879775436824)
(0, -0.1078091270625024)
(1, 0.604115596905622)
(1, 0.7700546476952805)
(1, 0.19248658368077282)
(1, 0.9819962370660128)
(0, 0.11105747640587314)
(0, -0.2876642453859197)
(1, 0.9785888268988384)
(0, 0.3409451724376094)
(-1, -0.9978412567859646)
(1, 0.14448562963835798)
(0, -0.03535676022098605)
(-1, -0.19436916468329724)
(0, -0.029589828914406258)
(0, -0.0646913161890244)
(1, 0.25570428650443516)
(1, 0.574391523276747)
(1, 0.7996724000274406)
(1, 0.8535748600948246)
(0, 0.11698000217151627)
(-1, -0.22323464771807067)
(0, 0.35707611947353435)
(1, 0.8339158966938951)
(-1, -0.9071307875457606)
(-1, -0.8561358269258603)
(-1, -0.024483787725027406)
(-1, -0.9289459495984026)
(-1, -0.0641831911100319)
(-1, -0.5196602747984119)
(-1, -0.8120161892105653)
(-1, -0.46913850233896603)
(0, -0.24799953090436513)
(0, -0.026447999832559743)
(0, -0.20867132203872632)
(0, -0.06244932951826468)
(-1, -0.9912001378009133)
(-1, -0.7458881391217315)
(0, 0.19002276931833628)
(0, -0.09678025676236497)
(-1, -0.9881786613971095)
(0, 0.0633855986629483)
(1, 0.26261772070630696)
(0, 0.33279290554555513)
(1, 0.704715599861607)
(1, 0.07776797096750582)
(1, 0.5294833406190902)
(1, 0.9962691099860352)
(1, 0.4216500467615626)
(-1, -0.9659706915138253)
(1, 0.032960664432073794)
(1, 0.5652413896600095)
(-1, -0.7422478887087173)
(-1, -0.3859934019974769)
(-1, -0.16058328072810674)
(0, 0.16674683294830991)
(0, -0.13961780282000813)
(-1, -0.9177889144356653)
(0, -0.020030703693204283)
(0, 0.20240174162656333)
(0, -0.01814071095303016)
(-1, -0.6490673869335317)
(0, -0.01814071095303016)
(1, 0.9427468270982211)
(0, -0.01814071095303016)
(0, -0.1209184655766615)
(0, 0.09604389197706961)
(0, 0.24298691779091827)
(0, -0.03372628324692112)
(0, 0.06694706600479833)
(0, 0.00702322099701691)
(0, -0.16973726273499434)
(1, 0.2973422577290109)
(0, 0.21326842402969642)
(-1, -0.9056996513976052)
(0, -0.17324389823609052)
(0, 0.012962479628623704)
(0, 0.1898942688890145)
(0, -0.22006430639905794)
(0, -0.20867132203872632)
(0, -0.2438944774735852)
(0, -0.01814071095303016)
(0, 0.09952497446268652)
(0, -0.08975492007743419)
(1, 0.9374734482375683)
(0, -0.01814071095303016)
(-1, -0.49303071419661637)
(0, -0.20867132203872632)
(1, 0.5839926541797226)
(0, -0.20867132203872632)
(1, 0.759867498848747)
(0, -0.01814071095303016)
(-1, -0.8137169234445731)
(0, -9.613967477670182e-05)
(0, -0.01814071095303016)
(-1, -0.05224377207489106)
(0, -0.01814071095303016)
(0, -0.20867132203872632)
(1, 0.3966232691837493)
(0, -0.20081249446384453)
(0, 0.12207965142941084)
(0, -0.01814071095303016)
(0, 0.07864842554136295)
(0, 0.1453636398153621)
(0, -0.03372628324692112)
(0, -0.20867132203872632)
(0, 0.3861679471269527)
(0, -0.01814071095303016)
(0, -0.20867132203872632)
(0, 0.21966588655145197)
(0, -0.01814071095303016)
(0, 0.0482491022447584)
(0, -0.05400370062628271)
(-1, -0.5613825289513303)
(0, -0.1734532620115922)
(1, 0.18430602591559198)
(1, 0.6859947149143194)
(0, -0.03372628324692112)
(1, 0.6523817552512543)
(0, 0.11729193197541313)
(0, -0.03372628324692112)
(1, 0.3131983786346098)
(0, -0.012909507066139247)
(0, -0.21553863337716958)
(1, 0.8044397161083723)
(0, -0.01814071095303016)
(1, 0.9821978696837002)
(0, -0.06585873389963134)
(-1, -0.5179620728824198)
(0, 0.1598592160903123)
(0, -0.03151542415959788)
(0, -0.08013147798476528)
(0, 0.1094977381905437)
(0, -0.06765460210613114)
(-1, -0.09199725387694618)
(-1, -0.5222373445918322)
(0, -0.1698960407884077)
(-1, -0.40689525432881934)
(-1, -0.9966587665430133)
(0, -0.01814071095303016)
(0, -0.20867132203872632)
(1, 0.2332793969196658)
(0, -0.01814071095303016)
(0, -0.20867132203872632)
(1, 0.27533513305257734)
(0, -0.01814071095303016)
(0, -0.20867132203872632)
(0, -0.10061649658010588)
(0, 0.09180385046596437)
(0, 0.3606463064584909)
(0, -0.20867132203872632)
(1, 0.818650586895177)
(0, -0.01814071095303016)
(0, -0.25870966043838417)
(0, -0.01814071095303016)
(0, -0.06765460210613114)
(1, 0.8710138829188353)
(0, 0.0893795657501037)
(0, -0.06765460210613114)
(0, -0.06484279504484405)
(-1, -0.29001582278085036)
(0, -0.06765460210613114)
(-1, -0.06527767668758455)
(-1, -0.2754620251765483)
(0, -0.20867132203872632)
(1, 0.20845338327514296)
(0, -0.01814071095303016)
(0, 0.2324687207249253)
(0, -0.03372628324692112)
(1, 0.4796407740701655)
(0, -0.20867132203872632)
(-1, -0.6226818060558957)
(0, -0.01814071095303016)
(0, 0.01863330038191538)
(0, 0.1898942688890145)
(1, 0.1524633967632958)
(0, -0.20867132203872632)
(0, 0.026900213187081547)
(0, -0.046353823258384524)
(0, -0.09616358962460579)
(-1, -0.4411035878209738)
(0, 0.1355033099225742)
(0, -0.20867132203872632)
(0, 0.3597936088821547)
(0, -0.01814071095303016)
(-1, -0.7893575005320705)
(0, -0.011677414395471937)
(0, 0.10263794749401278)
(0, -0.20867132203872632)
(-1, -0.09719312412422765)
(0, -0.06765460210613114)
(1, 0.5045818567912608)
(0, 0.014254697959306117)
(1, 0.3062877867677156)
(0, -0.01814071095303016)
(-1, -0.8859613113103678)
(0, -0.012909507066139247)
(0, 0.03288150376385299)
(0, -0.01814071095303016)
(0, -0.0015629769690104212)
(0, -0.01814071095303016)
(0, -0.25248291303356274)
(-1, -0.37359707631295813)
(-1, -0.7535629590597321)
(1, 0.9216223421862674)
(0, -0.01814071095303016)
(0, -0.1326467804490956)
(0, 0.015064999792589712)
(0, 0.02156018292715256)
(0, 0.2721163048155271)
(0, -0.20867132203872632)
(0, 0.14743326715944752)
(0, -0.01814071095303016)
(0, -0.20233905232906682)
(-1, -0.3136825957203119)
(0, -0.01814071095303016)
(1, 0.8006698455166661)
(0, -0.01814071095303016)
(0, 0.17178679142215747)
(0, -0.012909507066139247)
(0, 0.1797912514500482)
(0, 0.09876903296411521)
(1, 0.8410735594354308)
(0, -0.20867132203872632)
(-1, -0.40404401549402064)
(1, 0.1936193750680391)
(-1, -0.3698318162655963)
(0, -0.0003569122143158715)
(0, 0.2502263420141299)
(0, -0.2503393807472106)
(0, 0.10726845015200498)
(-1, -0.5658935178299923)
(0, -0.20867132203872632)
(0, 0.041531174297937595)
(0, -0.01814071095303016)
(0, -0.06765460210613114)
(-1, -0.49538881189372197)
(0, 0.2721163048155271)
(0, 0.17971892653292568)
(1, 0.7966235086434745)
(0, -0.01814071095303016)
(0, -0.08536633159390297)
(0, -0.1610911286477203)
(-1, -0.2848265194644557)
(1, 0.4790778915799492)
(0, -0.01814071095303016)
(0, 0.05067131018171078)
(0, -0.20867132203872632)
(1, 0.6924595128078788)
(0, -0.01814071095303016)
(0, 0.12666500045732546)
(0, -0.01814071095303016)
(0, -0.06765460210613114)
(0, 0.010363986390589969)
(0, 0.20914962982946045)
(0, -0.01814071095303016)
(-1, -0.8470488490445693)
(0, -0.01814071095303016)
(-1, -0.9237563153466051)
(0, 0.2721163048155271)
(0, -0.20867132203872632)
(0, 0.11254209537760551)
(0, -0.01814071095303016)
(1, 0.4793779769447667)
(0, -0.3223166247337188)
(0, -0.20867132203872632)
(-1, -0.39424712842498827)
(0, -0.08871694699827265)
(0, -0.22049404062567818)
(0, -0.20867132203872632)
(0, -0.1758543168437273)
(0, -0.01814071095303016)
(-1, -0.48458300519583086)
(1, 0.6080700045442253)
(1, 0.36300488396948805)
(0, 0.09041092957921526)
(0, 0.38823594672168477)
(0, -0.020030703693204283)
(0, -0.14324565538856726)
(1, 0.41660377330613263)
(0, -0.01814071095303016)
(-1, -0.9902370712160499)
(0, -0.08719408716104972)
(-1, -0.5790341543594145)
(1, 0.995264515991833)
(1, 0.9035931950727464)
(-1, -0.8924461748649222)
(-1, -0.6907609614438843)
(-1, -0.3544347483162773)
(-1, -0.44947989653311904)
(1, 0.6220908650251332)
(1, 0.03388759697259547)
(0, 0.06990349559497286)
(-1, -0.4280322266377012)
(-1, -0.7701853801894039)
(1, 0.23853336695241573)
(1, 0.7712117340095717)
(1, 0.7607941593511833)
(1, 0.9206268311920341)
(1, 0.08398537550997143)
(-1, -0.946763476149466)
(0, -0.004622009886046358)
(0, -0.18284934263987096)
(-1, -0.7930680651998152)
(0, 0.2836356104987913)
(1, 0.4405523377442263)
(-1, -0.9784563045588636)
(0, -0.3097172394873707)
(-1, -0.4542281796910228)
(1, 0.5383204185999878)
(0, -0.15330280212856487)
(0, 0.3600101077385615)
(-1, -0.5965706177687775)
(0, 1.0387190186967907e-05)
(1, 0.980228247621343)
(-1, -0.8761733326721015)
(1, 0.7324428695566096)
(-1, -0.8977099887089056)
(0, -0.3097172394873707)
(-1, -0.20226971572866165)
(1, 0.774123198088092)
(-1, -0.3460702844525701)
(1, 0.4917656094252454)
(1, 0.15826478574027025)
(0, 0.07991287706076222)
(0, -0.03829095954451822)
(0, 0.005689037764880037)
(1, 0.9998302473552543)
(1, 0.8758682843777347)
(1, 0.9952399724793085)
(-1, -0.43519378624481)
(1, 0.8011224952485917)
(0, -0.3097172394873707)
(1, 0.6637290228527097)
(1, 0.6237726849446287)
(-1, -0.556525636573278)
(1, 0.5128435700717064)
(0, 0.0004468584565590863)
