(0, 0.12149059222169714)
(0, 0.033359955631034)
(0, -0.2577033559812517)
(0, -0.24150697996412113)
(-1, -0.5060911430277877)
(0, -0.3372628702860714)
(0, -0.10584390040117103)
(0, -0.026215063920681264)
(0, 0.13108404994925288)
(1, 0.7929400072827467)
(0, 0.017678291585815076)
(-1, -0.6723950748820078)
(-1, -0.9014844170965486)
(1, 0.6847455449486212)
(0, 0.12149059222169714)
(-1, -0.6704369158059258)
(1, 0.365893325676979)
(-1, -0.2394526040188878)
(1, 0.13471633460235313)
(0, -0.10642076120735602)
(1, 0.8860219035175833)
(-1, -0.5201236080469867)
(-1, -0.1344443735223732)
(1, 0.4723996176117724)
(-1, -0.6772994734295357)
(-1, -0.4674135701099817)
(-1, -0.0070356450694818995)
(-1, -0.3578660135299129)
(0, -0.14375088653206464)
(0, -0.06765460210613114)
(0, -0.06765460210613114)
(0, 0.11837676934581998)
(-1, -0.882472946709533)
(-1, -0.9578076113198021)
(1, 0.08726112069640696)
(1, 0.06387830944247724)
(-1, -0.6414911882118771)
(-1, -0.8847623725095296)
(1, 0.4602586816773671)
(0, -0.06765460210613114)
(0, -0.12022611707224971)
(0, -0.06765460210613114)
(0, 0.12149059222169714)
(-1, -0.9899681502835808)
(-1, -0.7054859981531391)
(-1, -0.46905039413535804)
(1, 0.37289346583765415)
(0, 0.0370554525025949)
(0, 0.0370554525025949)
(1, 0.3140657655924188)
(0, 0.02253697320175066)
(-1, -0.9864781028157039)
(-1, -0.8820233788167385)
(-1, -0.9737129617769767)
(0, -0.36209736978920565)
(1, 0.7086567349191829)
(0, -0.20853077135200754)
(0, -0.12201382637219411)
(1, 0.9140196821668717)
(-1, -0.8867453723776972)
(0, -0.09592625256588802)
(0, -0.06765460210613114)
(0, -0.24219596300150364)
(1, 0.36790409307844063)
(0, -0.12608230572087756)
(0, 0.2035119948643418)
(0, -0.06765460210613114)
(0, -0.06765460210613114)
(1, 0.23159995665288213)
(1, 0.9503659045793107)
(0, -0.32021575305025296)
(1, 0.23933865516667335)
(0, 0.00572658196236299)
