(1, 0.5221178634229682)
(0, 0.07217129293110613)
(-1, -0.3983917148565823)
(-1, -0.08527696745034968)
(0, 0.17960177060912108)
(1, 0.9574261654025792)
(1, 0.25561969319275263)
(1, 0.057640331138258005)
(1, 0.2524115023069354)
(1, 0.630249182180833)
(-1, -0.9868595240532796)
(-1, -0.09213173154540788)
(-1, -0.5455982365715374)
(0, -0.18130331875364689)
(-1, -0.8957279901234733)
(-1, -0.3238290224105354)
(-1, -0.8375588949728706)
(-1, -0.8102549788947342)
(-1, -0.9712839375682933)
(0, -0.04433296936860209)
(0, -0.36256762606667287)
(0, 0.07548666498560436)
(-1, -0.9293602417516215)
(-1, -0.6376106371121487)
(-1, -0.9889653409447607)
(-1, -0.9634364805461175)
(1, 0.08126562807418758)
(-1, -0.9210722256096302)
