(1, 0.3241074812345254)
(1, 0.8400615748810409)
(0, -0.23082827226791885)
(0, 0.03541529835154537)
(0, 0.04137134158620842)
(0, -0.15647382089602124)
(0, 0.10612801822577128)
(-1, -0.36048600851431617)
(0, -0.24150697996412113)
(0, -0.0620269024816648)
(-1, -0.8265544175237021)
(0, -0.13282616871695024)
(0, -0.06627314269062504)
(-1, -0.3413725938979044)
(-1, -0.4256323875971648)
(-1, -0.037917216162919154)
(-1, -0.28918286442310337)
(0, -0.01567514323462496)
(0, -0.15711760103955852)
(0, -0.2588594239979092)
(0, -0.17198996533406669)
(1, 0.17341039247910497)
(1, 0.15743263117070405)
(-1, -0.20992605847119666)
(0, -0.17381418483619615)
(0, -0.05291615001378008)
(0, 0.11684816028773211)
(-1, -0.14469319785105805)
(-1, -0.8265544175237021)
(1, 0.0983138615479427)
(0, -0.003581866412238094)
(-1, -0.8265544175237021)
(1, 0.0983138615479427)
(0, -0.06765460210613114)
(-1, -0.8265544175237021)
(1, 0.0983138615479427)
(0, -0.046904104788143275)
(-1, -0.8265544175237021)
(1, 0.0983138615479427)
(-1, -0.01711412227377057)
(-1, -0.8265544175237021)
(1, 0.04770375878381128)
(-1, -0.9401809400084798)
(-1, -0.022743961914494737)
(1, 0.07348717491482448)
(1, 0.22078340871553692)
(0, -0.0669079698622315)
(-1, -0.9416234886399876)
(1, 0.9845885642078677)
(-1, -0.9362746908472145)
(0, -0.2168326230945813)
(1, 0.5398829651456968)
(1, 0.9058933166907827)
(0, 0.14416210842979846)
(0, -0.12654913041313326)
(1, 0.26498382883864136)
(1, 0.9999358916504189)
(1, 0.07287356554472157)
(-1, -0.304623890942053)
(-1, -0.7489356697485492)
(-1, -0.6567406064052471)
(0, -0.06038225672543143)
(1, 0.34793029668917075)
(-1, -0.5264813571591845)
(-1, -0.2789416027448648)
(1, 0.06328509168344398)
(0, -0.15690659376108768)
(1, 0.13221974692593058)
(0, 0.16588771008673442)
(1, 0.7833198735766058)
(-1, -0.660898410348339)
(1, 0.3043660726549038)
(0, -0.16044319621503386)
(0, -0.24150697996412113)
(-1, -0.859114311806266)
(0, -0.22797824320227697)
(1, 0.19011690197291864)
(1, 0.2971025480000506)
(-1, -0.5676958737741262)
(-1, -0.8128808922718993)
(0, -0.25771071833522347)
(-1, -0.8448099991841688)
(-1, -0.8447226855050363)
(1, 0.8652406472412554)
(-1, -0.9997382562670523)
(0, -0.0788828635170634)
(-1, -0.36063206513115886)
(0, 0.1817285280359764)
(0, -0.0620269024816648)
(0, 0.011217550813613988)
(-1, -0.5662272457618208)
(1, 0.958206442226349)
(1, 0.8220241241921339)
(1, 0.014481591169724639)
(0, -0.12257701362835545)
(1, 0.987335404773183)
(1, 0.32300441577171113)
(-1, -0.2754800914940589)
(-1, -0.026500744989373493)
(-1, -0.9850310340595727)
(-1, -0.31019922605081496)
(-1, -0.9459417595149554)
(1, 0.5701288841601074)
(-1, -0.0035186735500820077)
(-1, -0.6868930252901702)
(-1, -0.8295986536560118)
(0, -0.40303096510465064)
(-1, -0.9847847917049657)
(1, 0.29182782501037213)
(-1, -0.8683521419493756)
(0, 0.06806479403185944)
(0, -0.17447417054238795)
(1, 0.8555686180292034)
(1, 0.7388752950221841)
(1, 0.9997365383047399)
(1, 0.8147662297975743)
(-1, -0.39617057245196374)
(-1, -0.8806176948674048)
(-1, -0.9309141215929673)
(-1, -0.9796623448886739)
(1, 0.1213559632514905)
(-1, -0.5241419098379565)
(-1, -0.9908915820115582)
(0, -0.15013051682872963)
(-1, -0.909929396435261)
(0, -0.13282616871695024)
(0, -0.09443098355203766)
(1, 0.6913712931622924)
(1, 0.2428065509963972)
(1, 0.48749546737078553)
(-1, -0.14881331932191727)
(-1, -0.9897768049961104)
(0, 0.07602007645710004)
(-1, -0.9854207432362497)
(-1, -0.1567004265145625)
(0, 0.040712981582913796)
(0, -0.2554684457393151)
(-1, -0.822815093051593)
(0, -0.23223398269542136)
(0, -0.10636192928714558)
(0, -0.11064755524525771)
(-1, -0.8665477279161604)
(-1, -0.25181822788434466)
(0, 0.20985378901912338)
(-1, -0.9942140568004733)
(-1, -0.9470356851272147)
(-1, -0.625614676021206)
(1, 0.924651400006658)
(0, -0.11109208970549117)
(1, 0.5489388146473553)
(-1, -0.43519254696507415)
(-1, -0.8185639569543833)
(1, 0.3171939575495161)
(1, 0.3130163072361044)
(-1, -0.8310261078330914)
(-1, -0.2824692622408066)
(0, -0.2333651272396039)
(1, 0.8141206395491315)
(0, 0.022216409984951044)
(-1, -0.6223578566710142)
(0, -0.06627314269062504)
(1, 0.713055907464178)
(1, 0.9219432521278632)
(-1, -0.9787673401667846)
(-1, -0.8930725020081346)
(1, 0.5997687720470672)
(-1, -0.5106460512537176)
(-1, -0.1192410294343631)
(-1, -0.8929124378118842)
(-1, -0.9173479793632601)
(1, 0.35698222877606167)
(1, 0.019285390263047875)
(-1, -0.48214343317983743)
(0, -0.136719683662958)
(-1, -0.03341064910180569)
(-1, -0.6573444976027081)
(-1, -0.12580690226427527)
(0, -0.31159269945671986)
(-1, -0.9625053144816303)
(-1, -0.9803519502424781)
(1, 0.8319561683608857)
(1, 0.20004775215306564)
(-1, -0.9371631346993217)
(1, 0.4808125299284016)
(-1, -0.41439467284962295)
(1, 0.7112557856399386)
(-1, -0.9302154428213636)
(1, 0.7324986236634374)
(-1, -0.3413725938979044)
(-1, -0.956924059841848)
(-1, -0.41108758065503304)
(-1, -0.8141190128875051)
(1, 0.5478128666570776)
(1, 0.0697176468423158)
(-1, -0.5763446769067162)
(0, 0.016478120324102508)
(-1, -0.9766794402874509)
(0, 0.06815927703336289)
(-1, -0.8889201322941565)
(-1, -0.810795104780039)
(-1, -0.863937564625775)
(-1, -0.4256323875971648)
(-1, -0.8028903495626296)
(-1, -0.19008252282208343)
(1, 0.6709635753933736)
(-1, -0.7983918954365189)
(0, -0.1264290175296581)
(0, -0.14492875602188837)
(0, -0.1888992979233535)
(1, 0.934114724943572)
(-1, -0.22513829606927893)
(0, -0.01968786337586864)
(-1, -0.8044685208956526)
(0, -0.09834180293100135)
(0, 0.011771230865544133)
(-1, -0.37071467054488205)
(0, -0.26210597761414334)
(-1, -0.4274104832390333)
(-1, -0.10330345205229158)
(0, 0.061727079134418744)
(0, -0.15194402225092835)
(1, 0.27264119438839113)
(-1, -0.5213340948955671)
(1, 0.6102222144506472)
(0, 0.0767929437339849)
(1, 0.359144409734551)
(1, 0.5709002537557264)
(-1, -0.43792322178216386)
(0, 0.10778032642164534)
(-1, -0.16560933745200945)
(-1, -0.08099209924029455)
(-1, -0.7933237117337066)
(1, 0.9385644118655609)
(1, 0.2956873303316485)
(0, -0.08024508993842033)
(-1, -0.037917216162919154)
(-1, -0.9449532368426641)
(-1, -0.9454025225174548)
(-1, -0.8051144177574615)
(-1, -0.11577274234430063)
(-1, -0.23707293097339271)
(0, -0.215054268434681)
(-1, -0.5631702760683186)
(1, 0.5676682769873413)
(-1, -0.08316682039484508)
(-1, -0.28918286442310337)
(-1, -0.7281281725206867)
(-1, -0.6675938426059107)
(-1, -0.8493352106808397)
(1, 0.5133682754854011)
(-1, -0.2523950943244194)
(-1, -0.40286199877842577)
(0, -0.057198015475282624)
(-1, -0.9739571659985474)
(0, -0.01567514323462496)
(-1, -0.8723400120280212)
(-1, -0.7634179098173715)
(1, 0.32443053077213746)
(-1, -0.2055343562516423)
(-1, -0.17145199884411666)
(-1, -0.30989838044708934)
(1, 0.6349558148623247)
(-1, -0.9242171187503998)
(-1, -0.48051549724189546)
(0, -0.15711760103955852)
(-1, -0.9658380370431484)
(-1, -0.7571025022683167)
(-1, -0.8156007268342276)
(0, -0.2588594239979092)
(-1, -0.0701511800509243)
(0, -0.06072198379365199)
(-1, -0.9022693896891747)
(-1, -0.840139244287874)
(-1, -0.9745283343158739)
(-1, -0.6566291262402875)
(0, -0.0902867664696739)
(0, -0.06334333150310308)
(0, -0.17198996533406669)
(-1, -0.42454906909590356)
(-1, -0.3104864141372293)
(-1, -0.35424182372811897)
(1, 0.17341039247910497)
(-1, -0.5336080209863996)
(1, 0.64778006983928)
(-1, -0.8784383475031384)
(1, 0.15743263117070405)
(1, 0.3110756659018117)
(1, 0.9925148677378933)
(1, 0.9356445147181456)
(-1, -0.35740489382531554)
(-1, -0.20992605847119666)
(-1, -0.6504932098010557)
(0, 0.18600766180426495)
(1, 0.4682974442660277)
(-1, -0.8259099006049063)
(-1, -0.9991681813706945)
(0, -0.17381418483619615)
(-1, -0.9446013910008191)
(0, -0.31660783639618695)
(0, -0.05291615001378008)
(1, 0.06737778939856742)
(0, 0.18925656512480338)
(1, 0.7899721061117593)
(-1, -0.992274571089616)
(0, 0.11684816028773211)
(-1, -0.14469319785105805)
(1, 0.4711171265581302)
(0, 0.007432752747618759)
(1, 0.31333647411023546)
(-1, -0.6699563194958822)
(0, 0.08753825000193341)
(0, 0.22652271512426556)
(-1, -0.4996269112217111)
(-1, -0.01976078080401361)
(0, -0.20544759117761702)
(-1, -0.23409834831824355)
(-1, -0.5558923087600687)
(-1, -0.34622492090064166)
(-1, -0.34274507772812907)
(0, -0.08313501677143101)
(0, 0.017828988363413602)
(0, 0.22951121487483253)
(-1, -0.49623902463518454)
(-1, -0.8121344788932096)
(0, -0.1213390679531404)
(1, 0.11616635215342408)
(-1, -0.37399106502620627)
(-1, -0.7941837434329585)
(1, 0.15463317751564126)
(0, -0.4217718858401788)
(0, -0.11480470867498122)
(0, -0.12941045997481115)
(1, 0.0866134023562129)
(-1, -0.7453525224558382)
(-1, -0.4015709372856646)
(1, 0.2104971776165103)
(0, 0.038258426151473034)
(1, 0.9939317699983077)
(1, 0.9683565682261982)
(0, -0.06523628027278308)
(0, -0.2256151121495796)
(1, 0.6633915956284179)
(-1, -0.5105882802856349)
(0, 0.030142369531061863)
(0, 0.006396689442318221)
(1, 0.337936040114995)
(-1, -0.8879431020366608)
(-1, -0.7473590254226194)
(1, 0.5589055743933381)
(-1, -0.6919259168977565)
(-1, -0.8928896886110014)
(-1, -0.8221203206262722)
(-1, -0.4772193180837553)
(-1, -0.05597919201715795)
(-1, -0.972901066624673)
(0, -0.2499561786361755)
(1, 0.7750626290096193)
(-1, -0.5429931325374177)
(-1, -0.6872362567174101)
(1, 0.24419167905459557)
(-1, -0.9464449328889835)
(1, 0.0983138615479427)
(1, 0.5859156100397642)
(-1, -0.1290817202820132)
(-1, -0.9137163013616737)
(1, 0.4806774183408056)
(0, 0.3393792054346697)
(-1, -0.7142840628032088)
(-1, -0.3687819611776847)
(0, 0.26521575876648257)
(0, 0.05239121041028599)
(0, -0.003581866412238094)
(1, 0.7033599315929241)
(1, 0.2560664243444909)
(1, 0.954427119589445)
(1, 0.991835451412762)
(1, 0.4068298730146021)
(0, -0.12113509667215804)
(1, 0.8610947932218271)
(1, 0.9252135505455945)
(-1, -0.24206988689650355)
(1, 0.07749710166968343)
(-1, -0.9090790544985)
(1, 0.35723868918583956)
(-1, -0.6925803956092782)
(0, -0.22532138821202102)
(0, -0.0030356288818785444)
(-1, -0.6512218000249261)
(-1, -0.19411851173120315)
(-1, -0.6632497558423458)
(1, 0.17557584654139363)
(1, 0.596723585566681)
(1, 0.12098814320408352)
(1, 0.803792940746102)
(1, 0.9930523231606803)
(-1, -0.7375324111856313)
(0, 0.07730552624088538)
(-1, -0.9874315214087104)
(-1, -0.5323804741230838)
(-1, -0.4395500072856737)
(1, 0.0983138615479427)
(1, 0.6074009106346161)
(0, 0.3614485655120566)
(-1, -0.45203892693554504)
(-1, -0.26129057279146145)
(-1, -0.22285605209869347)
(0, -0.06621252456862822)
(-1, -0.5360326799662104)
(0, -0.06765460210613114)
(-1, -0.48220440230136147)
(1, 0.9988596672184792)
(-1, -0.017090452636634446)
(-1, -0.07514572998962227)
(-1, -0.7665821817520341)
(-1, -0.6341299103957208)
(1, 0.21866825826632214)
(1, 0.3991395494401497)
(1, 0.003948611868819174)
(-1, -0.6310863871737773)
(0, -0.10922548810585506)
(-1, -0.6634383917731541)
(1, 0.13906533595720355)
(-1, -0.6763341451156692)
(-1, -0.6474737505981127)
(1, 0.279078730191895)
(-1, -0.7195871643633222)
(-1, -0.3581931100238512)
(-1, -0.32318731709597853)
(0, -0.0423048861911277)
(0, 0.32009964002951846)
(-1, -0.6293174353363485)
(-1, -0.4420887264201505)
(-1, -0.8067792135745899)
(-1, -0.061288937273402455)
(0, -0.17719592777367218)
(0, 0.12118551114748848)
(0, 0.0022542273177157263)
(0, -0.13289494013782052)
(0, -0.044087847324307886)
(0, 0.13259887780149016)
(1, 0.1702958876664724)
(0, 0.07263418445526598)
(1, 0.2812527240830371)
(1, 0.18154077200200602)
(-1, -0.8871129539347975)
(-1, -0.7458140719828928)
(1, 0.5653815683625552)
(0, -0.13124836619351432)
(1, 0.7487347381122804)
(-1, -0.7615847898570911)
(0, -0.014085704426611001)
(1, 0.8348527260896873)
(1, 0.0983138615479427)
(-1, -0.6659547186149679)
(0, -0.2550802521435612)
(-1, -0.7755831522546294)
(-1, -0.7825276015259042)
(0, -0.20280536384531944)
(-1, -0.870733927841237)
(-1, -0.251331870385036)
(-1, -0.47177362701114073)
(-1, -0.10008083354838321)
(1, 0.11245907314305481)
(0, -0.16306410356319168)
(0, 0.045749061911775954)
(1, 0.94399760481606)
(-1, -0.22340475343264607)
(0, 0.02168418292990626)
(0, -0.046904104788143275)
(0, 0.013108333256207489)
(0, 0.013225252772206663)
(0, 0.2540401638158193)
(-1, -0.45119104928260173)
(0, -0.32384763412749673)
(0, -0.2911095819220666)
(0, 0.03172490612271363)
(0, -0.19125470375106088)
(0, -0.016764483531717583)
(0, -0.05195404173823083)
(0, -0.08143730756673881)
(0, -0.31005316150458345)
(0, -0.11285934311554344)
(-1, -0.39551881696191415)
(0, -0.3056421462408098)
(-1, -0.4301812552328333)
(1, 0.5438893114291015)
(0, -0.002847442248272658)
(0, -0.1603227150336387)
(0, 0.035504111173127975)
(0, -0.0256997445852361)
(0, -0.020200232853933714)
(-1, -0.7051382800730094)
(-1, -0.27239638036044056)
(1, 0.11966497926977382)
(1, 0.48734729411706157)
(-1, -0.979808091381331)
(-1, -0.9119149056337147)
(-1, -0.8753159290077396)
(-1, -0.7907774909942867)
(-1, -0.27123278846898846)
(-1, -0.49462069247300844)
(-1, -0.7356266111042035)
(-1, -0.9707553482928077)
(1, 0.51883783371771)
(-1, -0.8034127381302487)
(1, 0.12023218445154749)
(-1, -0.7962873707018162)
(0, -0.2999666938716715)
(-1, -0.4920755704162059)
(-1, -0.3988567939327019)
(-1, -0.9063956386607752)
(-1, -0.8224366357667355)
(-1, -0.954960226814842)
(-1, -0.7912341882181253)
(-1, -0.9986952642851628)
(0, -0.061426492142171246)
(1, 0.9220429130027619)
(-1, -0.8477417972728625)
(-1, -0.5335586539850986)
(1, 0.0983138615479427)
(-1, -0.910496284028231)
(-1, -0.6033830255008434)
(-1, -0.6984291198351381)
(-1, -0.01711412227377057)
(1, 0.6317669514398316)
(0, 0.014008214368887828)
(1, 0.6861143641822247)
(0, -0.017809709063432697)
(0, 0.012038663023997403)
(-1, -0.11087813520052797)
(0, 0.10258875363221373)
(-1, -0.8155572760110903)
(0, -0.3345347756151596)
(1, 0.5719016087989077)
(0, -0.20604049491228354)
(0, -0.11203888380211441)
(0, -0.10082843980538624)
(1, 0.8552500633360117)
(0, 0.21195101592702842)
(-1, -0.45544567081622156)
(0, 0.17948421697193132)
(0, 0.2905965132980718)
(0, -0.030990849514977332)
(-1, -0.5428478245719658)
(-1, -0.24478083715858995)
(0, 0.08470074597028418)
(-1, -0.42990241217693476)
(-1, -0.7041280148330984)
(1, 0.1736534632414159)
(-1, -0.7833863878963236)
(1, 0.6550798963163553)
(0, -0.10561418135072313)
(0, -0.08313606452136721)
(1, 0.6882528377624118)
(0, 0.08626862235944406)
(0, 0.10782972191818417)
(0, 0.2822532614250731)
(0, 0.241943404850172)
(1, 0.8033766556772084)
(-1, -0.5634212695634744)
(1, 0.487303751887453)
(-1, -0.9141141763554911)
(0, -0.12856622742745638)
(0, 0.005102735837764855)
(0, -0.05410916463126311)
(1, 0.9687157244329313)
(1, 0.059969960849794945)
(-1, -0.4683235619594438)
(1, 0.011948865656428442)
(1, 0.8253948858335503)
(1, 0.9769600864600044)
(-1, -0.7463409018330501)
(-1, -0.5023523507235096)
(-1, -0.30416827917557515)
(-1, -0.9761998809262634)
(-1, -0.9435902927902716)
(-1, -0.5697954935076636)
(-1, -0.5198032879004612)
(-1, -0.686571428873901)
(0, -0.21163143175475627)
(-1, -0.1037015933483792)
(-1, -0.672267026832725)
(-1, -0.9528500622133538)
(0, -0.4562321278648485)
(-1, -0.3384014227960721)
(0, 0.0872320563114404)
(0, -0.2591175485372432)
(-1, -0.7405118775610705)
(-1, -0.12403574485404845)
(-1, -0.29636655132356804)
(-1, -0.13821337976966602)
(-1, -0.1980889333206884)
(0, -0.11763368985328963)
(1, 0.915934258712221)
(1, 0.12290800846947486)
(1, 0.0983138615479427)
(-1, -0.3198006684622556)
(1, 0.9530363461948741)
(-1, -0.9678401920969106)
(-1, -0.7815746530527566)
(-1, -0.8326289415145729)
(-1, -0.9128406127976019)
(1, 0.6918350962389548)
(0, 0.010558296794591054)
(0, -0.06298482266612129)
(-1, -0.08812612675917453)
(-1, -0.5651312370909503)
(1, 0.800419331117386)
(1, 0.267465373379073)
(0, -0.20221402356769727)
(1, 0.8448229931180226)
(-1, -0.49473266917917835)
(-1, -0.3920808727690235)
(-1, -0.9026412850813145)
(1, 0.343459315455598)
(-1, -0.7409624242753576)
(0, -0.04693641099869522)
(0, -0.007379653284793397)
(-1, -0.43525237146303214)
(1, 0.5730581361838456)
(-1, -0.2606266756729956)
(1, 0.06358479826136815)
(-1, -0.4530926944581224)
(1, 0.13296765058567123)
(1, 0.29648098532835315)
(0, 0.18724166079867235)
(0, -0.35501579629387314)
(1, 0.200084168813217)
(-1, -0.9409994747137118)
(-1, -0.7483530217158381)
(-1, -0.9750388742876046)
(-1, -0.6975208591484843)
(1, 0.582541941300127)
(-1, -0.11297883174325934)
(-1, -0.8439445318655565)
(-1, -0.4304660513489403)
(0, 0.28977485902989675)
(-1, -0.7484805323793281)
(-1, -0.3045048227669127)
(1, 0.646524018437374)
(-1, -0.8671801267213917)
(0, 0.0005484335742150515)
(-1, -0.2401368776701081)
(-1, -0.210019213443159)
(-1, -0.3048713350466252)
(0, 0.07193092068692562)
(1, 0.07417494170944977)
(-1, -0.6189687343758513)
(1, 0.8578928448843122)
(-1, -0.34734517375420054)
(-1, -0.976372810299904)
(-1, -0.7501386929525764)
(-1, -0.3628476383473562)
(-1, -0.4385621890001847)
(1, 0.5758757741004712)
(-1, -0.9980146456042172)
(0, -0.30824390821850334)
(-1, -0.02786121038381395)
(1, 0.04742407400659904)
(-1, -0.028295546858776555)
(-1, -0.4465123740889553)
(-1, -0.7597010057100729)
(0, 0.18646398852140167)
(1, 0.5422237330030399)
(1, 0.33229427043085774)
(-1, -0.2887125373134942)
(1, 0.13221974692593058)
(1, 0.2867225115620755)
(1, 0.4407090060737248)
(1, 0.3043660726549038)
(-1, -0.016623354301030624)
(0, -0.11261267838325498)
(-1, -0.9171661278851644)
(0, -0.010595821207360669)
(-1, -0.20420507162992202)
(0, -0.005965720635924973)
(-1, -0.49166859966648363)
(0, 0.09069081207799046)
(0, 0.14567157033329697)
(-1, -0.7218438882901962)
(0, 0.025164247888293273)
(-1, -0.40352241122427207)
(0, 0.1342533598805522)
(-1, -0.6073018790682466)
(0, 0.03535301275773317)
(-1, -0.4104682677303968)
(0, 0.06900662383130438)
(1, 0.08150937803949965)
(0, -0.38442515267958344)
